                   x                    y                0.001 3.49013381046467e-09 1.58610622841189e-06 1.55576449374128e-06 5.90751141214854e-13  0.00164637351451617
 0.00113916455785539 1.82693940056226e-09 1.55766243893068e-06 1.04256332060113e-06 5.18583121332299e-13   0.0026305753267144
 0.00129769588987387 3.88608030502047e-09 7.26446025695236e-07 4.49632230829157e-07 1.27464600942477e-12  0.00329225746384808
 0.00147828916461893 2.60980708349276e-09 1.05805657262291e-06 3.80803451286428e-07 3.46335385242715e-13  0.00189601175957808
 0.00168401462259554 9.08158952849439e-10 7.05303192729231e-07 6.04980747727886e-07 2.80638993136088e-13  0.00109565839196164
 0.00191836977297106 1.20147784690901e-09 7.29577254585137e-07 2.84069876769865e-07 1.64236830057071e-12 0.000822321938612642
 0.00218533885422973 1.88779183294109e-09 3.91033626262063e-07 1.71740463310973e-07 6.14876309441567e-13 0.000242518104721718
 0.00248946056964282 1.50321078275768e-09 2.25315688734626e-07  2.3340778530169e-07 3.48040682705091e-13 0.000608226833846643
  0.0028359052491156 5.98820804291661e-10 2.84787641980201e-07 1.31124679199931e-07 1.27764039607668e-12 0.000326408062798931
 0.00323056274922856 3.82774230046104e-10 1.75385860021959e-07 1.12560332085662e-07 4.68430415720388e-13 0.000135780006886389
 0.00368014258584905   5.814100958656e-10 1.07958225460084e-07 9.89337050574706e-08 2.97847419596353e-13 0.000317136631216505
 0.00419228800165354 6.15317258167261e-10 9.52784993248088e-08 5.69830429156247e-08 3.00614816791583e-13  0.00023547098556946
 0.00477570590780612 5.33375857776284e-10 1.71049351793273e-07 4.80746461579918e-08 3.14651368689215e-13 0.000159596197215025
 0.00544031490891334  4.3847778361525e-10 5.66153453783985e-08 3.02355884557136e-08 5.58000018567988e-13 2.11506805223556e-05
 0.00619741392780637 2.32294739764086e-10  6.2419488026853e-08 4.84190012599751e-08 2.95859777872857e-13   0.0001624154408994
 0.00705987429691639 1.12496533609473e-10 4.49288110651222e-08 2.66809525380303e-08 1.13799858105338e-12 5.93003300620051e-05
 0.00804235858196141 1.33886876416153e-10 2.19867827514262e-08 1.86605112017404e-08  4.1134196231838e-13 8.39825098311741e-05
 0.00916156985813459 9.26629465815426e-11 2.38054027882765e-08 2.02393001647814e-08  2.7511570217626e-13 4.02553112933056e-05
  0.0104365356767032 6.62946157643283e-11 3.36859902396392e-08  1.8843369059777e-08 1.47921969563205e-12 2.79002877122576e-05
  0.0118889315496936 3.62156626919199e-11 1.56940993861538e-08 7.66567891146732e-09 7.42002063673505e-13 3.52112209788959e-05
  0.0135434494521797 2.58445649851553e-11  1.4252117080686e-08 9.24354509353041e-09 4.18725271488774e-13 3.28700113008425e-05
  0.0154282176070292  2.5789215315969e-11 1.34771303991387e-08 3.89676279985944e-09 1.79699870108847e-12 1.10121399229301e-05
  0.0175752786888082 1.45102849370585e-11 7.88306320470868e-09 6.56510014706162e-09  4.6606373010412e-13 1.22505621668378e-05
  0.0200211345767215 1.34587273417276e-11 7.96919958526529e-09 4.02248673946932e-09 5.12223774435205e-13 1.34169912778871e-05
  0.0228073669178543 2.57226410755627e-11 3.92389579735791e-09 2.79444235856044e-09 4.42007022080468e-13 4.63313279296975e-06
  0.0259813440508231 1.53745345341117e-11 3.34500811945083e-09 1.44443315996528e-09  5.0924583299765e-13 7.42299317960439e-06
  0.0295970263081448 1.79194180683069e-11 3.48156396568545e-09 1.28974822365458e-09 6.07737708747098e-13 8.93704760861955e-06
  0.0337158833881522 7.64516921401322e-12 1.88716125277953e-09 1.35328377036625e-09 3.92383891259933e-13 4.34097164150341e-06
  0.0384079393925684 5.11095986143744e-12  1.1551538571479e-09 7.51033378057476e-10 1.21368347747791e-12  1.9195871122431e-06
  0.0437529632962718 3.07144559933784e-12 8.90032977964735e-10  6.8139202881835e-10 3.45507242090421e-13 1.34799488090704e-06
  0.0498418250882607 4.98642916669133e-12 1.27124140893986e-09 6.80322485276069e-10 1.59212290332142e-12 2.05149921772211e-06
  0.0567780406393743 3.82779168859128e-12  6.9988934246955e-10 2.95882676375072e-10 5.33555598348898e-13 1.09254245571955e-06
  0.0646795315608484  2.5551364040079e-12 1.13445134393674e-09 3.19840221800843e-10 1.55737561270445e-13 1.01480011849429e-06
  0.0736806299728077  2.2039568576624e-12 5.23908879227233e-10 2.46360538168858e-10 2.25361796032831e-13 1.15287885224586e-06
  0.0839343622654803 7.63845499615506e-13 2.40715046302905e-10 1.70105931647659e-10 3.59809677439012e-13 7.62548246697395e-07
  0.0956150506790302 6.49495637318445e-13 1.79840907723522e-10 1.53992571738074e-10 5.26184618870799e-13 9.47122196301146e-07
   0.108921276931098 1.75933212244965e-12 1.38664680071772e-10  7.0537539224343e-11 2.29194029370475e-13 5.32231877347593e-07
   0.124079258276259 1.57918096520366e-13 1.63419349477784e-10 9.12498456706957e-11 3.23941564439116e-13 3.24691284300724e-07
     0.1413466933933 3.13459276712912e-13 1.28943629287399e-10 4.92803668192096e-11 2.84086171184786e-13 1.18395843994789e-07
     0.1610171434837 2.34037554425883e-13 1.04516501945273e-10 4.24210530878596e-11 5.17312256473599e-13  1.5979303801075e-07
   0.183425023063748 3.70982809332366e-13 2.89727556242023e-11 4.16187101746738e-11 4.36532372633298e-13 9.88390069222348e-08
    0.20895128529803 1.29030579206905e-13 6.95283089513091e-11 3.06302875593913e-11 3.73464838384971e-13 9.04984608560574e-08
   0.238029898529846 1.64719775384478e-13 3.40554073458817e-11 2.57408335912059e-11 1.61079578640079e-12 1.31782027921011e-07
   0.271155224115116 1.03779212620695e-13 3.82223780376837e-11 1.93833717862127e-11 4.02515748365905e-13 2.64088776836802e-08
   0.308890420989276 1.66685043887274e-13 4.67129826913608e-11 3.28795796735647e-11 5.11498015244272e-13 4.36200331050149e-08
   0.351877019852015 8.45338687281922e-14 7.32345047069052e-11  7.5344814712163e-11 1.42230349761017e-12 6.47517860191439e-08
   0.400845829739193 4.14327353002873e-14 3.91284058697142e-11  7.0586452990985e-11 8.01310447892052e-13  1.2211502528463e-07
   0.456629362403026  4.0513516053048e-14 2.14710152706133e-11    1.96754404201e-11 3.06052488915121e-13 2.68636370837497e-08
   0.520175985725633 3.32562248870288e-14 5.65758657060235e-11 1.42402706668463e-11 8.39812322360479e-13 1.37326248347969e-08
   0.592566046786134 2.68059986523952e-14 1.32793248175025e-11 5.14575027606156e-12 6.29373982020802e-13 1.14607005653153e-08
   0.675030238687243  1.8058709013864e-14 6.23410976500433e-12 3.47106795562862e-12 3.23615426099674e-13  8.9065553309043e-09
   0.768970523393174  9.5102438064521e-15 5.52046553392522e-12 1.94665148896109e-12 5.28063044582075e-13 6.39756908358462e-09
   0.875983966285014 2.09369533449956e-14 2.74376828999287e-12 2.37777348033076e-12 2.69775241767557e-13 7.18254018070227e-09
   0.997889887641482 2.25829357907032e-14 1.96733920073296e-12 1.13182567241944e-12 6.06534658903592e-13 3.97172911331926e-09
    1.13676079264348  1.4153914215508e-14 2.11217021148417e-12 1.83510980872178e-12 9.30393383151235e-13 3.65276360611661e-09
    1.29495760573905   4.656185785443e-15   9.995083542407e-13 8.00791547193684e-13 7.89471696646916e-13 3.93944388228969e-09
     1.4751698083832 2.76476772143324e-15 1.30949854546381e-12 5.99150895466469e-13 5.07866501273296e-13 2.02891237700866e-09
    1.68046116252848 1.63850096278316e-15  1.0056551599987e-12 5.10676594565661e-13 3.23189493485069e-13 1.57024409103457e-09
    1.91432179720491 2.93126135014373e-15  6.1024936200156e-13 8.60085873841816e-13 3.47680270795843e-13 8.78161904495724e-10
    2.18072754370587 2.31788707262144e-15 6.99566295968467e-13 3.51892593211855e-13   4.943690780372e-13 1.26037509998576e-09
    2.48420752812878 1.77311705608673e-15 8.72095798822504e-13 4.41256459760736e-13 5.04438136501578e-13 5.14230591816263e-10
    2.82992117040185 1.05209424799337e-15 3.53526818338184e-13 4.28142070120457e-13 3.85443065965566e-13 6.62304036518732e-10
    3.22374589884644 1.52906455768233e-15 3.54894397020333e-13 2.82041343019063e-13 4.15037778897057e-13 5.58356020265794e-10
    3.67237707149754 9.12145081304398e-16 1.31546052558397e-12 9.98323344588463e-13 4.31974264999097e-13 3.41990560905357e-09
    4.18344180293078 1.55916413973504e-15  2.5909640316401e-12 1.42670177605934e-12 9.19241263117323e-13 2.58427089435105e-09
    4.76562863174941 9.11802328957628e-16  8.3691120316545e-13 9.28403462210062e-13 5.55678932928473e-13 8.65035356579881e-09
    5.42883523318981 6.89771238886904e-16 4.20792077989727e-12  3.0516796243469e-12 2.70421995042883e-12 1.92161557727617e-09
    6.18433668808646 2.40563962932432e-15 1.93157875479526e-12 9.83801420886662e-13  1.1659970393196e-12 2.44607741246005e-08
    7.04497716891289 1.38606345330296e-15 2.12260162016313e-12 1.41336205982068e-12 1.47821228804042e-12 2.16552564864493e-08
    8.02538830172598 1.01083558863254e-15 2.13635059195148e-12  1.1467557019645e-12 3.84244889737885e-12 3.17330922865977e-09
    9.14223791635351 1.70325429397133e-15 2.22933541286379e-12 1.18552058439239e-12  4.1640885283301e-12 1.85744582696964e-09
    10.4145134137916 1.44973698728307e-15 4.03366282310908e-12 9.06973288799509e-12 5.63424146231986e-12 2.43158605371514e-08
     11.863844568301 9.57698345882627e-16 8.15604819996084e-12  1.0352462806425e-11 7.44005179258186e-12 7.40957721089204e-09
    13.5148712521137 8.61865839126137e-16 1.19647036632799e-11 6.12774876379513e-12 1.54966546867979e-11 1.89142351926062e-08
    15.3956623343867  8.5935034888901e-16 4.55572686857729e-13 6.02171212894574e-13 9.88872205576124e-12 1.76605773173034e-09
    17.5381928760426 1.28004143461105e-15 1.24448141970861e-12 1.77515855024287e-12 5.72792441312392e-12 1.03842089281651e-08
    19.9788877332196 9.23246843261615e-16 3.27315738592099e-12 1.81713031577138e-12 1.28833451136345e-11 1.19896303624669e-08
    22.7592408110556 8.87063747925737e-16 2.36303151870629e-13 2.55819695496861e-13 3.28213593761978e-12 1.91485258376316e-09
    25.9265204956506 6.97309701461663e-16 4.71316939517189e-13 4.69155145033459e-13 1.81844410618767e-12  1.5496794954758e-09
    29.5345732571566 9.99290675691419e-16 1.20244039548025e-13 7.54601121166644e-14 2.98826865490937e-12 4.47740635473397e-09
    33.6447390859365 1.10623999800758e-15  2.5311112204144e-13 6.46999811381677e-13 9.83034394316859e-12 9.25757618635762e-10
    38.3268943249909 8.79701631973605e-16 6.53883409279985e-13 5.55548746296095e-13 1.22416791463299e-12 3.71376224657637e-09
    43.6606396276985  1.0207954832884e-15 9.22477547131454e-14  2.7820442176585e-13 7.54704757768938e-12 1.37501941081211e-09
    49.7366532371709 1.20285469715227e-15 7.14596038079355e-14 1.56352777484381e-13 4.60819622118985e-12 6.91153520373668e-10
    56.6582325941287 8.41651890183154e-16 1.13330476373606e-13 1.63740474000989e-13 6.07169652509803e-12 1.33993046299948e-09
    64.5430504819586 1.01718043753196e-15 6.50932204362869e-14 1.56394165938673e-13 2.25078060602537e-11 1.95725234832407e-10
    73.5251555649188 9.98150264284575e-16 2.12204476338495e-13 2.64986966031421e-13 7.29464875258648e-11 1.28939375163844e-09
    83.7572513303596 1.25758212988568e-15 5.73166419125398e-14 1.06244771177485e-13 1.77343836553158e-11 5.64814022331564e-10
     95.413292178932 1.03336651677401e-15  1.5513647529569e-13 3.95277026928986e-14 6.68921221851267e-11 1.47873855804531e-09
     108.69144079854 6.73098819678782e-16 1.95182015118112e-13 5.47721902215809e-14 9.28955934229535e-11 3.30076898179524e-10
    123.817437099935  1.2229694196405e-15 1.85505703878402e-13 2.22435707051888e-13 3.99466565443667e-10 1.83168131502261e-09
    141.048435988735 8.04150689125418e-16 1.29083759324582e-13 4.87150433427521e-14 8.64272719758321e-10  1.3719231206865e-09
    160.677379219302  6.9400911527098e-16 5.40867611194692e-14 6.02638744327046e-14  0.00020314311680354 0.000710020606906271
    183.037975655719 1.09284274703747e-15 3.91798797736793e-14 3.09127942294115e-14    0.146670363589206     1.54936955373316
    208.510374608594  1.2215284097755e-15 3.83102334672733e-14 9.95532714816793e-14     1.31465113676933    0.544608866760825
    237.527628699261 8.93498091957097e-16 2.15402612010205e-14 5.22008943404455e-14    0.498784549058819     1.14489290304668
    270.583056125634 4.11580234189737e-16 2.35809290780279e-13   1.295931387491e-13    0.618158716492213     1.22808910218304
    308.238627494519 9.68856513374055e-16 5.20283736141607e-14 5.52351441435877e-14    0.418951502168468    0.357711671714055
    351.134519803746  1.0789968297134e-15 5.94107561555276e-14 1.78215209135559e-13     1.48648056723502    0.487168287821126
                 400 4.42436984248695e-16  3.9011161543589e-14 5.17926686132409e-14     1.66246747036523    0.457716228664799
