                   x                    y                0.001 1.11334710757042e-10 5.72428266700352e-09 9.53936880229094e-09 7.34938169250726e-16 6.84142021061128e-11
 0.00113916455785539 1.33784270190188e-10 1.17522096255755e-08 4.95264958369907e-09 1.22952041371985e-15 5.13106576110802e-11
 0.00129769588987387 1.29412741995978e-10 6.67590516025255e-09 2.61911469833039e-09 1.24496427146618e-15  6.0299811268049e-11
 0.00147828916461893 9.59921984884496e-11 4.26264487467397e-09 3.42025029519694e-09 9.12596689313267e-16 1.02621300346328e-10
 0.00168401462259554  1.3414700289131e-10 2.14825764507106e-09 2.56420576329951e-09 5.71668371091711e-16 4.74371940285336e-11
 0.00191836977297106 6.36469867830134e-11  2.8937859459028e-09 1.09277983404485e-09 1.46429079447758e-15 4.27588782558735e-11
 0.00218533885422973 2.63605037077568e-11 1.92516048028955e-09  1.5300516145762e-09 1.53394662499956e-15 5.49582693114747e-11
 0.00248946056964282 5.45238380317164e-11 1.24712478828578e-09 8.14869706125962e-10 1.53590096537341e-15 3.42071040888224e-11
  0.0028359052491156 3.58480368095389e-11 8.87645358387971e-10 6.89263281208567e-10 8.87020545779083e-16   1.710357102899e-11
 0.00323056274922856 1.77994296155315e-11  9.6933691919762e-10 4.49936370499652e-10 1.26234630055266e-15  3.4803912789073e-11
 0.00368014258584905  7.3353239733661e-12 1.15479277050882e-09 4.48279608007832e-10 1.84603028078018e-15 2.56553238310221e-11
 0.00419228800165354 1.06035117277605e-11 4.36966120835279e-10 2.49482591488413e-10 1.15741367643292e-15 3.22301836275152e-11
 0.00477570590780612 6.78991448926406e-12 2.85614170939133e-10 2.39757067381942e-10 1.94114034094079e-15 1.85991578657308e-11
 0.00544031490891334 6.73599947236708e-12 3.23324960737567e-10 2.48338407814071e-10  1.9825948711245e-15 1.71036048983112e-11
 0.00619741392780637 5.59892060279924e-12 2.33740719242405e-10 1.87526104321363e-10 2.64918318095736e-15 1.71038110517997e-11
 0.00705987429691639  4.1245562518785e-12 3.38102026357924e-10 1.13360619384556e-10 2.34174973098706e-15 2.09810901129432e-11
 0.00804235858196141 1.63421558885065e-12 1.75113586436902e-10  1.0384017152216e-10 3.96312424692323e-15  7.7377811308201e-12
 0.00916156985813459 2.08120768064441e-12 3.42855919524798e-10 8.89180403340548e-11 1.92515930403932e-15 1.60606418386471e-11
  0.0104365356767032 1.74065900362053e-12 1.99938863222095e-10 1.10106783708983e-10 2.04463439315022e-15 6.96181779874122e-12
  0.0118889315496936 4.31378499992034e-12 1.34866256955758e-10  1.1688313562279e-10 3.03531928364512e-15 1.43314159542392e-11
  0.0135434494521798 1.04289413668077e-12 1.17250531853108e-10 6.06896391983148e-11  3.3819514362887e-15 1.83708216974282e-11
  0.0154282176070292  8.6010974507271e-13 2.00871046539075e-10  6.7719323514353e-11 5.98261258213326e-15 1.81548611280646e-11
  0.0175752786888082 9.55497184481963e-13 1.11770617009701e-10 5.68640258549587e-11 1.86608363028398e-15 1.02773156245236e-11
  0.0200211345767215  7.3768244991115e-13 6.77844363897497e-11 3.86813010298748e-11  7.0118777841059e-15 1.31459405316145e-11
  0.0228073669178543  2.3869549518878e-13 8.06660750228999e-11 4.85253169903824e-11 2.38723654259796e-15 5.94009225698511e-12
  0.0259813440508231 3.56133189414663e-13  8.2572590536069e-11 3.44545102907799e-11 4.13807354861202e-15  5.0343580153156e-12
  0.0295970263081448 1.48304082874468e-13 3.62644433807593e-11 2.82025050556903e-11 6.61075124345936e-15 9.65538990168016e-12
  0.0337158833881522 2.08261786031353e-13 6.02524144965756e-11 4.06760318168614e-11 1.99179908050499e-15  4.8526178560661e-12
  0.0384079393925684 1.62253590450429e-13 2.79031769708122e-11 3.28867828945033e-11 8.21762965237987e-15 1.43792849386737e-11
  0.0437529632962718 1.57178513693548e-13  3.1507917779385e-11 2.17613680594903e-11 5.84136649792954e-15 1.13130553975032e-11
  0.0498418250882607 8.23264538667153e-14 3.78382961989027e-11  2.7039882848109e-11 1.04463324806313e-14  2.3455622082336e-11
  0.0567780406393743 1.11106657966037e-13 4.15014805829078e-11 2.66318287393205e-11  1.9049452913113e-14 2.27169837259019e-11
  0.0646795315608484 5.99492223452551e-14 3.69505305055173e-11 1.41422836798276e-11 1.45709480019043e-14 8.15974432967116e-12
  0.0736806299728077 3.39819330904054e-14 1.71811285479267e-11 2.68799604220262e-11 1.44129015620774e-14 2.32319581915672e-11
  0.0839343622654803 2.08142103649799e-14 4.19182622674759e-11 1.73712733906174e-11 1.87511388465682e-14 1.00289772357778e-11
  0.0956150506790302 1.95675202804508e-14  1.7542916857915e-11 1.51715923106003e-11 4.52792647129117e-14 1.62444029122713e-11
   0.108921276931098 2.17173871939086e-14 5.59406016807922e-11 1.93283725377226e-11 4.80349300450016e-14 1.92095521820093e-11
   0.124079258276259 1.47101473231014e-14  4.4410903731915e-11  3.1513614954612e-11 6.84573587736433e-14 3.45612633822111e-11
     0.1413466933933 2.21326743469171e-14 1.29323955295898e-10 9.55873794034426e-11 1.92952753339047e-13 1.61159279333227e-10
     0.1610171434837 2.93267046167543e-14 1.39904128956523e-11 3.50307553251943e-11 6.55383533343793e-14 1.42206257791146e-11
   0.183425023063748 7.64106639136094e-15 3.18447137174178e-11 1.46047579321137e-11 1.05174080642599e-13 6.95640532536086e-11
    0.20895128529803 1.69294633975011e-14 1.44601323010407e-11 6.40626342121594e-12 4.38497728373661e-14 4.00783858582226e-11
   0.238029898529846 3.72527076454607e-15 8.63647964904911e-12 3.19199069111046e-12 1.87352912038387e-14  2.0271445548353e-11
   0.271155224115116 5.39141002580416e-15 4.55529852766559e-12 1.65569367513539e-12 2.41271078139095e-14 5.81066796003364e-12
   0.308890420989276 3.02684031264539e-15 2.33766422749968e-12 1.07839007298514e-12  2.3286937619992e-14 6.11705742549667e-12
   0.351877019852015 2.78981771492878e-15 1.97376102647863e-12 1.00725545275531e-12 5.48364315223558e-15 3.94527960343701e-12
   0.400845829739193 1.75112727080596e-15 1.31821439630833e-12 1.26929877284403e-12 6.05255847673889e-15 4.64098403709318e-12
   0.456629362403026 2.17983130201977e-15 2.13565106947164e-12 6.34769524041776e-13 6.92342952830339e-15 3.73461105092315e-12
   0.520175985725633 2.34386013112369e-15 2.59016364042038e-12 1.74249705417012e-12 1.95357696233634e-14 3.30703104167632e-12
   0.592566046786134 1.70880008621173e-15 1.44070532871879e-12 1.70254363646364e-12   1.224773289152e-14 4.21149290836583e-12
   0.675030238687244 1.68812221100736e-15 9.66523285883076e-13 9.01081513995984e-13 8.86545775423033e-15 2.61910717344491e-11
   0.768970523393174 7.95295136665653e-16 8.95837635503613e-13 7.27693748174007e-13 7.73697280966395e-15 7.46115633480429e-12
   0.875983966285015 1.41975127765295e-15 7.64759914224912e-13 3.88776827661184e-12 3.58845742835523e-14 7.02151414401844e-11
   0.997889887641482 2.26543432904526e-15 1.18046223107284e-12 5.78874959154946e-12 1.11186413560826e-14 3.35422752249332e-11
    1.13676079264348 1.17862172321923e-15 1.55857851649655e-12 8.94569772214342e-13 2.19896425141751e-14 1.07409518785248e-11
    1.29495760573905 7.35153542835054e-16 4.16024057948751e-13 2.91500373782149e-13 8.43895273145789e-15 6.26484847357292e-12
     1.4751698083832 7.06097233709756e-16 2.19083584830326e-13 1.14279975124617e-13 8.99288259277363e-15 1.67727965788011e-12
    1.68046116252848 6.41764758673081e-16   1.599976774897e-13 7.02398740073283e-14 1.28630956688222e-14 3.46675160076828e-12
    1.91432179720491 7.45911905911001e-16 1.79882197961944e-13 6.65829069648845e-14  7.9657384155564e-15 2.85449850231408e-12
    2.18072754370587  6.6129767509857e-16 9.51256692578368e-14 3.93911689369941e-14 3.47642714635883e-15 3.56207981057963e-12
    2.48420752812878 6.45671520493324e-16 1.02934673712684e-13 3.13005840981437e-14 4.94368832837439e-15 1.73987316921088e-12
    2.82992117040185 6.94622582461528e-16 4.57862200940883e-14 2.42672211436372e-14 7.02658102734522e-15 8.56897680850931e-13
    3.22374589884644 6.75635449226702e-16  2.7845010953877e-14 2.80320551593793e-14 4.16545312104737e-15 2.74511304497576e-12
    3.67237707149754 3.43240587278263e-16 2.73752633752567e-14 1.83944217489813e-14 3.84266470798754e-15 5.45518883624839e-13
    4.18344180293078 1.16841772122045e-15 3.85138469215466e-14 3.34206290370443e-14 8.23818617362144e-15 6.26505703140235e-13
    4.76562863174941 7.04473743890005e-16 3.62845069843491e-14 3.82183345943904e-14 3.37396567204066e-14  1.1772877194877e-12
    5.42883523318982  6.8726823106115e-16 5.33668808855315e-14 2.09270505018063e-14 1.14384210277234e-14 7.62615039213449e-13
    6.18433668808646 7.42614521667333e-16 2.79333188163464e-14  1.0088233085888e-14 1.07894296969366e-14 1.07934957454569e-12
    7.04497716891289  9.3908112947578e-16 3.21812772705193e-14 1.74597066962857e-14 1.23219563415588e-14 8.59872797495461e-13
    8.02538830172599  8.5368292300794e-16 2.00081209908606e-14 2.52411096341819e-14 8.34204573386681e-15 9.05856132220891e-13
    9.14223791635352 8.19512330776369e-16 2.04004164308959e-14 1.90722755658034e-14 7.58471352609676e-15 1.08975451366523e-12
    10.4145134137917 1.21905846697925e-15 2.67349751691074e-14 2.01381580432943e-14 2.09941637314731e-14 8.76472282166424e-13
     11.863844568301 9.34384084392212e-16 1.34778011383041e-14 2.47844244023893e-14 1.60619272445665e-14 5.67000707705214e-13
    13.5148712521137 1.26136504584761e-15 3.26448575892218e-14 2.67524265408693e-14 2.90480084431704e-14 1.56631290257952e-12
    15.3956623343867 1.30356339676505e-15 3.76870473603423e-14 1.83057495396215e-14 5.26994293223629e-14 7.11867896977417e-13
    17.5381928760426  1.0547398430152e-15 2.56879094379218e-14 2.77115019781005e-14 4.84947760999894e-14 6.27385286059059e-13
    19.9788877332196 1.51808664199802e-15 3.59039445585162e-14 3.77904692998307e-14 2.68881808330159e-14 1.69913321017637e-12
    22.7592408110556 1.26077821168813e-15 2.77023180823078e-14 4.74442794354996e-14   6.887823530482e-14 2.38138333727916e-12
    25.9265204956506  2.2871186408907e-15 2.17697979686024e-14 2.03069708801813e-14 1.21936214827565e-13 2.59247023659737e-12
    29.5345732571566  1.3742627494313e-15 3.85853329143793e-14 3.55651325841367e-14 6.00400213526694e-14 2.46501479554124e-12
    33.6447390859365 1.55678706764593e-15 5.38355666097151e-14 8.84129604837953e-15 9.75698883310445e-14 7.05184348944029e-12
    38.3268943249909 8.48413558570976e-16 2.55550514540349e-14 5.33882633526962e-14 6.19292251817465e-14 8.63618450674776e-12
    43.6606396276986 1.84616487839161e-15 4.92186197886238e-14  1.7822493598895e-14 1.03372395864802e-13 2.65149463063785e-12
    49.7366532371709 1.08966113853169e-15 4.52380185570969e-14 4.13615234684684e-14 9.47169720286734e-14 3.89062222745861e-12
    56.6582325941288 2.34251050669518e-15 4.65053688492437e-14 5.24164625906014e-14 2.14077390084066e-13 3.07777061351731e-12
    64.5430504819586  6.9779433011343e-16 1.12181220973267e-13  4.4900200083154e-14  4.1870873189982e-13  3.4389950030211e-12
    73.5251555649188 7.54136911053945e-16 2.87580765404847e-14 2.52718071812588e-14 1.23474498990558e-13 3.46549041375754e-12
    83.7572513303597 1.54712393995048e-15 5.82484881544784e-14 2.51130296773572e-14  8.5155636856525e-14 4.11386854889155e-12
    95.4132921789321 7.44331775967796e-16 3.56611306384389e-14 4.07552432904726e-14 2.71085957219766e-13 6.16842349132713e-12
     108.69144079854 1.49834324681445e-15 5.09295695977062e-14 5.36222749000642e-14 1.88269061490823e-13 5.40554137419592e-12
    123.817437099935 1.30900858205561e-15  4.8092179283399e-14 4.51662103063306e-14 2.27087232438113e-13 1.28408029306975e-11
    141.048435988735 7.85913448234055e-16 1.16297092475532e-13 5.72380812764786e-14 0.000113420112709583 0.000317683989681399
    160.677379219302 9.46965094476767e-16 1.67248109196116e-14 1.67941642044937e-14   0.0744869479306506    0.328880394504422
     183.03797565572 1.01264853136305e-15 1.05044593022184e-14 1.54470518232927e-14    0.142362728466596    0.309567620397775
    208.510374608594 1.83222322619627e-15  5.5340282120448e-15  1.3556928605352e-14    0.296064399265052    0.624353878436243
    237.527628699261 1.56247461992177e-15 9.09263221702192e-15 6.59542693519767e-15    0.959897097523322    0.391705755357563
    270.583056125634 2.45485410660216e-15 4.69249840360775e-15 1.26923019200313e-14     1.03460645059164    0.762003630794581
    308.238627494519 8.64042466072972e-16 4.39149048340732e-15 8.63234726462784e-15     0.48845059733774    0.911798138457252
    351.134519803746 2.83786797811088e-15 3.52869343706927e-15 6.66769363745843e-15    0.521868663206891    0.826156949576481
                 400 1.58467168589116e-15 2.54235253845217e-15 2.48028869766736e-15     1.14310349676562    0.371287502385139
