                   x                    y                0.001 3.07359568584091e-10 2.16285717359599e-07 1.48871714553121e-07 6.95910802028249e-16 3.33427802483778e-05
 0.00113916455785539 2.19465950242259e-10 1.11861205373379e-07 8.04556392545784e-08 2.33667286073368e-15 6.81766320343708e-06
 0.00129769588987387 7.68540393504437e-10 1.93843732942213e-07 8.02340841763622e-08 2.81029838536042e-15 1.97075754715656e-05
 0.00147828916461893 2.21410146065672e-10  9.8655325088422e-08 1.14877656295248e-07 2.38852270252466e-15 1.13642438743052e-05
 0.00168401462259554 1.27984935555118e-10 1.36393003320956e-07 5.76678655260949e-08 2.04860532290999e-15 1.03688361498572e-05
 0.00191836977297106 2.18477369738656e-10 4.70892131304378e-08 3.47799904875428e-08  1.4124040987015e-15 1.55353602699816e-05
 0.00218533885422973 2.61428286646389e-10 5.35948239581482e-08 4.88597462199047e-08 9.26471548867413e-16 4.86556147763252e-06
 0.00248946056964282 9.92643409599576e-11 4.24648235060973e-08 2.90747815534084e-08  7.6194796115548e-16 1.30520854596215e-05
  0.0028359052491156 6.22865955392033e-11 2.70412381733231e-08 2.16673711343135e-08  1.3486356412987e-15 2.66965506932203e-06
 0.00323056274922856 4.96264481124138e-11 2.68685717048313e-08 1.15756045632501e-08 2.37983259572298e-15 1.93803077827436e-06
 0.00368014258584905 4.51591338435792e-11 1.61601864673007e-08 7.20918072738758e-09 1.10231177250129e-15  6.4740223796817e-06
 0.00419228800165354 3.98533079569457e-11 8.80092245995719e-09 1.07299912052124e-08 1.09788591347526e-15 1.22971576683011e-05
 0.00477570590780612 2.47917218447638e-11 1.38132802231475e-08 7.11034353824273e-09 1.37948124539455e-15 2.68305076403883e-06
 0.00544031490891334 1.86791267077825e-11 9.75394795935481e-09  6.1766388449188e-09 1.37787963851147e-15 2.91557581586354e-06
 0.00619741392780637 2.19362004811465e-11 6.74695391919822e-09 5.15833030002474e-09 3.34767829043529e-15 3.56062148896134e-06
 0.00705987429691639 2.48141156354929e-11 6.69130973856688e-09 3.79342346096361e-09 1.67488122530667e-15 3.47099610357563e-06
 0.00804235858196141 1.03255033343526e-11 2.63482563365847e-09 2.97469819772103e-09 2.21483081283938e-15 1.67359158062714e-06
 0.00916156985813459 2.03847421561079e-11 3.26197235157139e-09 1.68143928406097e-09 1.39371961167192e-15 1.73807786447358e-06
  0.0104365356767032 6.20422271163201e-12 2.31947905561691e-09 1.25294792120579e-09 2.15148245629195e-15 2.76777048855214e-07
  0.0118889315496936 6.27853888717028e-12 2.43743411786121e-09 8.34894253116158e-10 1.98817607770513e-15 9.40034731268495e-07
  0.0135434494521798 1.73432052838253e-12 1.10211307125014e-09 7.00766831611707e-10 1.60965253694481e-15 4.86227034496519e-07
  0.0154282176070292  2.7165832208242e-12 8.48194573254934e-10 1.22881465177665e-09 4.73765580759563e-15 5.38527728452239e-07
  0.0175752786888082 5.87037381011597e-12 1.09923374600887e-09  6.0618583566002e-10  2.3231588788347e-15 9.59082238575064e-07
  0.0200211345767215 1.99956965725115e-12 5.00111825438318e-10 4.70586805636392e-10 4.82248273164541e-15 2.58377890056674e-07
  0.0228073669178543 1.25039561578143e-12 7.15062425755736e-10 2.47233861647768e-10 1.44717738977575e-15 1.40531696491239e-06
  0.0259813440508232 1.56992739404809e-12 3.34133143218125e-10 3.11963001703523e-10  5.8004351215425e-15 4.62255763010127e-07
  0.0295970263081448 1.47276150375713e-12 4.90064225075994e-10  2.1457770488206e-10 2.26446896172909e-15 1.37244443577297e-07
  0.0337158833881522 6.28740315927682e-13 2.55134394641977e-10 1.19392724814659e-10 4.29789933427213e-15  2.8521898076351e-07
  0.0384079393925684 5.65801718822519e-13 1.40807826266277e-10 9.32891969171206e-11  9.7942853626022e-15 1.30082707768027e-07
  0.0437529632962719  2.3093945754431e-13 1.01982396067074e-10 6.27084262780269e-11 2.06056675279734e-15 5.90892906003053e-07
  0.0498418250882607 2.33568690820121e-13  9.0142505603286e-11 7.42793745372931e-11 9.57480111364972e-15 8.42521526455712e-08
  0.0567780406393743   2.248288454594e-13 8.85207364374798e-11  5.7317218815832e-11 6.08698180779388e-15 1.19207954297955e-07
  0.0646795315608484 3.12567726120363e-13 4.16676496016149e-11 5.29979723107837e-11 1.32010714332815e-14 1.17690538152315e-07
  0.0736806299728077 1.84379616194705e-13  5.8256239541539e-11 6.32208393303536e-11 6.71478982171005e-15 2.67502329389752e-07
  0.0839343622654803 1.98880688849006e-13 3.83396307346907e-11 2.69757458870997e-11 2.02346944446435e-14 5.38450354143844e-08
  0.0956150506790302 1.03121685681774e-13 5.63321656067106e-11 2.21349469942209e-11 2.28370901354099e-14 4.22411687386197e-08
   0.108921276931098 8.56936795544923e-14 3.53556701484025e-11 3.24419174665762e-11 8.02025533057148e-15 4.15528968063444e-08
   0.124079258276259 6.32111540016139e-14 2.79889484106144e-11 2.56158479495505e-11 7.31284948183033e-15 1.12532569603324e-08
     0.1413466933933 1.48983140287924e-13 3.70061946004631e-11 1.92043169294072e-11 3.61396997001546e-14 6.09730921572003e-08
     0.1610171434837  3.6217862544208e-14 3.18126241221776e-11  2.0656798304426e-11 8.17198462175713e-14 1.73334058484328e-08
   0.183425023063748 7.58498703424603e-14 2.41532849306124e-11 2.22699613859446e-11 2.40769721164779e-14 1.25756815483953e-08
    0.20895128529803 2.30683314523609e-14 5.53395787755049e-11 2.72840089526801e-11 3.94057135870552e-14 2.15792752773964e-08
   0.238029898529846  1.3410483642936e-14  3.1504932487889e-11 3.96366236676941e-11 8.96057055805875e-14 6.44179906900388e-08
   0.271155224115116 9.21012160591401e-15 6.54616554033186e-11 7.03200852933183e-11 5.65307361936783e-14 5.05392725084092e-08
   0.308890420989276 1.11554096983977e-14 2.33511046279946e-11 1.71583575611351e-11 6.04982892845129e-14 1.73866816029068e-08
   0.351877019852015 9.42955517129351e-15 5.99021995203261e-11 1.53268122553012e-11 1.70840657890637e-13  1.3210044927593e-08
   0.400845829739193 3.15796367476338e-14  1.3861166629942e-10 3.22175220411897e-11 3.58281206534297e-13 8.89383086728593e-09
   0.456629362403026 6.29975353976401e-15 3.58241003602619e-12 4.40709155503219e-12 2.98907987530178e-14 9.62505317102101e-09
   0.520175985725633 7.06840863204475e-15 3.15311758308148e-12 1.40517343034311e-12 3.50343482172224e-14 6.14351420133359e-09
   0.592566046786134  5.5078002174447e-15 2.94519999560567e-12 1.10905267242387e-12 3.07674113648076e-14 4.49586926173032e-09
   0.675030238687243 3.73680176957638e-15  1.4117429656234e-12 1.08355991773712e-12 2.70554848227775e-14 6.36217093654324e-09
   0.768970523393174 2.28967016523888e-15 7.71881592603723e-13  1.1569120701556e-12 1.69722484784712e-14 4.87045679980316e-09
   0.875983966285015 2.47029954120151e-15 7.23877737423131e-13 4.40736669271781e-13 9.92267233115567e-15 1.45778671990556e-09
   0.997889887641482 2.47838459567098e-15 6.37303142811142e-13 5.06035832534173e-13 6.70103471691154e-15 1.17212244570156e-09
    1.13676079264348 2.23855929338098e-15 5.72231867938512e-13 3.57300543024781e-13 7.30738679716401e-15 9.32533295863576e-10
    1.29495760573905 2.04847624752217e-15 5.69164383735973e-13 2.81679116173593e-13 4.85875569105553e-15  1.5090353789223e-09
     1.4751698083832 1.64531266969244e-15 3.53264890578675e-13 3.19079259306282e-13 5.75748450164205e-15 2.81038720531191e-10
    1.68046116252848 8.83313459699732e-16 5.89984068931076e-13 2.36921627397455e-13 3.84002570721301e-15 2.07830931334915e-10
    1.91432179720491 1.35202069574711e-15 3.94795664813243e-13 2.97087669318742e-13 8.85223888907643e-15  1.8103446141511e-10
    2.18072754370587 1.00445890152996e-15 1.68430748466724e-13  1.3954690864721e-13 2.87952441574095e-15 2.11516357725972e-10
    2.48420752812878 6.83423368407926e-16 3.79900807613822e-13 1.60819444554026e-13  2.7352578130097e-15 4.25474769852288e-10
    2.82992117040185 8.71480847960509e-16 3.43612699857593e-13 2.04159355963479e-13 1.07124089361934e-14 9.84341555971609e-10
    3.22374589884644 2.04567755085857e-15 5.33464051859102e-13 1.50789970359036e-13 1.04506604903698e-14 1.32954139568431e-08
    3.67237707149754 1.29931349720846e-15  2.4086892361089e-13 1.56119738305552e-13 1.22704986012803e-14  4.6586887728442e-09
    4.18344180293078 7.83656826246813e-16 3.90878445979096e-13 1.18302633249204e-13  3.6525600038059e-15 2.27622325777052e-09
    4.76562863174941 1.41662599078664e-15 2.56589680017657e-13 1.86932112890729e-13 8.12204507504046e-15 6.55842018070344e-09
    5.42883523318981 7.84324952871708e-16 2.08512365307634e-13  1.8839641163049e-13 1.02811695368473e-14 2.36371070711443e-09
    6.18433668808645 3.90385955977708e-16 1.16265042887509e-13 1.98736218672448e-13 6.28113553934432e-15 3.18575175507717e-10
    7.04497716891288 7.44620887494091e-16 1.44323865467813e-13 8.54241579398146e-14 1.34789016800487e-14 2.62540917257121e-09
    8.02538830172599 1.07453790723345e-15 2.31925765725605e-13   2.570064793657e-13 7.73279866915211e-14 2.11839227853523e-10
    9.14223791635352 1.05628742444501e-15 1.45741478128493e-13 2.65059187185463e-13 1.39665619943943e-14 3.18644074188652e-09
    10.4145134137917 1.12926626338707e-15 1.95758304829319e-13 2.82089496569846e-13 3.81962760629435e-14 7.68822650451037e-11
     11.863844568301 4.63438066506656e-16 2.24069784663263e-13  3.4677355101805e-13 2.62978513322501e-14 2.21729169369504e-09
    13.5148712521137 8.38589945815498e-16  2.8869579386671e-13 2.38244601333122e-13 2.11558811358189e-14 7.53276973860831e-10
    15.3956623343867 8.03255654437989e-16  1.5323465977236e-13 6.42157974527304e-14 3.54141316442751e-14 2.21183474565346e-09
    17.5381928760426 9.24732621120932e-16 1.25204722202775e-13 6.07278269596832e-14 1.33235387174681e-14 7.32580011729484e-10
    19.9788877332196  7.1110575862894e-16 5.44512523436528e-14 4.43168816834998e-14 3.66419779171289e-14 1.07315210231725e-09
    22.7592408110556 1.30805050827615e-15 9.04199588491865e-14 4.56653485679687e-14 1.43893435987679e-14 4.71141960449439e-10
    25.9265204956506 8.49012626817147e-16 8.68789534988549e-14 7.46005678684672e-14 3.49641271022479e-14 3.13810748392378e-09
    29.5345732571566 5.84906054555997e-16 6.13125547039071e-14 6.89368418642248e-14 5.59577672257833e-14 2.28540247484578e-10
    33.6447390859365 1.05536488062855e-15 1.60305929147162e-13 5.26316648438519e-14 4.17673397326064e-14 2.16219273788667e-10
    38.3268943249909 8.83941407078674e-16 8.05953277683922e-14 3.18488115918011e-14 5.30926067694551e-14 5.47188567006502e-09
    43.6606396276986 8.71808064309242e-16 3.56125253735395e-14 9.11112007584725e-14 2.62503627771443e-14 2.70766169680941e-09
    49.7366532371709 9.50885332780076e-16 5.41541636045853e-14 1.51237073534006e-13 5.12906711098038e-14 2.71815306239558e-10
    56.6582325941288 1.09214162089426e-15 6.17550802757557e-14 5.14803149667566e-14 1.28553062028779e-13 9.69451016854604e-10
    64.5430504819586 3.67530149171115e-16 3.87823395305949e-14 6.82385233620428e-14 1.09160074456766e-12 5.46097209014767e-10
    73.5251555649188  5.3048279946688e-16 5.46205086898836e-14 3.63644755234177e-14 1.47744967346002e-13 6.22267731071928e-10
    83.7572513303596 6.11104527632045e-16 5.21439916758845e-14 4.87738524827217e-14 1.74217024663955e-13 1.84144081914335e-09
    95.4132921789321 5.87797095454197e-16 4.32351110893284e-14 4.34146506802625e-14 1.63499475241859e-13 2.18818572860204e-09
     108.69144079854  8.6790975956996e-16 3.94357112814784e-14 1.63954839006272e-14 2.15521562197619e-13 2.56295787316206e-09
    123.817437099935  1.0147214831111e-15 5.28256616383591e-14 2.87713852614527e-14 9.93095632619502e-13  8.1660361502986e-09
    141.048435988735 6.00721519550149e-16 2.49655908043612e-14  2.7360127874394e-14 8.80205130159816e-06 6.81456270422356e-06
    160.677379219302 6.22873781182634e-16 2.93445261502208e-14 1.49326547172071e-14   0.0945317345094996    0.801026458478828
     183.03797565572 1.14609372113443e-15 1.24473670637567e-14 1.53217478887416e-14    0.318867079461848    0.260242833431978
    208.510374608594 8.66813348250905e-16 1.37098341547647e-14 9.34398466858051e-15    0.180255583083564     0.25739294011329
    237.527628699261 7.86034679577803e-16 1.08748503523553e-14 7.82422614883602e-15    0.224520335222771    0.153701500230121
    270.583056125634  6.9851591826539e-16 9.15591771514578e-15 7.25576191444223e-15    0.577875672117154    0.556482862541519
    308.238627494519 1.24582502771878e-15 3.50626183608831e-14 1.53782522532103e-14    0.530816533424924    0.557222617137035
    351.134519803746 8.00259659471108e-16 2.66078533348638e-15 5.92442452017214e-15    0.826801825718813    0.300736727121022
    400.000000000001 1.10054523720781e-15 2.09357866400996e-15  4.0881069715622e-15    0.873254157510808    0.746058806740773
