                   x                    y                0.001 1.25029114824294e-09 3.66354440998451e-06  1.6570900497893e-06 7.08609251276882e-13 5.91037642133635e-06
 0.00113916455785539 9.52275830460672e-10 1.13947665817711e-06 7.99029476834027e-07 5.18369604959425e-13 4.49724640664801e-06
 0.00129769588987387 5.94870412454839e-10 6.32729083969248e-07 5.79549318289191e-07 1.57748472927245e-12 1.94818785978266e-05
 0.00147828916461893 1.04303267777968e-09 5.37830256221007e-07  5.1027166429638e-07 3.89400890119809e-13  3.2827622974971e-06
 0.00168401462259554  2.6641217289845e-10 7.86757631836613e-07 6.84349612017753e-07 1.91947029793444e-13 1.05197478583461e-05
 0.00191836977297106 2.64108474151552e-10 8.64343186468831e-07 3.02288755270221e-07 1.70325769648245e-12 2.15573008108731e-06
 0.00218533885422973 1.98332874522812e-10 4.55266698428035e-07 2.48164306667411e-07 6.12483566411724e-13 1.67612297864857e-06
 0.00248946056964282 4.37072166817756e-10  4.0968972038878e-07 2.89247158319423e-07 6.30215635011159e-13 5.14739748932995e-06
  0.0028359052491156 1.87101400500609e-10 1.45654686585588e-07 1.46649872227127e-07 1.27711551470469e-12 8.68257824664067e-06
 0.00323056274922856 1.96962759911761e-10 2.49484464281348e-07 1.56768604698032e-07 1.94973471891778e-13 2.84121916229073e-06
 0.00368014258584905 1.99067950914943e-10 1.29205638159321e-07  1.0272100824491e-07  2.5673206749941e-13 2.73213534458678e-06
 0.00419228800165354 5.17548028989553e-11  1.7149925373214e-07 6.49532067394998e-08 4.50178714451473e-13  3.0035002137025e-06
 0.00477570590780612 7.19542301225575e-11 1.27217689431733e-07 5.64936424159208e-08 3.77246307884293e-13 1.41896132414489e-06
 0.00544031490891334 1.63431110727378e-11 5.89376619023054e-08 6.17380242072027e-08  2.5597692120683e-13 1.26252718265864e-06
 0.00619741392780637 2.20930762671543e-11 5.78901346438647e-08  2.7059684550563e-08 3.55720284161684e-13 4.41523979924778e-06
 0.00705987429691639 3.60024052913677e-11 5.31437344360365e-08 2.14529546443624e-08 1.18214003148083e-12 2.32419907022243e-06
 0.00804235858196141 5.71948513478408e-11 2.45113773221779e-08 1.68005681755515e-08 6.26549210217629e-13  1.0117090927879e-06
 0.00916156985813459 7.97633418463873e-12 1.84361736520439e-08 1.60932934330031e-08 4.12503990749859e-13  8.1471240184509e-07
  0.0104365356767032 1.89728332447206e-11 1.57240115816973e-08 1.34145087428715e-08 1.44843614219285e-12 1.24124601392961e-06
  0.0118889315496936 1.04469943843734e-11 1.23133385610933e-08 1.08185452763023e-08 5.82762082807415e-13 1.64944434164819e-06
  0.0135434494521797 6.51001623521226e-12 1.10443132097556e-08 6.13994239123987e-09 6.27829837712397e-13 1.63087956008731e-06
  0.0154282176070292 8.32382211108926e-12   6.699392892236e-09  9.9190151094687e-09 1.53090371084271e-12 6.23662929225411e-07
  0.0175752786888082  3.8063000430274e-12 1.36835600925268e-08 5.12635868090827e-09  4.6587223453628e-13 1.30929151745172e-06
  0.0200211345767215 2.77824373781971e-12 5.97635957388258e-09  3.5556742403054e-09 5.42672301260579e-13 4.08358448570785e-07
  0.0228073669178543 3.45675247689038e-12 2.59701365215422e-09 2.37295717466885e-09 3.31369055736299e-13 3.48435453703711e-07
  0.0259813440508231  1.6855955265257e-12 4.40456931972007e-09  1.4503094340256e-09 3.63597606973084e-13 5.12655264401981e-07
  0.0295970263081448 1.13923248918112e-12  3.3251400067471e-09 1.63755269886019e-09 4.89386827537196e-13 2.22375617980057e-07
  0.0337158833881522 1.06837144905155e-12 1.88770768969693e-09 1.10310271795347e-09 4.66931752131949e-13 5.30089276327551e-07
  0.0384079393925684 1.15417491586177e-12 1.79227279057382e-09 8.43286558385531e-10 1.11481852381975e-12 3.06600422442899e-07
  0.0437529632962718 6.36678828783607e-13 8.42096010095651e-10 1.27699648740255e-09  3.6008868065381e-13 1.63288100358063e-07
  0.0498418250882607 8.16021524793846e-13 8.34038021656485e-10 7.01998331490665e-10 1.64199150612983e-12 3.23515890686762e-07
  0.0567780406393743 4.12048542400558e-13 5.55873598593374e-10 6.44986366248623e-10 3.84023003502678e-13 7.87039083773668e-08
  0.0646795315608484 5.39612084249721e-13 6.08534169475291e-10 2.28163014826123e-10 5.05939001570273e-13 3.11199699932283e-08
  0.0736806299728077 6.79886846196785e-13 4.71317075167545e-10 1.89738562808179e-10 3.41547691928749e-13 7.70905406268364e-08
  0.0839343622654803 4.85582376566913e-13 2.83949918437594e-10 2.88511220029236e-10 2.39774781958594e-13 1.68348204527705e-07
  0.0956150506790302 1.48366852511932e-13 1.66482664459255e-10 1.58157392695165e-10 5.25967990545435e-13 3.33754182964996e-08
   0.108921276931098 2.03379438745411e-13 3.46692066339842e-10 7.94159200130276e-11 4.10483899751318e-13 4.30217700844663e-08
   0.124079258276259 1.04702865279277e-13  1.7025673940415e-10 1.21901655769974e-10 3.23808183878463e-13 5.24054340274752e-08
     0.1413466933933 9.29870526917302e-14  1.5614600942038e-10 4.98000060596533e-11 6.38928451642591e-13  5.4815401658894e-08
     0.1610171434837 1.36326898728355e-13  7.6114998550191e-11 5.02404814161055e-11 3.61319392279817e-13 7.62737127022429e-08
   0.183425023063748 3.45075407737109e-14 4.54838584276403e-11 4.10880920686311e-11 2.18177515081526e-13 4.59821416921211e-08
    0.20895128529803  4.8343657700695e-14 6.53632827779557e-11 3.62119382496002e-11 4.16775693841717e-13 1.11832060037281e-08
   0.238029898529846 6.62427579287417e-14 3.38086761623997e-11 1.67453677924879e-11 1.71468746165311e-12 1.19332040004557e-08
   0.271155224115116 2.43426418218444e-14 3.35097620340422e-11  2.0954427436098e-11 4.02352603193238e-13 1.15043629761556e-08
   0.308890420989276 5.48368243902687e-14 6.12625816669703e-11 2.76618594958705e-11 6.07149394836795e-13 2.68283004651859e-08
   0.351877019852015 5.44740954071535e-14 1.00538360486302e-10 7.01713949375491e-11 1.25445624176868e-12 6.44221216212952e-08
   0.400845829739193 1.56026702581372e-14 4.16910293694251e-11 7.02534631466374e-11 5.33993730126686e-13 1.09942913394148e-07
   0.456629362403026 8.93132495470088e-15 1.81270770625857e-11 2.63475592955443e-11 4.09106843657167e-13 2.41247224522117e-08
   0.520175985725633 7.96348829947493e-15 3.74617725255654e-11 1.36525975512353e-11 7.29986906324492e-13 7.09751480456562e-09
   0.592566046786134  1.8507887600419e-14 2.14632742437847e-11 6.93631843872197e-12 5.72514072013145e-13 1.17932260154024e-08
   0.675030238687243 5.71974510355811e-15 6.57803057378968e-12  3.6656692349548e-12 2.96491421442098e-13 3.47411823947664e-09
   0.768970523393174 1.02832888496318e-14 4.92882804860595e-12 2.15677715429032e-12  6.1858206030838e-13 4.06515260079571e-09
   0.875983966285014 6.00291538532781e-15 2.50668479236264e-12 2.83532946190536e-12 3.27446853235334e-13 1.87046508018687e-09
   0.997889887641482 5.67619924170832e-15 2.70858362523589e-12 1.54200124316067e-12 7.65563551583308e-13 4.01230011386738e-09
    1.13676079264348 2.07130168561403e-15 3.22547767748425e-12 1.56061108363158e-12 5.42524496220095e-13 1.15376307062704e-09
    1.29495760573905 2.07696660055257e-15 7.38751958591922e-13 8.81590523157448e-13 6.88012674943349e-13 6.53181018330393e-10
     1.4751698083832 2.13943851084403e-15 8.50058526932522e-13 6.74707782662159e-13 5.10436970726991e-13 1.59277173043572e-09
    1.68046116252848 1.69504130661647e-15 7.49884670229944e-13 5.52326673311359e-13 3.43234863610111e-13  3.8134585033258e-10
    1.91432179720491 2.83664316221841e-15  7.2377879638285e-13 8.63384162508515e-13 3.47520296944412e-13 8.80483855778947e-10
    2.18072754370587 1.24582686929827e-15 4.96926695713407e-13 5.62362783490648e-13 4.70923973910404e-13 2.76452516682749e-10
    2.48420752812878  1.2094498242383e-15 7.51168955628055e-13 3.72365457714967e-13 4.28565697177115e-13 6.37022299842738e-10
    2.82992117040185 1.23033026304339e-15 4.30897571917759e-13 4.61675559937023e-13 3.30275084278384e-13 6.93624965168593e-10
    3.22374589884644 2.53886628981595e-15 3.89234163962255e-13 2.83474553264478e-13  4.1857768360442e-13 8.42448046502227e-10
    3.67237707149754 7.87411839164678e-16 1.07846130063541e-12 1.00308345461443e-12 6.13994376121794e-13  2.9155187945862e-09
    4.18344180293078 1.41779832533433e-15 2.41637314356907e-12  1.6534650009514e-12 9.04513658019471e-13 1.09419131699138e-09
    4.76562863174941 1.18782443333338e-15  6.8533132000774e-13 7.95311240728689e-13 6.63735828196003e-13 8.44153920250087e-09
    5.42883523318981 7.79815290723878e-16 7.46657378426492e-12 2.80022331999577e-12 2.85727233218287e-12 2.10709410459059e-09
    6.18433668808646 2.58562832778461e-15 2.30039134661569e-12 6.55496973285062e-13 1.02115667057097e-12 1.57678284045349e-08
    7.04497716891289 2.05597984480341e-15 1.75767470491331e-12 1.43172511194077e-12 1.87447347467319e-12 1.49377979846802e-08
    8.02538830172598 1.03470644258492e-15 1.55481970405568e-12 1.33274912259901e-12 4.63311275308815e-12 2.38412155302779e-09
    9.14223791635351  1.5797846300049e-15 3.30957538617142e-12 1.25981616447043e-12 3.84350020032027e-12 2.49958170929928e-09
    10.4145134137916 1.54049119214446e-15 4.61600479198007e-12 1.07509291268455e-11 5.30574831759507e-12 1.37562021751054e-11
     11.863844568301 1.64815567646306e-15 8.83690826609681e-12 1.12283713290541e-11  7.7592387083371e-12 1.33819016003992e-09
    13.5148712521137  9.7907431151195e-16 1.65114483650657e-11 4.95931536361719e-12 1.66186348121181e-11 6.62166008796512e-09
    15.3956623343867 8.39409110117006e-16 6.56287647765958e-13 4.84620229288141e-13 1.01261171154391e-11 1.42293149370895e-09
    17.5381928760426 1.28116580145974e-15 5.94594681978773e-13 2.67192348338347e-12 6.04456959394469e-12 3.19242043385412e-10
    19.9788877332196 1.08123196756502e-15 2.02099274064003e-12 1.75792739989823e-12 1.30522332198284e-11 1.91720715639338e-09
    22.7592408110556 7.40340515233083e-16 1.17810038802492e-13 3.04880621954445e-13 3.31793484585459e-12 1.98241105852742e-09
    25.9265204956506 6.90301385881888e-16 9.72035445769416e-13 4.79363450259809e-13  1.8349947839212e-12 2.38188218318829e-10
    29.5345732571566 1.07452792856983e-15 9.51137025370186e-14 6.83916930132121e-14 2.94944481316153e-12 3.56448407174298e-09
    33.6447390859365 8.67725829331311e-16 2.49054213256811e-13 6.57677140043686e-13 1.03045632042166e-11 2.49620020942151e-10
    38.3268943249909 9.58417213532062e-16 8.52947920606355e-13 4.20279146877436e-13 8.41728807943684e-13 2.95820734256834e-10
    43.6606396276985 7.42830247319679e-16 1.01143862811463e-13 2.62578564051937e-13 7.66731613679204e-12  6.0642425720127e-10
    49.7366532371709 1.13546495920997e-15 6.00928057154688e-14 1.60520436694558e-13 4.55594273652959e-12 2.68435666370786e-10
    56.6582325941287 9.60764386897589e-16 5.75627495001079e-14 2.12707783051862e-13 6.13378140294164e-12 3.07751496530303e-11
    64.5430504819586 8.10814681947356e-16 9.80100950901574e-14 1.75824967310134e-13 2.25201859183675e-11 1.31709663225682e-10
    73.5251555649188 7.27833841146395e-16 2.11917617306083e-13 2.63939429808389e-13 7.29812489546409e-11 1.52841113635985e-10
    83.7572513303596 7.93380202911859e-16 7.99171096841997e-14 9.38521269661161e-14 1.78909079126478e-11 7.40208946106505e-11
     95.413292178932 1.18212882844363e-15  7.6692831238094e-14 5.45733549820709e-14 6.70328711633594e-11 1.50230715456573e-10
     108.69144079854 7.74794926347156e-16  2.1213894792466e-13 3.30317023252506e-14 9.28685530192212e-11 1.84111043284881e-10
    123.817437099935 1.75874446650178e-15 1.05117005548003e-13 3.48202737110501e-13 4.00986052784442e-10 1.07578054969572e-10
    141.048435988735 9.62895539090671e-16 1.60181868394677e-13 6.74586334283228e-14 8.64304532101049e-10 1.37190924775807e-09
    160.677379219302  5.6795425259807e-16 3.12490511614071e-14 5.34352880031016e-14 0.000203143116804953 0.000710020607033161
    183.037975655719 1.19855124805077e-15 9.32222936317808e-14 2.93360493113687e-14    0.146670363588982     1.54936955373158
    208.510374608594 1.04558355744585e-15 4.25690094578956e-14 9.22911286071039e-14     1.31465113676854    0.544608866760922
    237.527628699261 7.46508545913054e-16 2.89997544873781e-14 3.03744367924886e-14    0.498784549022712     1.14489290303738
    270.583056125634 7.33733928514982e-16  1.0185940257852e-13 3.88384434451207e-13    0.618158716492179     1.22808910218303
    308.238627494519 8.55815303608677e-16 2.48172707999259e-14 4.34359803798136e-14     0.41895150216914    0.357711671714238
    351.134519803746 8.53532438597528e-16  1.7523963229022e-13 1.87472731950929e-13     1.48648056723498    0.487168287821138
                 400 1.32536007130923e-15 1.93235098862681e-14 8.00773324011534e-14     1.66246747036527    0.457716228664868
