                   x                    y                0.001 1.44997127038966e-10 1.80992831627337e-09 1.90672850765394e-09  6.2989318807578e-16 7.35361274833483e-07
 0.00113916455785539 7.02447628984558e-11 1.35335387433021e-09 1.02776514949833e-09 2.65298439880266e-15 1.16114682273497e-06
 0.00129769588987387 6.02152089234417e-11    1.47295362204e-09 4.37993794006996e-10 9.54479859105059e-16 3.61971039998104e-07
 0.00147828916461893 6.91143138586782e-11 1.15489113808963e-09 4.81798988974476e-10 1.45946579073832e-15 1.81121394947225e-07
 0.00168401462259554 5.96701515481228e-11 9.98760027032335e-10 8.22663918258978e-10 1.63860030867368e-15 6.73653761292448e-07
 0.00191836977297106 1.93395117343561e-11 4.48789785608535e-10 4.00507270693928e-10 1.71769210343549e-15 8.48676347656427e-07
 0.00218533885422973 3.11761739936887e-11 4.16550649394074e-10 2.62712566755845e-10 2.58076832334525e-15 7.66737553903724e-07
 0.00248946056964282 2.29195296743421e-11 5.41207402700378e-10 1.35514941224235e-10 3.95743853430936e-16 3.87199473346387e-07
  0.0028359052491156 6.93024644356489e-12 4.56593140001456e-10 1.28784003364933e-10 1.12781441394716e-15 7.30444076131603e-07
 0.00323056274922856 1.51424270581749e-11 2.59734253018852e-10 1.15145198004116e-10 6.26822977732777e-16 2.75602490310041e-07
 0.00368014258584905 7.83923485280539e-12 9.41257704422111e-11 7.73529379426511e-11 1.61331390000309e-15 5.21762284522722e-08
 0.00419228800165354 1.13886818822022e-11 1.15080265530754e-10 9.77729281691137e-11 1.66553218674744e-15 1.52300898290469e-07
 0.00477570590780612 4.06945443440327e-12 1.08975378879588e-10 6.22400385267542e-11 2.77029002733999e-15 1.40779219743643e-07
 0.00544031490891334 2.98388217722679e-12 5.54250069156874e-11 4.64715881920298e-11 1.08657789241072e-15 7.78892754888091e-08
 0.00619741392780637 5.45681481915093e-12 5.66170625344957e-11 3.52919093332143e-11 1.72007758572008e-15 7.65412103836385e-08
 0.00705987429691639  1.2910173499285e-12 3.66878700957668e-11  3.3161994832214e-11 1.22323431171746e-15 7.96976720350697e-08
 0.00804235858196141 1.59723581336654e-12 1.94244431692901e-11 3.36509054810405e-11 1.18472416072889e-15 3.29848937620503e-08
 0.00916156985813459 1.43963364960402e-12 3.00355579942437e-11 1.41237885330048e-11  2.0133838864433e-15 9.17681708709859e-08
  0.0104365356767032 1.41704497120424e-12 1.53565613876076e-11 1.04268770672362e-11 8.96094969675012e-16 4.46830592838893e-08
  0.0118889315496936 1.25076801052441e-12  1.4315380697571e-11 1.30131194257652e-11 2.55677357494731e-15 3.33469339560823e-08
  0.0135434494521797 6.82940904505433e-13 1.52664282162471e-11 9.33436336100931e-12 4.52410960113223e-16 3.08702281768743e-08
  0.0154282176070292 6.76807030945769e-13 6.20585282468128e-12 5.71189732430454e-12 1.57078816705259e-15 5.11489641343667e-08
  0.0175752786888082 2.61942607678024e-13  8.2682164293912e-12 2.52099938050395e-12 6.09925462362299e-16 1.93186924856229e-08
  0.0200211345767215 5.04286725019833e-13  8.5430382278921e-12 2.49772919920225e-12 1.42896074293997e-15 1.92086232962027e-08
  0.0228073669178543 2.04454154348812e-13 3.27905233495805e-12 2.39454199906772e-12 1.23016719936295e-15 2.67620927831913e-08
  0.0259813440508231 9.41001824177103e-14 2.06139430493785e-12   1.688931193857e-12 9.65666944732075e-16 1.74070972810875e-08
  0.0295970263081448 1.15277485338071e-13 3.01262754528967e-12 1.92703816974234e-12 1.21521217369573e-15 9.50057138372832e-09
  0.0337158833881522 1.02968574734825e-13 3.17075208465904e-12 1.84473170728579e-12 8.55418353355543e-16 7.39881208024577e-09
  0.0384079393925683 7.65285500003923e-14 1.71239270033968e-12 1.03360758726078e-12 1.39317483426291e-15 5.04933920242832e-09
  0.0437529632962718 7.65712073935991e-14 1.06610426218527e-12 6.96002177413865e-13 5.38508257760681e-16 3.35081059324273e-09
  0.0498418250882607 3.92236967321551e-14 1.34097428202171e-12 4.20551709683483e-13 1.41450863388974e-15 9.95160942283354e-09
  0.0567780406393743 2.57733255268126e-14 1.05244852261496e-12  6.4627605466251e-13 1.50738308755742e-15 4.84062661192809e-09
  0.0646795315608483 3.36418247199177e-14  6.5949651811625e-13 9.65839366421754e-13 1.01257244403198e-15 2.63800927416843e-09
  0.0736806299728077 3.09008371719017e-14  8.2205300631323e-13 3.26291888266391e-13 1.25867904334687e-15 1.23169557492412e-09
  0.0839343622654802 1.14713951778902e-14 9.44035341729705e-13 3.85841362723469e-13 1.07752905832132e-15 1.57899846446187e-09
  0.0956150506790301 9.44110674234827e-15 1.45233269905323e-12  5.1953795754565e-13 1.14463428506891e-15 1.88037331937273e-09
   0.108921276931098 8.47090801380534e-15 5.14889722237842e-13 3.92389737058273e-13 1.73702328064944e-15 4.02564847460189e-10
   0.124079258276259 8.76007424156259e-15 4.34512770936265e-13 2.12350086706286e-13 3.86572079120968e-15  3.6090524738978e-10
     0.1413466933933 1.50042858569672e-14 6.33737258020344e-13 4.87600254035184e-13 2.64510645457911e-15 7.80403875894986e-10
     0.1610171434837 4.22127440145944e-15 4.34898607162692e-13 2.67587247838004e-13 1.06072803217154e-14 4.70128880268368e-11
   0.183425023063748 2.25651788641895e-15 3.04003481356353e-13 2.69538680075514e-13  3.6561522192485e-15 1.01431487466224e-09
    0.20895128529803 3.71028764134038e-15 2.80970723587473e-13 3.16585305868563e-13 4.22560694625332e-15 2.12796949007079e-09
   0.238029898529846  1.4066897810973e-15 6.13314405419395e-13  1.4780403305155e-13 1.61693827419369e-15 1.03736970368734e-09
   0.271155224115116  1.6119263377369e-15 3.42901022003768e-13  1.5683957451864e-13   3.178686648952e-15 1.78377149282357e-09
   0.308890420989275 3.89236028644729e-15 2.23581750417846e-13 1.50954134770677e-13 1.35150372397845e-14  2.7267074474884e-09
   0.351877019852014 8.63749609074156e-16 2.39571256479798e-13 1.66248645058677e-13 2.61857948417165e-14 7.14683092857478e-11
   0.400845829739193 1.31035128742056e-15 4.65081232500054e-13 1.67776785292614e-13  1.7219059402329e-14 7.52936631382369e-09
   0.456629362403026 6.60211277513492e-16 3.30057284658647e-13 1.97679431974523e-13 8.45564298093036e-15 1.05769672285753e-09
   0.520175985725633 7.04492302474321e-16 2.21475390609838e-13 1.87338086425136e-13 6.13947794406612e-15 1.57990561603275e-09
   0.592566046786133 7.33895668834639e-16 1.39758363302522e-13 1.36001805395659e-13  3.0310054187621e-14 6.09099750944243e-10
   0.675030238687243 7.00938307783069e-16 2.02643552997482e-13 1.10466024560773e-13 2.39897046631179e-14  7.3659519677702e-10
   0.768970523393173 1.01693241187822e-15  1.0154021033446e-13 1.43051023687327e-13 2.28033684494369e-14 3.73234008276229e-10
   0.875983966285014 7.04042741885544e-16 2.37305624404508e-13 3.62315454456938e-13 1.82787812226691e-14 4.36616613464342e-08
   0.997889887641481 7.38734343395346e-16 5.72237533135438e-13 4.29157118260146e-13 1.31459185142085e-14 4.98304648007682e-09
    1.13676079264348 4.85809420751763e-16 2.24981839821665e-13 2.03677622353434e-13 6.77186461744538e-13 1.47311394066831e-11
    1.29495760573905 8.46127420520551e-16 1.76062227150806e-13 1.13170808393255e-13 9.16044414936126e-14 8.68677720439789e-11
     1.4751698083832 4.91285162042217e-16 1.28153004751648e-13 1.65483320106259e-13 7.26260137630818e-15 3.40328533414403e-09
    1.68046116252847  4.0384633855605e-16  2.6055933002133e-13 1.46693715794052e-13 3.52816049893021e-14 9.60425985627595e-10
    1.91432179720491 6.60777606045314e-16  7.3397129743129e-13 2.24875679666994e-13 8.95851110989248e-14 1.57021539338375e-09
    2.18072754370587 5.41288547518334e-16 5.86754719231476e-14 2.12678059762485e-13 5.16124658879927e-14 4.55796054667423e-09
    2.48420752812877 5.81606921343038e-16 7.67190765643154e-14 1.44652422531049e-13 5.51940023398764e-14 1.37639293338641e-09
    2.82992117040185 4.09804330792561e-16 8.04418868052133e-14 1.88781260183887e-13 3.73177672993514e-14 6.53381420310869e-09
    3.22374589884644 5.07809970996647e-16 1.69240725481342e-13 1.14422760389831e-13 3.76061877067008e-14 1.17595807820129e-08
    3.67237707149754 1.31069505435578e-15 9.32755632070988e-14 4.96614821061254e-14 3.90344703586321e-14 2.13344976899538e-09
    4.18344180293078  7.0542445756432e-16 8.13589328041948e-14 4.47268235401073e-14 9.36330313549303e-14 2.49422089086325e-09
    4.76562863174941 1.10019519992357e-15 4.56283966449543e-14 3.63539459918169e-14 7.80185187864704e-14 1.63747553474792e-09
    5.42883523318981 3.01069443768579e-16 4.00675928747023e-14 5.29491480079286e-14 5.40201271832073e-14 2.68154422118448e-10
    6.18433668808645 4.28215095338561e-16 3.33992352136886e-14 4.55300890263988e-14 1.13807256282352e-13 1.44492658672887e-09
    7.04497716891288 6.63922105990113e-16 4.84676180817515e-14 6.00910467861366e-14 4.08014040848935e-14   7.124870353088e-10
    8.02538830172598 7.71277671093032e-16 1.56604242076349e-13 1.72059603068912e-14 1.43204452390521e-13 6.00670728835688e-10
     9.1422379163535 8.28478781097758e-16 8.51575884254343e-14 2.98739890926734e-14 3.02666973716205e-13 8.02317183883625e-11
    10.4145134137916 1.42528151674063e-15 5.27678795611424e-14 1.90907935496231e-14  3.0103357838322e-12 2.40802152029071e-10
     11.863844568301 1.04327421964831e-15 4.11977526689351e-14 1.63372955742123e-14 3.29583078639132e-13 3.76562160030107e-10
    13.5148712521137 9.46919750900613e-16 4.86691999207348e-14 7.29731515639237e-15 2.09088660132311e-12 7.10690045573411e-11
    15.3956623343867 9.73960341438821e-16 1.92211919910431e-14 9.67289713148843e-15 2.95792282732801e-13 1.97333813994356e-10
    17.5381928760426 1.40920818748261e-15 2.72963971737398e-14 5.61280274908618e-15 1.11753326950548e-13 2.88906253031738e-10
    19.9788877332196 9.87714895810138e-16 2.03519654989224e-14 3.98039593418882e-15 4.20493567262557e-13 3.34326043513783e-10
    22.7592408110556 1.25445039258181e-15  1.9745393733902e-14  4.0879549673883e-15 1.78182134646216e-11 1.92814824234713e-11
    25.9265204956506 1.52674778497562e-15 2.55317780772739e-14 5.37288079408942e-15 1.05084007209389e-12 1.22343830826937e-10
    29.5345732571566 9.65168356139179e-16 2.22485966464965e-14 4.37199964849661e-15 1.10926763435048e-13 9.20709212145751e-11
    33.6447390859365 1.63591583063277e-15 2.57079911271012e-14 4.96367468533182e-15 6.28323167030509e-13 4.62112337397375e-10
    38.3268943249909 9.85490366907009e-16 1.42939096375411e-14 3.19567694492843e-15 2.88438962982603e-13 4.97928239453351e-10
    43.6606396276986 1.10498905453083e-15 1.32079311901034e-14 2.85867855761853e-15 1.90880174980208e-12 8.13171701639625e-10
    49.7366532371709 1.40677439317584e-15 2.64775552993012e-14 3.80331957748091e-15 1.68608989420332e-12  6.9853661269313e-10
    56.6582325941287 2.96609746492681e-15  1.9296598569801e-14 4.72093699704032e-15 1.05759377525515e-12 1.67496965006868e-09
    64.5430504819587 1.56696501796787e-15 2.50417420114339e-14 3.87274045748596e-15 2.50523270599565e-12 2.46743512298915e-10
    73.5251555649187 2.01119894376431e-15 2.62999231992709e-15 3.35890386559466e-15 8.99578796671879e-13 1.21344020043363e-10
    83.7572513303595 1.18211565517424e-15 3.02478182561694e-14 3.84553791050529e-15  1.1523305932424e-11 2.12742894036909e-10
     95.413292178932 1.98376572820367e-15 3.54052277314914e-14  2.4925366262981e-15 2.07313310002749e-12 3.25219425789388e-11
    108.691440798541 3.01081413094453e-15 5.08399343743445e-14 2.35425477158182e-15 2.73463795254253e-11  5.1453021517529e-10
    123.817437099935 3.52758100865117e-15 2.82810348381678e-14 6.22956480533434e-15 1.02831416088977e-11 1.76448210680032e-10
    141.048435988735 2.57355215625397e-15 1.75278517003716e-14 3.57477758753023e-15 7.20657535582897e-08 1.99492215132699e-08
    160.677379219302 4.04623056582814e-15 4.85548163637065e-15 4.36022537126993e-15    0.677284398779196      1.8026238493898
     183.03797565572  2.6071444531598e-15 2.10296862843712e-15  1.6374425732546e-15    0.870155168091504    0.870910204295482
    208.510374608594 2.48036142351436e-15 1.46437602456103e-15 2.04540398194532e-15     0.68191228226182    0.740700788686454
    237.527628699261 8.05707869779198e-16 2.67896264126485e-15 1.53400100251224e-15     1.28220070821953    0.429122974506298
    270.583056125634 3.59656143538275e-15 1.52838228912757e-15 2.83819150986436e-15     1.13326167674221    0.729506663974608
    308.238627494518 1.46882829970326e-15 1.94949055413069e-15 1.91927860047071e-15     1.65976584766882    0.827663077613473
    351.134519803746 2.32679440269555e-15 1.19494678352091e-15 1.72293323357515e-15     1.53458598703525    0.507442917243661
                 400 1.01589745099211e-15 1.27212332337002e-15   1.567706236558e-15    0.950829445864456    0.318401979872749
