                   x                    y                0.001 1.49598869559095e-10 1.82249508603222e-09 1.56245490251888e-09 1.13008898940636e-15 2.56739966348239e-07
 0.00113916455785539 1.45061865549563e-10 1.15059458393569e-09 1.14022138408271e-09 8.79141576615384e-16 1.67914229704942e-07
 0.00129769588987387 7.95347477152737e-11 1.11069773604992e-09 8.83389407262782e-10 1.48573308759054e-15 1.28202561057952e-07
 0.00147828916461893 4.54654118114825e-11 1.39079532752738e-09 6.48401377190399e-10  9.6236586903477e-16 1.53297978109468e-07
 0.00168401462259554 4.67019844472435e-11 9.25379714676096e-10 4.35286264391541e-10 1.22820694578355e-15 1.16652192749763e-07
 0.00191836977297106 6.47817232064206e-11 5.75180575071167e-10 2.53674484586145e-10 4.49570017033973e-16 1.05996323035967e-07
 0.00218533885422973 1.93014990343312e-11 4.74362985398501e-10 3.13936340046719e-10 5.03096362226071e-16  8.1685613561982e-08
 0.00248946056964282 1.76698630473338e-11 3.70040470845002e-10 2.15318351129379e-10 1.02382705876789e-15 2.03797793982209e-07
  0.0028359052491156 2.95321098329905e-11 2.06671533357371e-10 1.57605250450477e-10 7.06973027068241e-16 5.18152419425093e-08
 0.00323056274922856 8.15805313939332e-12 1.28411808948445e-10 1.21758000525142e-10 7.14873872743534e-16 1.06472339321322e-07
 0.00368014258584905 1.22361153024286e-11 1.99632043365711e-10 6.41601460857503e-11 3.46328011007957e-16 1.01155736526094e-07
 0.00419228800165354 9.00666876290091e-12 1.14733727079506e-10 7.67188433791459e-11 7.42749809407166e-16 9.55526796272371e-08
 0.00477570590780612 2.50950294663591e-12 9.14668307827798e-11 6.25285061718179e-11 1.67605340209742e-15 8.84030202483846e-08
 0.00544031490891334 3.74873449237121e-12 4.31601097704694e-11 3.00679159340385e-11 9.27764084974799e-16 8.40449640103434e-08
 0.00619741392780637 8.17313144149551e-12 5.47532541661488e-11 2.74968461944111e-11 1.02005172630814e-15 5.13129016750438e-08
 0.00705987429691639 1.89053233125864e-12 2.48672142111625e-11 1.99965476115289e-11 5.94418458343785e-16 2.71305704563189e-08
 0.00804235858196141 3.18509778487871e-12 2.21596441206496e-11  1.8525793241991e-11 1.75232565873356e-15 5.47607355054993e-08
 0.00916156985813459  1.8207134226785e-12 2.20025092401633e-11  2.0313695819238e-11 1.48614441419692e-15 9.47004946364544e-09
  0.0104365356767032 1.10113751205848e-12 2.57766296494609e-11 1.12720461652503e-11 1.03868521844002e-15 1.33858728095921e-08
  0.0118889315496936 9.45923870762593e-13 2.29581568036724e-11 1.69100855680448e-11 7.47948199043321e-16 1.05354639911665e-08
  0.0135434494521798 3.72902626657677e-13 1.23135392884484e-11 1.23311961810033e-11 5.74859359758589e-16 1.42225644193649e-08
  0.0154282176070292 1.93121764220436e-13 1.65533985322653e-11 7.69661276043378e-12 7.08699561289253e-16 1.37101341050126e-08
  0.0175752786888082 2.79576659736604e-13 1.14391367188875e-11 7.99473722117952e-12 9.12946804457397e-16 1.30254706224731e-08
  0.0200211345767215 2.34418791227549e-13 4.86856789836847e-12 3.87666434184847e-12 1.09261819051039e-15 1.20775863955835e-08
  0.0228073669178543  1.9543247551888e-13 3.88488153236784e-12 3.05491247317034e-12  6.9520205200535e-16 3.95218998696102e-09
  0.0259813440508231 1.63815688229662e-13 4.23252481722311e-12 6.03134105435326e-12 1.79554527156822e-15 1.79391598419328e-08
  0.0295970263081448 1.30953362844313e-13   1.173865317328e-11 3.50322176045567e-12   7.888574432922e-16 5.75970441025345e-09
  0.0337158833881522 5.79175417078989e-14 3.98078411886857e-12 3.07845668202543e-12 1.00583125824417e-15 2.38195194919352e-09
  0.0384079393925684 6.47060496613943e-14 4.73717438897669e-12 3.31968266660913e-12 8.59072889922884e-16 3.40630505187337e-09
  0.0437529632962718 6.29690010580129e-14 4.05664446175705e-12 1.95123258466217e-12 7.09214968102597e-16 2.83331973581704e-09
  0.0498418250882607 4.58805836124881e-14  3.4227655862533e-12 2.61595289570514e-12 1.53714170556539e-15  4.8107835344696e-09
  0.0567780406393743 8.19291458713927e-14 2.86168701265606e-12 1.93003525576805e-12 2.24498663846236e-15 1.65125033878737e-09
  0.0646795315608484 3.38156406381293e-14 4.95741090621622e-12 1.63677780517321e-12 3.01253927487383e-15  2.4360665074185e-09
  0.0736806299728077  1.4234911723316e-14 2.98308676140079e-12 1.49885471586919e-12 2.91232766270743e-15 1.12781817120122e-09
  0.0839343622654803 1.43976586955115e-14 1.48141265236968e-12 1.31788886865538e-12 2.23678703911768e-15 2.03660420150319e-09
  0.0956150506790302 2.77542850075311e-14 3.68137011885647e-12 1.49620144005754e-12 2.06288346121211e-15 1.90330638636187e-09
   0.108921276931098 1.81755666425104e-14 1.21857910534653e-12 9.81054912449196e-13 4.65637376573414e-15 2.40910151356667e-09
   0.124079258276259 1.94348087791435e-14 2.38780154600134e-12 1.25891855311692e-12 6.49700861450838e-15 5.74480384975562e-10
     0.1413466933933  1.0934781354695e-14 1.62288790036167e-12 1.03924117328467e-12 6.33713216092016e-15 2.12684363938653e-10
     0.1610171434837 2.76345098493493e-15 9.05960871683342e-13  1.2555085958818e-12 6.24054480323827e-15 1.41519616341966e-10
   0.183425023063748  2.0949897065093e-15 1.03382752670328e-12 6.59507856613879e-13 3.63309284597584e-15  1.1996923839446e-09
    0.20895128529803   1.403191455835e-15 1.33953212418904e-12 1.14105024538796e-12  3.1138175255406e-15 3.70695814375454e-09
   0.238029898529846 2.32847769061162e-15 2.48712775405008e-12 1.35257465163741e-12 6.72268053916155e-15 6.88804500062697e-10
   0.271155224115116 3.80855434518236e-15 2.80803072206301e-12 1.28471900545648e-12 4.83516049559445e-15 2.15128032633464e-09
   0.308890420989276 1.61295853322375e-15 6.85951727698861e-13 1.54661637366559e-12  9.0114060291798e-15  3.3696603068853e-09
   0.351877019852015 2.22480507654138e-15 7.82872612875879e-13 9.65819372839833e-13 7.74879362045197e-15 4.86935071854917e-09
   0.400845829739193 1.64299112902566e-15 1.66514711823419e-12 2.04922682327083e-12 3.21641345614255e-14 5.25371461407951e-09
   0.456629362403026 2.48462098876504e-15 1.45343739631296e-12 9.11800697532263e-13 2.61755038566042e-14 3.86709882073324e-09
   0.520175985725633 2.02129567077153e-15 2.84183538588463e-12 1.20733284536766e-12 2.71740782748115e-14 1.78484931127578e-09
   0.592566046786134 1.26026324269511e-15  7.8154845608017e-13   2.605569558313e-13 1.45143472950999e-14 1.71042563682164e-09
   0.675030238687244 1.37748959162839e-15  3.9559604465061e-13 1.42165137833045e-13 1.48298464546349e-14 5.96222067619094e-10
   0.768970523393174  8.5905848565541e-16 2.24140872395298e-13 1.00128261536195e-13 8.21363570427361e-15 1.31509457333095e-10
   0.875983966285014 5.60909511033749e-16 8.84754359478861e-14 7.24475477471727e-14 1.96568103752027e-14 1.14482545409268e-10
   0.997889887641482 5.74299243033975e-16 1.28065216973768e-13 3.07780792878727e-14 7.63714474636359e-15 2.40429036941402e-10
    1.13676079264348 3.81038029125607e-16 5.30754924538145e-14 3.75743309301724e-14 2.29787767904145e-14 1.11642079980728e-10
    1.29495760573905 3.71452051457323e-16 5.93199498424487e-14 1.78658696596275e-14 5.93474988544944e-15 3.55859155196752e-10
     1.4751698083832 5.61744544143032e-16  3.1074088637056e-14 1.78904214036801e-14  4.4749440704539e-14   1.099770994395e-10
    1.68046116252848 6.26568796352097e-16 4.69031016191846e-14 2.25050625451378e-14 3.40691791364972e-14 2.90521969124215e-11
    1.91432179720491  4.8457150731929e-16   4.706390782375e-14 3.75806397088794e-14  4.9998116434486e-14 3.15958278674076e-11
    2.18072754370587  5.3086882122181e-16 4.77092726357135e-14 2.41201123737467e-14 7.77786975276601e-15  2.6377407746966e-10
    2.48420752812878 6.41314731204014e-16 3.58621075743223e-14 2.20764762682642e-14 5.12336610490679e-13 6.72679032979115e-12
    2.82992117040186 4.93519960700215e-16 2.14315133907807e-14 8.18629264776916e-15 1.38309484737959e-14 4.10090116878021e-10
    3.22374589884644 7.21846375206683e-16 2.78066749417402e-14  1.8391044288187e-14 2.19294508773512e-14 1.24984048555235e-10
    3.67237707149754 8.31273584753008e-16 3.41255979679934e-14 2.30267892370411e-14 1.81624051977956e-14 1.03352952950836e-10
    4.18344180293078 8.36961993123645e-16 2.19629228233508e-14 1.69831242239901e-14  2.5121341641771e-14 1.20574976503339e-10
    4.76562863174941 9.96529011029544e-16 2.38640647148629e-14 1.78282606753767e-14 3.46341288171706e-14 7.79428874711518e-10
    5.42883523318981 1.03176979902818e-15 1.12608954815395e-14 1.89681523488992e-14 1.21666077066667e-13 7.59656520214401e-12
    6.18433668808646 1.04515947393536e-15 3.53516569459612e-14 1.46824881578062e-14 2.49966432889512e-14 7.62763329318088e-11
    7.04497716891289 1.51604992186617e-15 2.52664056651653e-14 2.78070291099573e-14  5.7649447967453e-14 8.44308897999907e-11
    8.02538830172598 9.75194640608581e-16 2.28391188336767e-14 2.64183889879525e-14   2.553382647574e-13 2.12873084797422e-11
    9.14223791635351 1.07618592823956e-15 2.93761389443361e-14 3.41674620442132e-14 5.71091764262669e-13 3.02120278598791e-11
    10.4145134137916 7.90230709157978e-16 3.63256449743044e-14  2.9414410647795e-14 7.67172793212925e-13 7.70277691109353e-11
     11.863844568301 1.94075320980151e-15 3.71156798245058e-14 1.71489665727624e-14 2.50124537468714e-13 1.50951817057258e-10
    13.5148712521137 1.13141007677252e-15 4.43646865147814e-14 1.38402787841411e-14 3.03298677703066e-13 3.05247686786898e-10
    15.3956623343867 1.30880535862907e-15 2.23823888293712e-14 3.48258029759042e-14 3.66458218703149e-13 6.27000451654384e-11
    17.5381928760426 1.28039808126311e-15 6.18455872532414e-14 4.62444358045307e-14 1.57245678042444e-13 2.18464184557859e-09
    19.9788877332196 1.08083247462797e-15 2.37453425381227e-14 3.37586359393373e-14 1.56588265620205e-12 6.10274097166498e-12
    22.7592408110556  1.0881262028872e-15 3.93431193178753e-14 2.52038061557588e-14 7.78377109973804e-13 6.19659918006926e-11
    25.9265204956506 1.05757592207711e-15 5.82568054422211e-14 2.48871451956984e-14 5.15724129152889e-11 2.88864325509023e-12
    29.5345732571566 1.27743127633516e-15 9.00279346553963e-14 1.08786311078154e-14  1.6944868381035e-12 6.31349925327633e-10
    33.6447390859365 1.06442944015072e-15  5.4143503644041e-14 3.06335419520183e-14 3.18514367321717e-13 7.20773380310478e-10
    38.3268943249908 1.91160495909388e-15 5.73782773557653e-14 2.32558324291162e-14 6.42346687954173e-13 2.55460592975651e-10
    43.6606396276985 2.40244146007698e-15 1.04572521837899e-13 2.14926941901776e-14 1.05243756091144e-12 7.28780669729115e-10
    49.7366532371709 1.66045309475873e-15 6.44549240773501e-14 2.24575298837792e-14 6.09205261292185e-13 3.13129048114992e-10
    56.6582325941287  2.6119570537168e-16 3.65121865681265e-14 3.34591929390841e-14 5.39232198427633e-12 3.45853439944792e-11
    64.5430504819586 2.99005424266596e-15 1.61101663508225e-13 3.16002356125192e-14 7.01755765428471e-12 1.82209146606881e-10
    73.5251555649188 2.30823526724423e-15 1.23269089836996e-13 1.27068182127387e-14 9.04843322516018e-13 1.27665808473446e-09
    83.7572513303596 1.43215500212048e-15  5.7700825626195e-14 1.18754518109436e-14 1.09565556056632e-12  5.5308387317993e-10
     95.413292178932 3.63935291645129e-15 6.51214097773348e-14 4.85349995447305e-15 9.31603856413964e-13 1.29596831530986e-10
     108.69144079854 1.65000991794572e-15 5.85341155323231e-14 7.12475294084952e-15 2.08761076049526e-12 1.48663194106377e-09
    123.817437099935 1.82478572299114e-15 9.94701241625446e-14 5.79380539583041e-15 6.17635439892733e-12 2.63412034458043e-09
    141.048435988735 2.00264308850126e-15 3.05990476072189e-14 3.20847122444829e-15 8.94501290613417e-09 2.79677012587292e-09
    160.677379219302 1.53879297925656e-15 3.36317408881756e-14 4.61846530402861e-15    0.432799914952023      1.0886806978583
    183.037975655719 2.83281076033693e-15 1.96651446267223e-14 3.10982220207217e-15    0.491480569093841    0.815847926697931
    208.510374608594 2.16214019514358e-15 1.81319473937659e-14  2.4523475076727e-15     0.78418767810874    0.911644063512595
    237.527628699261 1.12599278701256e-15 2.22194772981741e-14 2.13343965228142e-15     1.05667454309323    0.509060372887876
    270.583056125634 1.60907706487305e-15 1.38587454445798e-15 1.99553088302178e-15     1.85040675781369    0.475854132772702
    308.238627494519 2.48494290454736e-15 2.59997525748118e-15    2.10146258114e-15     1.04274116147706    0.908694515350274
    351.134519803746 1.30890485621298e-15 2.34381855496323e-15 1.64395843630764e-15     1.01107581887069    0.411979078635519
                 400 3.01280878233358e-15  7.2759189943899e-15 1.48846660180984e-15     1.02089904878147    0.941965555301378
