                   x                    y                0.001 2.43017380361343e-10 1.46700472938345e-07 1.13041676680868e-07 1.68659283423537e-15 1.03072023779575e-11
 0.00113916455785539 1.20082569193316e-10 5.61062990848469e-08  5.1519436048587e-08 1.89199919454734e-15 2.90873406507122e-11
 0.00129769588987387 1.24346149605862e-10 2.66851920363498e-08 2.22232778860644e-08 1.45302026121939e-15 1.72990687315506e-11
 0.00147828916461893 4.17354744177305e-11 3.07955157587218e-08 2.26212783255469e-08 1.29893221409931e-15 1.92012618029145e-11
 0.00168401462259554 7.06524622845188e-11  2.7455913710747e-08  2.8603932715717e-08 8.30753557471018e-15 1.23719295752837e-11
 0.00191836977297106 2.42078834848628e-11 4.23446344285289e-08 1.46093652201419e-08 2.07340215742288e-15 1.59015049108491e-11
 0.00218533885422973 2.59814921406317e-11 1.50227509725991e-08 1.70605260425315e-08  1.0895868227318e-15 2.09477823290988e-11
 0.00248946056964282 5.02409564772329e-11 4.90873447619989e-08 1.63250392043114e-08 2.20380204802594e-15 1.08346741130739e-11
  0.0028359052491156 1.96552177089085e-11 1.73946080243453e-08 1.36127783707141e-08 1.75100983024861e-15 2.50221749531869e-11
 0.00323056274922856 1.54752878720021e-11 6.06800956932484e-09 5.23664508152241e-09 5.09472570819144e-15 1.97514992474426e-11
 0.00368014258584905  1.3289587616933e-11 7.16821872404209e-09 3.51410665452392e-09 6.63396586016756e-15 1.78595183296103e-11
 0.00419228800165354 2.46683125915162e-11 4.04208211856201e-09 4.10884493067628e-09 6.41243533952011e-15 7.77062179648693e-12
 0.00477570590780612 3.98916964321622e-12 5.23902565176189e-09 4.01441617276162e-09 2.50304689685814e-15 2.89613989154098e-11
 0.00544031490891334 4.29337518276266e-12 3.64483928093804e-09  2.3099096299445e-09 2.30098682970185e-15  2.4520735091554e-11
 0.00619741392780637 3.16409422669797e-12  1.4816474433398e-09 1.31890419468907e-09 5.20993578620555e-15  4.7814244054345e-12
 0.00705987429691639 2.33360619429561e-12 1.65270183861436e-09 1.58279099025943e-09 3.25086243127518e-15 1.93555720382663e-11
 0.00804235858196141 4.31133278280591e-12 2.06382026489174e-09 1.10431296350769e-09 7.64033257323062e-15 9.95782597280934e-12
 0.00916156985813459 1.08044262898411e-12 1.58192972945087e-09 6.80076430520911e-10   2.463060011701e-15 1.36994454758566e-11
  0.0104365356767032 1.21235051385664e-12 1.11901288181766e-09 5.92685573309892e-10 3.25126134486153e-15 6.14289091202586e-12
  0.0118889315496936  1.2889087500581e-12 7.32691926842939e-10 4.29065069835966e-10 1.66125524018232e-15 1.55161004525176e-11
  0.0135434494521798 9.84949303150348e-13 2.07334689341737e-10 2.53050245912193e-10 6.40038561336443e-15 1.66908514305354e-11
  0.0154282176070292 5.60667526473461e-13  2.9389304929686e-10 1.65823727354649e-10 6.54308771490704e-15 6.50005435742918e-12
  0.0175752786888082 7.89084209186125e-13 1.24201243763472e-10 9.15510605713254e-11 3.84617813387057e-15 1.45983983625817e-11
  0.0200211345767215 2.90349572624504e-13 1.84033995099669e-10 1.92302643841627e-10 6.75133028725419e-15  6.7116995776804e-12
  0.0228073669178543 4.56576302616267e-13 1.13715323095709e-10 7.03093442205972e-11 4.88553327524873e-15 1.89386362008353e-11
  0.0259813440508231 3.63955477940131e-13 9.50914828279275e-11 9.27116213679461e-11 3.00434125348888e-15  1.4587170688085e-11
  0.0295970263081448 3.40490735052655e-13 1.07192539700076e-10 5.67385848980136e-11 1.09232483202541e-14 5.53318049582816e-12
  0.0337158833881522 4.08214338293276e-13 8.18359235951073e-11 3.29248818749074e-11 5.27479550491233e-15 1.76643796474115e-11
  0.0384079393925684 1.37365335184571e-13 1.06171285095857e-10 3.30207882801363e-11 7.92565560555362e-15 8.63980447152519e-12
  0.0437529632962718 1.36318476132317e-13 6.73949591489255e-11  2.8494372820113e-11 1.88056469820949e-14 3.77177369526695e-12
  0.0498418250882607 5.43556998275162e-14 4.60714622053559e-11 2.71642821807658e-11 2.44520823537625e-14 3.86456111859191e-11
  0.0567780406393743 3.87424387076165e-14 3.60153842533023e-11 2.26954150708075e-11 3.18520940993121e-14 5.52307668179884e-12
  0.0646795315608484 5.90494822119188e-14 3.90442779026178e-11 2.06362192565323e-11  1.5507941803967e-14   1.645384985678e-11
  0.0736806299728077 3.60723515844592e-14  2.2960144007816e-11   3.215029587233e-11  5.6645807778523e-14 1.38776511195779e-11
  0.0839343622654803 4.12551706354931e-14 3.38895948978724e-11 2.30767329601184e-11 1.24369859802897e-14 3.81450225260177e-11
  0.0956150506790302 1.35184349860595e-14 2.94629765364784e-11 2.06699374739608e-11 2.99120389607354e-14 3.63957123614437e-11
   0.108921276931098 3.82210545610189e-14 4.25834193188629e-11 2.84856703146901e-11 1.04216881472665e-13 2.47684804031387e-11
   0.124079258276259 1.51891993092137e-14 8.65075917845753e-11 1.01438038291935e-10 2.00926234544073e-13 9.88299122341672e-11
     0.1413466933933 2.16777064040375e-14 1.43985051119732e-11 3.51937650635693e-11 1.05886652620882e-13 1.31381806790645e-11
     0.1610171434837 1.48894894786129e-14 1.25641271919806e-11 2.08628186508493e-11 5.83445193828846e-14 3.48405956482949e-11
   0.183425023063748 1.63303904305448e-14 2.65885283600359e-11 6.93412474457127e-12 4.66448505104411e-14  1.1652243274344e-11
    0.20895128529803 1.25171847483666e-14 9.29291706661747e-12 3.30112729337157e-12 5.17050689527337e-14 1.20996874393744e-11
   0.238029898529846 9.11573017924801e-15 9.90547022882326e-11 4.10363282152948e-11 3.19446564884461e-13 3.10881374427761e-10
   0.271155224115116 6.76292035637243e-15  2.1689506063452e-12 1.16235647948718e-12 1.55739387414543e-14 4.44640643413347e-12
   0.308890420989276 7.44565000684871e-15 1.35094787275394e-12 7.90822227064231e-13 2.08947771178493e-14 4.02537306604523e-12
   0.351877019852015 3.81170524777047e-15 1.15273543631847e-12 4.34839706220947e-13 5.35429847474056e-15 1.54542450475749e-12
   0.400845829739193 5.72985917825874e-15 1.02817923759135e-12 5.57951924012286e-13 3.63301019928194e-15 1.09670914237717e-12
   0.456629362403026 1.95609929105728e-15 3.94155095615308e-13 3.43360961593331e-13 1.21167563581895e-14 1.52890509957263e-12
   0.520175985725633 2.96026038182662e-15 5.82549201813348e-13 3.96962304567307e-13 8.80228455303586e-15  1.5224012939914e-12
   0.592566046786134 2.82220479322641e-15 2.62326822289678e-13 1.95587353108276e-13 2.71666321673091e-15 8.36553375578007e-13
   0.675030238687243 2.69400167788181e-15 3.46080936965378e-13 3.08066498426378e-13 1.07540071398713e-14 8.00061955854228e-13
   0.768970523393175 1.86866298416361e-15 3.67286615397181e-13 1.64674767489451e-13 3.20561996369976e-15 6.46983818583688e-13
   0.875983966285015 8.90435854912788e-16 1.29955342700657e-13 1.41274917001746e-13 4.62760662795155e-15 4.94482130243972e-13
   0.997889887641482 9.72534049918608e-16 9.82381385368046e-14  8.5944023385904e-14  4.0219632651634e-15 3.21770330610285e-13
    1.13676079264348 8.50900355927111e-16 9.51906555237548e-14 8.24750108856175e-14 5.94980387964157e-15 5.09105132360653e-13
    1.29495760573905 1.16460610734213e-15 7.19613478252194e-14 6.84287172773973e-14 4.51294942142258e-15  7.2693247617071e-13
     1.4751698083832 4.81510625927841e-16 3.49313064563796e-13 3.35332752768316e-13 2.64015872516942e-14 3.64130235936431e-13
    1.68046116252848 7.02190235243112e-16 6.76192557673934e-14  3.2194597285518e-14 8.39042427531503e-15 2.57190791484733e-13
    1.91432179720491 6.82963083556164e-16  3.1010987499143e-14 4.19824917933186e-14 4.00912195297059e-15  6.1147401681251e-13
    2.18072754370587 4.12743037937129e-16 2.93313854033908e-14 3.30321139126837e-14 5.20464511926823e-15 3.31926345048033e-13
    2.48420752812878 9.46109274707906e-16  4.7314026271709e-14 4.52452032282327e-14  3.6876658099338e-15 3.17611656024944e-13
    2.82992117040185 5.61053518229009e-16 1.70787381365701e-14 5.16611200829007e-14 7.38128293335758e-15 2.48769515280997e-13
    3.22374589884645 1.05233127359363e-15 3.12005893785492e-14 5.35249838469339e-14 4.70835595399714e-15  2.8010624763117e-13
    3.67237707149754 6.25160075807744e-16 4.35385273034051e-14 6.05534323526874e-14 1.73951070484779e-14 5.98527497444634e-13
    4.18344180293078 6.51198800938277e-16 4.23658689019291e-14 3.23255476597776e-14 2.83588532189576e-14 1.78357644953677e-13
    4.76562863174941   8.673955921634e-16 2.23345895259767e-14 1.44291946905585e-14  8.5768183608652e-15 3.69394543907744e-13
    5.42883523318982 7.48003222915348e-16 2.71423368415095e-14 2.03753845675118e-14 1.49734035010145e-14 5.89704294208402e-13
    6.18433668808645 8.43818060928005e-16 1.52675820484637e-14 1.76489259437722e-14 1.00305440082316e-14 7.49957404939262e-13
    7.04497716891288 6.57597547913108e-16 1.13799333085579e-14 1.84934438207863e-14 7.75601257449495e-15 2.51471405806815e-13
    8.02538830172599 9.62249443776125e-16 2.37167722270031e-14 3.06201895727476e-14  1.3689764576775e-14 8.23706021149162e-13
    9.14223791635352 6.81105283706076e-16 1.96456905905033e-14 2.12874256809844e-14 2.32404834158661e-14 1.22059160386101e-12
    10.4145134137917 8.30805081697304e-16 1.91174161839303e-14 1.46162775289402e-14 1.17514051571941e-14 1.84020048970427e-12
     11.863844568301 6.24945791422419e-16 3.92436865787774e-14 2.26066490058776e-14 2.39596576219078e-14 1.35074667328083e-12
    13.5148712521138 7.88382663137624e-16    1.72606370683e-14 7.07293350488031e-15 3.74697314893466e-14 1.41674923848889e-12
    15.3956623343867 6.02042203936296e-16 2.94526781140001e-14 2.80203678884266e-14 4.55400202726186e-14 1.09739292252551e-12
    17.5381928760426 1.27378159904864e-15 1.92502063408748e-14 7.88801741104511e-15 3.58617480582985e-14 1.22214811305804e-12
    19.9788877332196 1.79898847334674e-15 2.17425485818486e-14 7.51202548161785e-15 2.22125192272798e-14 4.98141996591965e-13
    22.7592408110557 8.39914134645715e-16 4.34673859417197e-14 2.43776940215028e-14 1.07882537414886e-13 3.41675514931845e-13
    25.9265204956506 1.70863055593281e-15 1.97388794354203e-14 3.02217652035315e-14 5.97407273183475e-14 3.00191475077695e-12
    29.5345732571566 1.02488040807879e-15 2.55215829612014e-14 2.00438560920716e-14 2.22418442382383e-14 2.27005614740337e-12
    33.6447390859365 1.61326835472726e-15 1.49884486940931e-14 3.23940632550877e-14 3.94457235614443e-14 4.05468866974561e-12
    38.3268943249909 6.80085664456546e-16 1.99381964064726e-14 2.86395313547236e-14  5.7379800948207e-14 8.29146156689187e-13
    43.6606396276986 1.15835882968061e-15 4.58477560099231e-14 3.64593049503448e-14 2.96508639369031e-13 1.03138389052309e-12
     49.736653237171 7.75457136990836e-16 1.41940272704476e-14 2.88843296625304e-14 2.11933648190701e-13  9.9382212403837e-13
    56.6582325941288 1.48047990409117e-15 2.96131445530498e-14 1.65075914498348e-14 3.17176736061892e-13 1.91927734947345e-12
    64.5430504819587  5.6839554401694e-16 1.15233321902748e-14 3.46789383387262e-14 2.70443033737697e-13 3.49319850874541e-12
    73.5251555649188 6.64519027422939e-16 1.81913318703606e-14 3.64712369553678e-14 7.56286473481696e-06 7.86734853360444e-06
    83.7572513303597 1.41252476605481e-15 2.38014604172612e-14 2.11058878912306e-14    0.145757713272892    0.468204368124389
    95.4132921789321  8.1860211065074e-16 1.03720991036986e-14 1.15713197975412e-14    0.152273082437989    0.493942734495957
    108.691440798541 4.09629175429196e-16 1.75020365932205e-15 1.00646585478404e-14    0.152981211336492    0.193404427068003
    123.817437099935 7.00486517796345e-16 2.26325165372452e-14 1.57991637830692e-14     1.00853488708083    0.507393936061895
    141.048435988735 8.37596555035263e-16  3.0201914287163e-15 6.44421780893106e-15    0.212110825603983    0.298611327449751
    160.677379219302 9.68127848188783e-16 2.44092751112042e-15 7.21162684963164e-15    0.493483595642746    0.976147506913782
     183.03797565572  1.9546326720869e-15 5.72419199487892e-15 1.41983961063798e-14    0.473509812725495    0.901539767589077
    208.510374608594 9.04763640257802e-16 8.64426662998903e-16 2.63339147357026e-15    0.438373917581576    0.243657339077029
    237.527628699261 6.38684707470144e-16 1.11015945115403e-14 1.81886474171718e-15     1.12151106334459    0.455703692687562
    270.583056125634 8.89297443391729e-16 6.03958241137465e-16 1.77047689654454e-15    0.764821842094741    0.913777565970083
    308.238627494519  9.4044532292075e-16  5.1982460828379e-15  7.7075375827132e-15    0.841653312966469    0.707211515488049
    351.134519803747 6.89716320520623e-16 1.15453130931255e-15  1.1585187747549e-15    0.800332487058425    0.339671365075119
                 400  1.8043112743395e-15 6.53037893465999e-15  1.1872957016205e-15    0.923048422236445     1.00186781206875
