                   x                    y                0.001 1.08762300696928e-10 1.40414423239941e-09 1.69456871860347e-09 4.90914692814452e-16 9.30740233932508e-12
 0.00113916455785539  7.0561325502796e-11 1.14947419496782e-09 8.95458802836692e-10 4.70140805773789e-16 2.56108128802325e-11
 0.00129769588987387  1.2834220995928e-10 8.90424362030813e-10 9.95817051862353e-10 1.30995672712989e-15 1.72906838648161e-11
 0.00147828916461893  5.8242404099243e-11 1.10584270318107e-09 6.32372281172533e-10 8.94461683370842e-16 1.70563538924193e-11
 0.00168401462259554  3.7705883725286e-11 1.26112335083771e-09 8.59484875259847e-10 7.79159408841427e-16 9.86895443211794e-12
 0.00191836977297106 3.24239808160317e-11 6.77307007780358e-10 6.01351565211718e-10 1.44350601160466e-15 2.07805882786191e-11
 0.00218533885422973 2.35771724122661e-11 8.81450097965284e-10 4.11288393056662e-10 1.26190589271655e-15 1.61330700256961e-11
 0.00248946056964282 6.30670170554072e-11 4.45217416692355e-10 4.23713596289172e-10 1.50303429332736e-15 1.08151441467205e-11
  0.0028359052491156 2.06336181403841e-11 1.39276602639149e-09 5.72945657834565e-10 1.30987622946316e-15 2.07427263713193e-11
 0.00323056274922856  2.1239435514239e-11 4.63733000412908e-10 2.96675961287102e-10  1.9721255876978e-15 2.46207227180213e-11
 0.00368014258584905 9.86133520024584e-12 5.15031528800635e-10  2.9405101805451e-10 2.93285370242909e-15 2.03076738150435e-11
 0.00419228800165354 9.78283338769857e-12 5.96042710903423e-10 2.02938928308737e-10 8.39813083126214e-16 9.73990852429669e-12
 0.00477570590780612 8.22774745775442e-12 2.57395009268111e-10 3.32853975637101e-10 2.27055237729866e-15 2.46924995979541e-11
 0.00544031490891334 7.72037842448365e-12 3.24404862323872e-10 2.57822013723929e-10 1.98125444870373e-15 2.24007705615629e-11
 0.00619741392780637 5.30948870008937e-12 3.18207705340142e-10 2.13956975561301e-10 5.75009971972294e-15 5.03503744940754e-12
 0.00705987429691639 3.71511854208248e-12 3.30357853365427e-10 1.57337184990736e-10 3.73729815829344e-15 1.93549882315553e-11
 0.00804235858196141  5.4554810792483e-12 2.34043352207014e-10 1.30753659197424e-10 2.47954465288128e-15 1.48119656546668e-11
 0.00916156985813459 1.66113273792219e-12 2.08807048665753e-10 1.00554979416284e-10 2.41043968244199e-15 1.58471129473156e-11
  0.0104365356767032 2.52759303372829e-12 1.59424091007619e-10 1.15291904193552e-10 3.73725709669176e-15 8.27905020866672e-12
  0.0118889315496936 1.38717804921386e-12 8.49455832464547e-11 1.00987861328503e-10 1.39775896231659e-15 1.54952775207943e-11
  0.0135434494521798 7.20398213047561e-13 1.44300617474923e-10 1.23469667873813e-10  8.6591401198561e-15 1.91236963068068e-11
  0.0154282176070292 8.46392567078026e-13 1.58789720706179e-10 8.01512834503629e-11 6.26734431863946e-15 6.49397773077371e-12
  0.0175752786888082 4.42746191091386e-13 4.89289679045317e-11 7.20150226264703e-11 4.32470617742049e-15 1.45827210013902e-11
  0.0200211345767215 3.54412263627513e-13 7.03492801323088e-11 5.03806111603086e-11  1.2110161945071e-14 6.70121809732391e-12
  0.0228073669178543 1.75229675207201e-13 6.59439434345193e-11 5.65814974145281e-11 9.29774610062663e-15 2.10681565000741e-11
  0.0259813440508231 1.71042427693017e-13 1.31164899158606e-10 6.11871376073578e-11 4.05851126669669e-15 1.67311999789764e-11
  0.0295970263081448 2.55184562581752e-13 4.60270960651986e-11 3.14421469361144e-11 7.10135874655477e-15 4.92382946214907e-12
  0.0337158833881522 3.19443409883327e-13 5.40551095687963e-11 3.60713551937157e-11 3.30401843843635e-15 1.74815452228991e-11
  0.0384079393925684 1.64519739747272e-13 5.54876899173683e-11 3.23028316762223e-11 1.17890094357622e-14 4.23513672015302e-12
  0.0437529632962718 1.15119548077129e-13 2.43759130100715e-11 3.14626149662666e-11 2.20855527186859e-14 4.71998473665598e-12
  0.0498418250882607 6.56920629709652e-14  2.3798942436174e-11 2.98438233585312e-11 2.96927680058589e-14 3.60327567637908e-11
  0.0567780406393743 3.59228799870391e-14 2.94757540389934e-11 2.18991737048766e-11 1.67826309496068e-14 7.69103293047393e-12
  0.0646795315608484 4.12201606733342e-14 2.70912938660307e-11 2.16699256333497e-11 1.43855365447676e-14 1.30735056278311e-11
  0.0736806299728077  8.1565717337218e-14 4.06668819267841e-11 2.74147959451663e-11  1.9869586109141e-14 1.12852071032577e-11
  0.0839343622654803 4.04319492638486e-14 2.93729573162915e-11  2.1576389775164e-11 1.65984945050767e-14  3.7876599200098e-11
  0.0956150506790302 2.86328353433081e-14 7.02938558606864e-11 2.00985128109131e-11 3.52531779810054e-14 4.90412890274901e-11
   0.108921276931098 2.13508677993345e-14 5.30916957401659e-11  3.8681255239213e-11 9.74311692627286e-14 3.95677308067428e-11
   0.124079258276259 1.01263125731934e-14 1.33386671407997e-10 1.27679009803877e-10 1.40418711849423e-13 1.35676948053408e-10
     0.1413466933933 1.28499729299949e-14 2.36963449484829e-11 5.09001535033374e-11 1.02494123768592e-13 1.22286331774674e-11
     0.1610171434837 2.08140749179563e-14 1.47508266240417e-11 2.87801062022118e-11 8.15635440274814e-14 4.37783126489773e-11
   0.183425023063748 1.17087786292262e-14  2.4806186175295e-11 7.91676231019904e-12 5.61842770053409e-14 9.65848024484024e-12
    0.20895128529803 6.09513531376269e-15 7.55251098007683e-12 3.84788661747296e-12 5.44631051346337e-14 1.45511693226598e-11
   0.238029898529846 1.01430855578764e-14 1.12788226153396e-10 4.97706705602465e-11 3.52722862875935e-13 2.97897519768695e-10
   0.271155224115116 3.38934566363421e-15 1.48344135286054e-12 1.49472829253679e-12  1.5315489875517e-14 4.78311013271241e-12
   0.308890420989276 8.04639179954343e-15 1.06260982753892e-12 9.41367461320603e-13 1.93696470738155e-14 4.35134398684179e-12
   0.351877019852015 4.04792937699455e-15 1.74292884710312e-12 7.37384247095518e-13 4.64719444917328e-15 1.79974576974034e-12
   0.400845829739193 7.28766858706513e-15 5.03454036355273e-13 3.71544564260096e-13 6.79921867942638e-15 1.47451962974337e-12
   0.456629362403026 4.64672722602729e-15  4.0119616676726e-13 3.94988844566467e-13 8.82639068276252e-15 1.19105789789421e-12
   0.520175985725633 5.35300850674698e-15 4.26654735233774e-13 3.00765137215641e-13 9.72920303365579e-15 1.47425107887876e-12
   0.592566046786134 2.01516455542934e-15 1.62235873413178e-13 2.26783095090593e-13 2.60736645980456e-15 7.39768149623494e-13
   0.675030238687243  2.8828721731819e-15 1.92084687622888e-13 3.90833130676317e-13 8.47267727483957e-15 8.40947609174773e-13
   0.768970523393175 2.25375624760405e-15  1.6395410193086e-13 1.61655320611929e-13 3.94625959721745e-15 6.12209180307018e-13
   0.875983966285015 1.84745876120468e-15 1.27811494270909e-13 1.03798283054583e-13  5.2236974731772e-15  4.5363739915359e-13
   0.997889887641482 1.19762397476405e-15 1.46516608095182e-13   3.813230595237e-14 3.57156043897335e-15 3.36458404180557e-13
    1.13676079264348 1.24456716115744e-15 8.59456422769018e-14 1.82648441828936e-14 5.53797363609536e-15 4.95116749374635e-13
    1.29495760573905 8.49528763508262e-16 7.29486823559008e-14  6.7910615224479e-15 4.04044426098092e-15  7.1574352624283e-13
     1.4751698083832 1.06728624995947e-15 7.50712572770359e-14 3.35784789754327e-15 8.83198584787455e-15  3.7010668312138e-13
    1.68046116252848 8.33956107117991e-16 5.86046691135996e-14 9.96369641747859e-15 8.55058568817993e-15  2.0637161151514e-13
    1.91432179720491  7.9604929590934e-16 5.63680751904518e-14  1.7086001339692e-14  4.4128492443826e-15 6.47453821824834e-13
    2.18072754370587 9.71094585151708e-16 3.41630044809239e-14 1.62083219471753e-14 4.73870214408434e-15 2.93525335675836e-13
    2.48420752812878 1.19571124261318e-15  4.5542237096613e-14 2.78243439595854e-14 4.97297752542476e-15 3.22358577747502e-13
    2.82992117040185 6.24416737736222e-16 2.48036121125044e-14  4.6045568067049e-15 5.63689157882309e-15 2.64381537143306e-13
    3.22374589884645   4.665963458667e-16 3.30156623051041e-14 7.01841337212083e-15 3.56662167488682e-15 2.99387788021974e-13
    3.67237707149754 7.34563206440612e-16 9.31701744340832e-15 2.35019436400911e-14 1.82736928324666e-14 6.18534406960328e-13
    4.18344180293078 5.06143326155393e-16 4.69984209088428e-14 1.42604308754313e-14 2.99396811828156e-14 1.67374976601453e-13
    4.76562863174941 7.88862916973454e-16 2.26087559530845e-14 1.20091373820453e-14 8.72631416650172e-15 3.92227205036414e-13
    5.42883523318982 1.20916364043653e-15 3.22967622285588e-14 1.14578670149647e-14 1.53221386992123e-14 5.83970913842345e-13
    6.18433668808645  7.2615879459355e-16 1.30869813612903e-14 1.50831600577757e-14 9.37749040691801e-15 7.48318529663954e-13
    7.04497716891288 6.64984927638401e-16  1.0203336342493e-14   2.436985883973e-15 7.88226071475818e-15 2.53459544357889e-13
    8.02538830172599  7.2157852139521e-16 3.55683372885246e-14 2.96986956313797e-14 1.12174374259895e-14 8.41795490930387e-13
    9.14223791635352 5.40522034847036e-16 2.05313182386958e-14 2.14508672992449e-14 1.49397047067146e-14 1.24279446504455e-12
    10.4145134137917 9.31245729019661e-16  2.0571195900632e-14 1.50003283156522e-14 2.30928686868407e-14 1.83381281770029e-12
     11.863844568301 6.11498892429537e-16 2.90155342378508e-14 2.52839009243829e-14 1.60971154180384e-14 1.32851031087616e-12
    13.5148712521138 6.23620488731982e-16 2.91723403322436e-14 7.67680429074233e-15 3.50863083812295e-14  1.4589422330374e-12
    15.3956623343867 6.60918698731269e-16 3.34540205642645e-14 3.17258104770516e-14 4.80559774636208e-14 1.08097357241001e-12
    17.5381928760426 1.01343138021691e-15 1.75200477029909e-14 5.85085714445263e-15 3.04377314888654e-14 1.23825216627419e-12
    19.9788877332196 9.05005855751643e-16 2.12712803034236e-14 4.41763416989679e-15 2.01538239330506e-14 4.91880926648428e-13
    22.7592408110557 1.00128087069824e-15 4.72636030877737e-14 2.19119995906472e-14 1.33269640253054e-13 3.31369989580507e-13
    25.9265204956506 1.04112590167042e-15 2.88907600093589e-14 3.01061461004222e-14 4.55950132787944e-14  2.9754889759197e-12
    29.5345732571566  8.0749433603718e-16 2.71154384461019e-14 1.96192400814843e-14 8.16338357936999e-14 2.27189127085921e-12
    33.6447390859365 1.14882584038597e-15 1.59622340172314e-14 3.25364608503982e-14 4.11755598009021e-14 4.14971865258668e-12
    38.3268943249909 1.22183268986007e-15 2.51578195270112e-14 3.92291584788155e-14 5.55874820957984e-14 8.70345475174758e-13
    43.6606396276986 7.44794136110507e-16 4.66832265258322e-14  3.3116040558865e-14 2.04179681621095e-13 1.01656836498025e-12
     49.736653237171 5.97846395875487e-16 1.59467987505363e-14 2.89419662290676e-14 2.59995119727241e-13 1.00930906174475e-12
    56.6582325941288 8.39199791114429e-16 1.55077439101487e-14 1.57757273463304e-14 3.85578278730027e-13 1.89029934534783e-12
    64.5430504819587  6.2709832382797e-16 1.46437658546012e-14 4.04531560606965e-14 6.64150965921895e-14 3.55790971940371e-12
    73.5251555649188 5.75196898814235e-16 2.22579047914017e-14 5.36151432392286e-14 1.74689456439518e-13 2.07520685729796e-12
    83.7572513303597 1.76776283045971e-15 2.05863692792593e-14 2.17398722791257e-14 2.13625374387646e-13 1.74658553015305e-12
    95.4132921789321 1.14334397454299e-15 2.41356038197994e-14 1.64591023917963e-14 4.87269284126775e-13 1.00035637605013e-12
    108.691440798541 7.69733651426342e-16 1.12810591966918e-14 2.63762359219665e-14 4.43964847458132e-13 6.20199113269417e-13
    123.817437099935 1.32188754161893e-15 1.58760625964135e-14 3.15501277735269e-14 1.94829685244962e-12 5.24690405943389e-12
    141.048435988735 1.40797660473677e-15 1.55744583192093e-14 1.22963591495849e-14 1.69907810663491e-11 1.60816830861118e-11
    160.677379219302 1.17090190226866e-15 2.62711393174848e-14 2.57496325686284e-14   0.0795969783397526     0.32110044320389
     183.03797565572  5.8719371578144e-16 1.11181251615303e-14 1.22859493281286e-14    0.460775929505265     0.48944554782012
    208.510374608594 1.26623552702885e-15 3.11175017310973e-14 6.15109722676332e-15    0.665156070460357     0.78867802718882
    237.527628699261 5.13521956461649e-16 2.53291200192415e-15 2.20515724029465e-15    0.272817404507357    0.336878481710742
    270.583056125634 8.47742354758661e-16 1.44174513372977e-15 1.72111917756359e-15    0.512338730981629    0.351879247927424
    308.238627494519 1.02819750798137e-15 4.14195813315063e-16 1.82149700419387e-15     0.29793147483304    0.848601965158421
    351.134519803747 8.22918469948511e-16 1.80430483711728e-15 1.50159305704484e-15     1.19535886988676    0.386594641209158
                 400 1.73809643675963e-15 2.97634338660859e-15 1.73146562139831e-15    0.748341427432914     1.01489596607201
