                   x                    y                0.001 2.11382310562207e-11 1.00177022685283e-09 2.22151907252292e-10 4.13042995761064e-15  7.1054433218632e-15
 0.00113916455785539 3.53968650868556e-11 6.00371717402036e-10 4.57048189630401e-10 2.61398010279773e-15 1.77636679489753e-15
 0.00129769588987387 3.14950774790117e-11  2.6810826379181e-10 4.24552022117748e-10  2.4427103894552e-15 2.10943332760777e-15
 0.00147828916461893 1.42779586583759e-11 4.38963976446036e-10  1.3177421954363e-10 4.37044980550796e-15  3.0087246812245e-14
 0.00168401462259554 8.06875068893277e-12 4.95237263930465e-10 2.68689828760863e-10 4.44917897853685e-15 3.66376297984133e-15
 0.00191836977297106 7.27216149586402e-12 7.66759370737252e-11 1.00715666606603e-10 5.90865551251095e-15 1.32120172079283e-14
 0.00218533885422973 8.39093722911243e-12 1.35097459366733e-10 4.50735774829133e-11  2.0834533904353e-15 3.11359131602063e-15
 0.00248946056964282 4.96558131038449e-12 7.44191218004066e-11 4.74475414507449e-11 6.93278437358314e-15 1.99886277004304e-15
  0.0028359052491156 3.85485918845085e-12  1.6976560330959e-10 1.09707101252111e-10 5.34658362280484e-15 3.05318877093763e-14
 0.00323056274922856 6.16766263174317e-12 9.03654482117085e-11 3.66831827459326e-11 3.33027157772089e-15 2.96439744636468e-14
 0.00368014258584905 3.95431891602707e-12 6.13148204683686e-11 2.71762039793423e-11 1.56652576943083e-15 2.94222560840779e-14
 0.00419228800165354 1.37207614817909e-12 6.06406871418156e-11 3.02559066835496e-11 3.30002418262264e-15 5.22677491971108e-15
 0.00477570590780612 2.09148021228617e-12 4.48033801188512e-11 2.72434600096289e-11 4.98886821294413e-15 8.88656567996895e-16
 0.00544031490891334 6.97343297185985e-13 4.12333728688269e-11 1.58467410299542e-11 4.06852706954658e-15 8.88459872526461e-16
 0.00619741392780637 6.42940088052945e-13 1.64936155808453e-11 1.09363357472612e-11 6.04861954157855e-15 4.21940381185777e-15
 0.00705987429691639 9.96073422032551e-13 1.52473148815506e-11 1.25958239643325e-11 7.07641181993226e-15 1.08849755604406e-14
 0.00804235858196141 5.93797735339727e-13 1.05300477794525e-11 8.09984257611355e-12 2.10319699551913e-15 1.33286564050417e-14
 0.00916156985813459 5.03832019892484e-13 8.89670649218377e-12 5.88023278998952e-12    3.77511725808e-15 2.55399364007105e-15
  0.0104365356767032 2.60977015809915e-13 7.84348603435427e-12 6.29957831926242e-12 5.74798149523842e-15 2.92809085136933e-15
  0.0118889315496936 2.49655491093252e-13 5.21694359320322e-12 4.94387197673316e-12 1.77091856649311e-15 1.62216768751145e-14
  0.0135434494521798 1.01276911945181e-13 3.57351869442404e-12 2.39986123986302e-12 3.55168478926596e-15 4.66702021954178e-15
  0.0154282176070292 9.51335926554231e-14 2.63067923948104e-12 1.92587488706211e-12 2.89346630960904e-15 3.88897247930273e-15
  0.0175752786888082 8.62197233226528e-14 2.05669336550959e-12 1.93832014662176e-12 4.28919224112968e-15 1.44426363236375e-15
  0.0200211345767215 1.04496747596523e-13 1.69793642780617e-12 1.85898951031735e-12 4.30787905409802e-15  4.2303255320404e-15
  0.0228073669178543 2.71493161193108e-14  9.7129456998624e-13 1.39656899034665e-12 4.60204085271234e-15 3.22156681451282e-15
  0.0259813440508232 3.72549994449743e-14 2.14738550830612e-12 7.20291563713919e-13 6.52845632323721e-15 3.02091722066249e-15
  0.0295970263081448 3.00548439458913e-14 1.69049659623176e-12 5.37801067607517e-13 1.46033218359828e-15 2.22385938096377e-15
  0.0337158833881522 4.64443272797582e-14 7.70477855329201e-13  3.8044132589736e-13 4.83335995648948e-15 3.40360763266539e-15
  0.0384079393925684 1.00646575145371e-14 5.34711644650685e-13 4.84172116927826e-13 1.38370564615911e-15 2.69617553091673e-15
  0.0437529632962719 1.28467429391861e-14 4.07864364931586e-13 2.25059928698548e-13 2.25960544066405e-15  2.2149366737151e-15
  0.0498418250882607 8.75418104790204e-15  1.6858792863329e-13  1.2370943457932e-13 1.29095154306143e-15 2.98080051862907e-15
  0.0567780406393744 7.02091325396216e-15 5.11057229274415e-13 2.03067552482844e-13 1.68121329340877e-15 1.47572861661018e-14
  0.0646795315608484 6.38343800108401e-15  1.1373875751748e-13 1.15855410828536e-13 3.10582766397716e-15 1.70110795541152e-14
  0.0736806299728077 6.39120944553736e-15 9.40246404426129e-14 7.56732397911931e-14  2.1467564606808e-15 1.07641045380003e-15
  0.0839343622654803  4.5969055820038e-15 1.57867102234768e-13 1.37821503651693e-13 1.50929454642159e-15 1.84467650233672e-14
  0.0956150506790302 4.00117235801633e-15 7.13168468077607e-14 7.72299704082037e-14 1.73102536198012e-15  3.3514559983059e-15
   0.108921276931098 2.78598755932641e-15 8.75260255695583e-14 3.53075950576415e-14 4.85991847554774e-15  4.0060494413883e-15
   0.124079258276259 2.35860222561124e-15 6.03015170987123e-14 5.01802476138864e-14 1.77746600995212e-15 2.71311688093153e-15
     0.1413466933933 2.19675566061643e-15 2.98626056378571e-14 5.72878305738955e-14 2.58607195352629e-15 6.00585402617273e-15
     0.1610171434837 9.34158734295186e-16  7.3038674794484e-14 6.19637810629945e-14 3.05425848139036e-15 4.99749007521438e-15
   0.183425023063748  8.3655593960477e-16 3.16846460407585e-14 3.99243700311151e-14 4.79817425617956e-15 6.34078905325526e-15
    0.20895128529803 6.20337561261713e-16 1.87558892029868e-14 1.75454598898759e-14 3.39258407393116e-15 4.75572347470365e-15
   0.238029898529846 8.80732742209627e-16 2.48396238206656e-14 2.39328388988506e-14 5.10286133974203e-15 2.90763973330157e-15
   0.271155224115116 6.48340672351653e-16 2.27524209099989e-14 6.46991305879357e-14 7.03278884861188e-15 5.31775852831531e-15
   0.308890420989276 5.92542004090784e-16 3.81949676488598e-14 1.80991671044734e-14 8.15171876514188e-15  4.0476857451382e-15
   0.351877019852015 5.77140868227138e-16 3.55212931314536e-14 3.42707273770408e-14 8.05300713837325e-15 3.44866633504279e-15
   0.400845829739193 5.58075615105125e-16 3.45250172232035e-14 2.81450491480342e-14 9.06560895320692e-15 9.22807761484245e-15
   0.456629362403026 7.22618000642248e-16 1.62578909956488e-14 2.23833674107738e-14 1.87450666795047e-14 5.59645770704157e-15
   0.520175985725633 3.90103184894212e-16 1.66139685889141e-14 1.30996330109915e-14 1.34963928378828e-14 5.05810952614712e-15
   0.592566046786134 9.17681232678594e-16 6.92988578863748e-15 1.45868528285931e-14 1.29261770231889e-14  3.9630754439945e-15
   0.675030238687244 7.75711615309142e-16 1.27863157182468e-14 9.31539054218001e-15 5.29274259961007e-14 7.32937533824014e-15
   0.768970523393174 9.31796972420639e-16 5.02879168264956e-15 4.46296288195126e-15 5.57001337286894e-14 1.19604412126512e-14
   0.875983966285015 4.69889272120965e-16 1.38581143350728e-15 2.73311807728553e-15   1.476678268841e-15 5.35879028642165e-15
   0.997889887641482 7.09616603548575e-16 3.89285677375061e-15 7.43463268057379e-15 2.52665831908573e-14 1.11412500909458e-14
    1.13676079264348 4.36367035685644e-16 7.82001144586119e-15 7.14193241917742e-15 6.11746327410765e-14 7.85831489421882e-15
    1.29495760573905 6.69083850323647e-16 1.95656366877289e-15 2.78386182222726e-15 1.58992149845659e-14 1.19389709538281e-14
     1.4751698083832 1.09600352565853e-15 1.35913074701978e-14 4.67365778570184e-15 8.88964699843054e-14 8.43496814650832e-15
    1.68046116252848 5.11546003795509e-16 9.92865362720788e-16 4.40137161875482e-15 3.39590469604208e-14 1.73973120987115e-14
    1.91432179720491 6.33248497090559e-16  7.5839211610143e-15 6.18626729607724e-15 1.12314850789864e-13 1.17981931885262e-14
    2.18072754370587 7.84154438059994e-16  4.3984634914733e-15 6.98697828373988e-15 9.67341032505122e-14 1.81482448103724e-14
    2.48420752812878 4.44327070885686e-16 1.13598694460296e-14 5.92938242338216e-15 3.99268771465686e-14 1.50527008152905e-14
    2.82992117040185 7.30230002985412e-16 7.97575042102173e-15 5.71720582919865e-15 2.03225998078784e-14 1.48760038324479e-14
    3.22374589884644 9.04069199434057e-16 4.76593221601254e-15 6.91531510342398e-15 6.46697575584504e-14 2.61902044061348e-14
    3.67237707149754 7.77849145172864e-16 2.84604922751806e-15 4.01039323507423e-15 9.56417775855445e-15 1.38827552488173e-14
    4.18344180293078 6.32924105648437e-16 1.17327945657069e-14 3.91353273761292e-15 3.06877501378559e-14  3.7189618851877e-14
    4.76562863174941 5.84230969104862e-16 1.34794399463068e-15 1.92943352654289e-15 1.58636290585475e-14 8.65500193675355e-15
    5.42883523318982 1.62939600930393e-15 6.31729419220712e-15  3.4884188932794e-15 2.34878667331515e-14 5.99123243070816e-14
    6.18433668808646 7.69580882835487e-16 3.57762921428453e-15 2.47920264157003e-15 1.36461486530677e-14 2.04616858400314e-14
    7.04497716891288  1.1007504441823e-15 9.42953833179044e-15 6.07797575482542e-15  1.5625880318201e-14 2.88957220114284e-14
    8.02538830172599 8.51355506864791e-16 1.83467910684117e-15 1.83554451586109e-15 2.14014322031569e-14 2.67813899676433e-13
    9.14223791635352 7.86896164217544e-16 3.95776002198396e-15 1.59301281679662e-15 3.66913082680536e-14 5.85322200385879e-13
    10.4145134137917  7.7890102621784e-16 4.52510541958512e-15 9.51081093672039e-16 5.17686834606326e-14  8.8444074917225e-13
     11.863844568301 7.69982325524425e-16 2.07575248047627e-15 1.35859920492474e-15 1.53666901195885e-13 1.17003940221552e-13
    13.5148712521137 1.32422112207452e-15 3.03836225281054e-15 3.47708604063311e-15 2.17905786359644e-13 1.49539062814181e-13
    15.3956623343867 6.92251975175909e-16 5.64029900416478e-15 1.85016852380506e-15 1.08780908585821e-13 2.63003704730818e-13
    17.5381928760426 1.12020430783329e-15 1.31004457495657e-15 5.23322417352385e-15 3.84814829595381e-13 2.63439103542666e-13
    19.9788877332196 7.13859792678958e-16 4.33338904298174e-15 4.64907130074724e-15 8.56899654206346e-14 9.61886747200249e-14
    22.7592408110556 2.57451961877478e-15 6.96014209889685e-15 1.29620451838837e-15 2.85548862301749e-13 2.90002735881191e-13
    25.9265204956506 1.55129621768855e-15 9.20190693760955e-15 5.60334704725506e-15 9.75192293143638e-13 3.09566215367962e-13
    29.5345732571566 1.69087781949669e-15 1.24869235659374e-14 4.24499080355101e-15 1.61273643075888e-12 3.43442583880362e-13
    33.6447390859365 1.68736605340278e-15 2.36793829056493e-15 2.99968705807171e-15 2.92582521296021e-13  4.1938519589329e-13
    38.3268943249909 1.15451642015187e-15 7.08087432627559e-16 2.21597937966809e-15 3.23493324511697e-13 3.55186123056089e-13
    43.6606396276986 2.56563525525451e-15 3.06582509571697e-15 7.48916695503516e-15 4.84141321538881e-13 4.58449414741382e-13
    49.7366532371709 3.61420815924561e-15 5.33056181522574e-15 3.90293314904017e-15 3.02541055561408e-13 6.76871752595485e-13
    56.6582325941288  2.4801403939333e-15 3.16017282752385e-15 5.86811497919235e-15 3.21705278312828e-13 6.75064545181596e-13
    64.5430504819587  1.9653273027177e-15 3.25461684830401e-15 5.87089485667574e-15 1.42430454782631e-12 9.56221682497489e-13
    73.5251555649188 2.00760383118071e-15 5.55852069988338e-15 6.69119417209098e-15 5.23312855721348e-13 7.76576893862271e-13
    83.7572513303596 4.25688957805899e-15 6.21855114636852e-15 2.77160552882806e-15  0.00245064827754322  0.00378675477676798
    95.4132921789321  1.5510138716054e-15  2.7152072705032e-15 2.17967292069204e-15    0.197478660421544     1.03904165874368
     108.69144079854 5.86805182839321e-15  1.1297788077475e-15 1.96416582833679e-15     1.50052250886951    0.644764279391437
    123.817437099935 5.56263264439149e-16 1.36553498440531e-15  1.6440839112636e-15    0.447965656479921     1.23438936832003
    141.048435988735 1.69412167111882e-15 1.97584540909855e-15 2.14423731424075e-15    0.710911640771441    0.844331120831952
    160.677379219302 1.36308012963049e-15 2.31611690870943e-15 2.34885182912255e-15    0.567260951439381    0.351764123817049
     183.03797565572 4.51989054251875e-16 4.21414744791172e-16  1.2915409143327e-15    0.287199736094557     0.22102411084149
    208.510374608594 9.33834642591858e-16 6.47128408645214e-16 1.70355943852326e-15    0.384535071488733    0.215795989807604
    237.527628699261 1.22025223330012e-15 8.94863332170935e-16 1.33646727614021e-15    0.478097186214091    0.369992475863258
    270.583056125634 1.46895827027525e-15 8.63690517338323e-16 6.54160336297251e-16    0.481486664661331    0.330775026797564
    308.238627494519  7.9607133475367e-16 7.06670592883638e-16 1.15545966735216e-15    0.750232250366901    0.378510037923952
    351.134519803747 1.47920249177966e-15 1.36467291748652e-15 1.38551760164567e-15     1.02251637031991    0.842122606829167
                 400 7.79485572260296e-16 5.42173990393601e-16 9.67977906974745e-16     1.42886652277499    0.406943733807784
