                   x                    y                0.001 1.63432811278844e-11 5.50031876903598e-19
 0.00113916455785539 1.90843884324796e-11  1.0842025033577e-18
 0.00129769588987387 1.05332171520943e-11 1.30104950013612e-18
 0.00147828916461893  1.3805712463528e-11 2.20427083378076e-18
 0.00168401462259554 7.03194097153547e-12 2.31262210200032e-18
 0.00191836977297106 1.75297170762461e-11 3.24133270964285e-18
 0.00218533885422973  1.6026861045043e-11 3.27387667723358e-18
 0.00248946056964282 4.13720565419644e-12 4.84289617335709e-18
  0.0028359052491156 3.56548084676483e-12 1.73477641472824e-18
 0.00323056274922856 2.90263369519525e-12 4.43809737109208e-18
 0.00368014258584905 4.21254152090247e-12 1.73502206248108e-18
 0.00419228800165354 5.55048481105985e-12 5.70950052223457e-18
 0.00477570590780612 7.19278677941257e-13 6.98351510063833e-18
 0.00544031490891334 6.35042214697285e-13 1.47925781258979e-17
 0.00619741392780637 1.59612051557413e-12 1.43518594058314e-17
 0.00705987429691639 7.84220267270804e-13 1.39059985123533e-17
 0.00804235858196141 9.48158264380694e-13 1.69153130215678e-17
 0.00916156985813459 7.46607619486584e-13 1.18483828093154e-17
  0.0104365356767032 3.79612557833687e-13 1.25791108289957e-17
  0.0118889315496936 4.65655618030311e-13 6.95001553337967e-18
  0.0135434494521798 1.24082053130393e-13 1.04105993653495e-17
  0.0154282176070292 5.15255074467361e-13 1.73746569530069e-17
  0.0175752786888082 8.40277556089115e-14 3.78729086063323e-17
  0.0200211345767215 1.36059721255528e-13 2.78401500563159e-17
  0.0228073669178543 3.10008137941745e-14 1.99787602659729e-17
  0.0259813440508231 5.23581585159116e-14 4.72086275432168e-17
  0.0295970263081448 4.00905247083491e-14 1.74822347316868e-17
  0.0337158833881522 6.43730784849881e-14 6.51369403503363e-17
  0.0384079393925684 4.88930475659782e-14  4.9629939177003e-17
  0.0437529632962718 9.87404971905009e-15 3.28349201194148e-17
  0.0498418250882607 1.65898401045767e-14  5.5517927081296e-17
  0.0567780406393743 1.70288901473457e-14 4.86032246606382e-17
  0.0646795315608484 1.01148800083579e-14 5.64785044985378e-17
  0.0736806299728077 4.73197278924852e-15 5.92859355033443e-17
  0.0839343622654803 5.32941392885015e-15 7.24441791896024e-17
  0.0956150506790302 3.74393719647134e-15 1.09588142834249e-16
   0.108921276931098 4.61434303620039e-15 8.09207131142367e-17
   0.124079258276259 3.15490314500998e-15 1.11886302282795e-16
     0.1413466933933 3.07547815516347e-15 1.17756934401283e-16
     0.1610171434837 2.71352131557697e-15 2.50145392783602e-16
   0.183425023063748 1.08039294244586e-15 1.30922788333607e-16
    0.20895128529803 1.10615290017607e-15 1.50111226593252e-16
   0.238029898529846 8.87419774121133e-16 3.37952401636859e-16
   0.271155224115116 1.30736105670541e-15 3.25899568241715e-16
   0.308890420989276 1.08741847392315e-15 2.25914017994151e-16
   0.351877019852015 6.44471941432946e-16 4.84730289145668e-16
   0.400845829739193 4.33286007016442e-16 3.90802052949966e-16
   0.456629362403026  7.5308077765973e-16 7.78270497648334e-16
   0.520175985725633 6.88353616080909e-16  1.1918749628128e-15
   0.592566046786134 5.17295408920438e-16 1.55158384577955e-15
   0.675030238687243 7.19933630570615e-16 8.20400399228989e-15
   0.768970523393174 4.83099348266143e-16 1.58644428341625e-14
   0.875983966285014 3.02248777395514e-16 3.26367778396925e-15
   0.997889887641482 5.57230366185581e-16 5.80410160765747e-15
    1.13676079264348 9.14880068053911e-16 1.95003852883126e-14
    1.29495760573905 7.62628142003148e-16 1.82229768355127e-14
     1.4751698083832 7.37477578389135e-16 3.15640005100945e-14
    1.68046116252848 8.90296551289958e-16 6.27291135012623e-14
    1.91432179720491 1.04247245782348e-15 7.49838474621368e-14
    2.18072754370587 1.04152330088347e-15 7.45445614356186e-14
    2.48420752812878  7.7403851812472e-16  5.8476743339809e-14
    2.82992117040185 1.00980907927128e-15 4.79358536490952e-14
    3.22374589884644 5.69311256974794e-16 5.61020905360005e-14
    3.67237707149754 6.00833901190859e-16 2.02839903835348e-14
    4.18344180293078 9.11210726744118e-16 3.01132646333003e-14
    4.76562863174941 6.84307853012552e-16 2.48851913753872e-14
    5.42883523318981 9.71969861359575e-16 2.29983497532597e-14
    6.18433668808645 8.39366053431531e-16 1.50190955472781e-13
    7.04497716891288 6.78362032156249e-16 7.34467704199959e-14
    8.02538830172598  9.2770848966901e-16 2.48747285035355e-13
    9.14223791635351 1.33710842825783e-15 2.32578621795893e-13
    10.4145134137917 1.10736799321163e-15 4.40722293341436e-13
     11.863844568301 1.18225329589292e-15 5.53710107569757e-13
    13.5148712521137 9.06943802785156e-16 2.45594161537967e-12
    15.3956623343867 1.50443895269335e-15 1.53603984223102e-12
    17.5381928760426 9.06300794158781e-16 4.56150030741175e-12
    19.9788877332196    1.14347216591e-15 1.56548672258741e-12
    22.7592408110556 1.28466730962763e-15 7.76921808120964e-12
    25.9265204956506 2.97145916453874e-15 3.24689721226291e-11
    29.5345732571566 3.12531227255182e-15 1.72260287267868e-11
    33.6447390859365 2.74775983420754e-15 2.16561707462622e-11
    38.3268943249909 1.84722986384543e-15 3.30284645817187e-11
    43.6606396276986 2.94775077975067e-15 7.34495955415477e-12
    49.7366532371709 3.04534890770507e-15  8.1532115085236e-11
    56.6582325941287 2.94087812888606e-15 8.59732906511853e-11
    64.5430504819586 2.58560706164416e-15 4.86445252488656e-11
    73.5251555649188 4.67680333519173e-15 1.42047041264709e-10
    83.7572513303596 5.39186299832714e-15 1.82465243090314e-10
    95.4132921789321 2.19864648660908e-15 1.79651969541229e-10
     108.69144079854 3.34423773159041e-15 3.96856743734257e-10
    123.817437099935 6.99859676231604e-15 7.51338185972059e-10
    141.048435988735 1.21283790566959e-14 4.61629332985999e-10
    160.677379219302 5.86263380103551e-15 8.42374585174554e-10
     183.03797565572 5.53167632392109e-15 4.27922731268517e-10
    208.510374608594  8.9403181727657e-15 3.79208544557646e-09
    237.527628699261 6.49924305497122e-15 3.96980288438125e-09
    270.583056125634 7.42490076791174e-15 1.89598474866646e-09
    308.238627494519 1.11003380267143e-14 3.96253288254583e-09
    351.134519803746 8.72038404836154e-15  7.6381308339145e-09
                 400 9.73903895125743e-15  5.6713815444664e-09
