                   x                    y                0.001 9.62238987953169e-11 2.92010336426368e-09 1.05824370036195e-09 1.05918338906493e-15  1.0833669474838e-11
 0.00113916455785539 1.25728807024408e-10  1.7739556934793e-09 1.07273377259368e-09  5.6414661474954e-16 1.28927998926405e-11
 0.00129769588987387  1.9355210891789e-10  1.6341081548982e-09 9.58614837454043e-10 4.15419567014669e-16 7.83631595078324e-12
 0.00147828916461893 7.25179509248822e-11 1.84726030109587e-09 7.29239456879191e-10 1.00027336226433e-15 1.15022328000349e-11
 0.00168401462259554  4.8648167692728e-11 1.00429883127507e-09 5.41891078206396e-10 1.28131772267684e-15 2.00589072035889e-11
 0.00191836977297106 3.82344319573125e-11 4.95686475295822e-10 4.03212261382299e-10 1.03934033367615e-15 1.77364483594607e-11
 0.00218533885422973  2.4968586948909e-11 8.32527098563192e-10 3.02444789180531e-10 7.26902995075537e-16 7.33406670921205e-12
 0.00248946056964282 8.00819216518965e-12 8.93535613432673e-10 3.83611715748814e-10  1.2436053291073e-15 3.13151308875417e-11
  0.0028359052491156 1.16211763390695e-11 2.83505408923748e-10 3.25577219237663e-10 1.82877429215762e-15 1.38881780797826e-11
 0.00323056274922856 1.22270412518623e-11 5.26595006251876e-10 3.09605369580687e-10 1.74978468492885e-15  1.8464635923037e-11
 0.00368014258584905 1.11210873250406e-11 2.62913443411515e-10 3.12391160915941e-10 1.75325535084174e-15 4.11168372027108e-12
 0.00419228800165354 4.56683419964455e-12 3.30457275127168e-10 3.46689965154034e-10 1.85540025614007e-15  1.8856991707757e-11
 0.00477570590780612 1.15000499856084e-11 2.11554096266977e-10 2.16461710467092e-10 3.60614939252851e-15 9.99392101608555e-12
 0.00544031490891334 9.83143772245908e-12 3.70162244505623e-10 1.15912177282451e-10 1.02159203939797e-15 1.30228921341775e-11
 0.00619741392780637 4.33950045976455e-12  1.9517169232827e-10 1.79840890014116e-10 4.41332098779019e-15 1.75614296517237e-11
 0.00705987429691639 3.29035488759561e-12 2.07637044495185e-10 1.27272850815164e-10 1.93118694291609e-15 1.88316520128267e-11
 0.00804235858196141 1.66132901886661e-12  1.5327318561898e-10 1.48404499284621e-10 2.00297669839325e-15 1.98795720081366e-11
 0.00916156985813459 2.26466274116869e-12  2.9783786402476e-10 1.03562886027182e-10 1.36924286408945e-15 1.78140646733365e-11
  0.0104365356767032 9.04965660388881e-13 8.04415612415776e-11 9.04433872032449e-11 5.68284296150432e-15 1.60175597926988e-11
  0.0118889315496936 1.29979883476033e-12 1.62122399815432e-10 6.45446267591058e-11 1.72638744413986e-15  1.1201414558047e-11
  0.0135434494521798 7.16920080539592e-13  1.2457844688982e-10 4.95126217461401e-11 4.41415568287271e-15 9.81809301449229e-12
  0.0154282176070292 5.07169441452467e-13 8.46363536571625e-11 6.52360121364992e-11 4.30221965023521e-15 9.79643403062782e-12
  0.0175752786888082  9.6486169255357e-13 9.22566356565351e-11 5.93940921332915e-11 4.47806359123771e-15 1.63879602635113e-11
  0.0200211345767215 7.61703485045304e-13 9.85137481354499e-11 5.44141889427885e-11  6.5319952930575e-15 8.06613736558294e-12
  0.0228073669178543 3.19747199089462e-13 6.85132248059243e-11 4.64399105099235e-11 4.95658627765899e-15 1.56825920063336e-11
  0.0259813440508232 1.13130202089397e-13 6.68129249908146e-11 4.23808263393738e-11 1.69778664957374e-14 7.06432881721061e-12
  0.0295970263081448 1.45127359396963e-13 2.84051568994039e-11 2.88103073542521e-11 9.74434391734148e-15 1.21117345313499e-11
  0.0337158833881522 5.30537259831445e-13 4.79440687390176e-11 2.97223747864145e-11  1.1792007951445e-14 1.29331469927116e-11
  0.0384079393925684 7.02875542179302e-14 2.46541595472421e-11 2.18534728661707e-11 6.77556314928226e-15 1.87705379740226e-11
  0.0437529632962718 3.17483505852068e-13 3.74184102622619e-11 2.84632967312041e-11 2.15214596052984e-14 1.02234693187498e-11
  0.0498418250882607 1.45724046227167e-13 2.06444152302677e-11 3.11197453572695e-11 1.04348027090557e-14 1.43173353003896e-11
  0.0567780406393743 1.85532353659158e-13 3.88897621456438e-11   1.669699511434e-11 2.82928959699242e-14 1.87310315688302e-11
  0.0646795315608484 2.65950764390115e-14 7.27351648387213e-11  2.3637149465516e-11 5.35758357042802e-14 1.38357532975786e-11
  0.0736806299728077 4.90422074202297e-14  2.6606061881345e-11 1.79245405079439e-11 1.28994096157548e-14 1.26065028748488e-11
  0.0839343622654803 2.29425992421138e-14 4.15954779453445e-11  2.5776879448023e-11 5.17759580000923e-14 4.33121550655836e-11
  0.0956150506790302 2.01694539312042e-14 5.54522602785989e-11 2.29459258357113e-11 1.00143921562874e-13 7.99941076719125e-11
   0.108921276931098 8.36040996940904e-15 6.56366276168388e-11 7.06469850475404e-11 4.88621157131072e-14 4.53846087478573e-11
   0.124079258276259 1.32815956179111e-14 3.18914676580097e-11 4.95995528645108e-11 7.37153765949975e-14 8.05226908999376e-11
     0.1413466933933 9.34532650222002e-15 1.64955819403402e-11 1.62283073760662e-11 5.29885206290089e-14 4.75276349330466e-11
     0.1610171434837 7.09679872641517e-15 2.52585004224497e-11 1.09699703527831e-11 7.21065242776684e-14 1.58862497137173e-11
   0.183425023063748 6.23714751813049e-15 7.80758372344892e-12 4.18242337460599e-12  3.0924588370603e-14 8.68258416102421e-12
    0.20895128529803  1.2811406589114e-14 2.13774460594745e-12 3.19526061667281e-12 2.55452513373203e-14 1.10729130249823e-11
   0.238029898529846 4.44216812214787e-15 3.27434926270661e-12 2.49199864389756e-12  7.8433929445549e-15 4.67993551671103e-12
   0.271155224115116 3.21905312851085e-15  1.4403967198908e-12 8.78297112570208e-13 1.87022739273781e-14 3.33604548666311e-12
   0.308890420989276 2.10892952245351e-15 7.67938325412217e-13 7.52040417173969e-13 1.83620384390326e-14  1.6344670200085e-12
   0.351877019852015  1.2969140950763e-15 5.37498146977709e-13 5.61423145656342e-13 1.12365531973869e-14 2.58518051141746e-12
   0.400845829739193 1.36484930010735e-15 4.67655757450785e-13 2.80171280881709e-13 9.24609066807052e-15  1.3966424987308e-12
   0.456629362403026 8.96603080765272e-16 6.29866753523241e-13  3.3929607146889e-13 1.21082738585093e-14 1.35141286665576e-12
   0.520175985725633  1.2070799496192e-15 3.75899892131842e-13 2.41034687275397e-13 8.09539984166772e-15 1.31719551795753e-12
   0.592566046786134  8.3246111930425e-16  2.8318429295178e-13 2.75313443352298e-13 5.38017701310358e-15 1.02727381120555e-12
   0.675030238687243 9.69115115440963e-16 1.02107974361131e-13 1.78299283223635e-13  4.5930243646972e-15   5.456367425239e-13
   0.768970523393174 7.54641733102957e-16 1.44615181832874e-13  1.2666487944083e-13 3.96646847836389e-15 6.08348395051781e-13
   0.875983966285015 6.96814846910833e-16 1.46673945312294e-13 4.29720199801579e-14 4.49825011371044e-15 5.41509789685536e-13
   0.997889887641482 5.28458157401667e-16 9.21523398949338e-14  2.0572091540132e-14 3.89339065911549e-15 2.45247527304513e-13
    1.13676079264348 7.74716369916838e-16 1.04088600437521e-13 8.25663760832953e-15 5.78129668211228e-15 7.55373494364267e-13
    1.29495760573905 6.94813071374477e-16 1.31478789080333e-13 3.75190602763142e-15 1.76389909467425e-14 4.90521828364984e-13
     1.4751698083832 5.23363282316856e-16 2.84605499955436e-14 9.08821139054426e-15 8.15020634668826e-15 1.27617438344912e-13
    1.68046116252848 9.20771742916223e-16 3.11391155399371e-14 1.32440178646203e-14  3.0234336479448e-15 5.01114836914586e-13
    1.91432179720491 6.05810250307068e-16 6.01752033137205e-14 2.47352910788438e-14  3.0812518436042e-15 3.13324226091519e-13
    2.18072754370587 6.12151329089826e-16 4.24612126887743e-14 4.01623127215263e-14 4.99053667662678e-15 3.10984524116191e-13
    2.48420752812878 4.44974021584194e-16 1.43974505626239e-14 1.26250313209094e-14 6.30728263954298e-15 2.62959024683666e-13
    2.82992117040185 7.15490772631836e-16  3.0586507377015e-14 5.76726755223443e-15 3.60474191679082e-15 3.33541549821538e-13
    3.22374589884644 7.76447474516172e-16 2.45785364747842e-14 1.94966650767871e-14 6.70776070415983e-15 4.76913004400098e-13
    3.67237707149754 6.04535838725168e-16 1.28416644082182e-14 1.39959330558039e-14 2.64328596424053e-14 3.28848991639212e-13
    4.18344180293078 5.05132936407691e-16 1.50009094677803e-14 1.00366063278312e-14 1.23475435598332e-14 2.86702718808516e-13
    4.76562863174941  5.1562965333661e-16 2.00494712285958e-14 1.21282684144049e-14  1.9697802821236e-14 3.18155893128069e-13
    5.42883523318981 8.44340613548778e-16 3.64785098791728e-14 1.53416228858508e-14  1.0175210109069e-14 7.32689994918835e-13
    6.18433668808645  6.3019984444524e-16 1.37584982136599e-14 2.41008246815183e-15 1.31070615616501e-14 9.79890835345517e-13
    7.04497716891288 6.85931918578172e-16 2.00065635651411e-14 2.56039407040816e-14 1.02867287823364e-14 1.02411869139268e-12
    8.02538830172598 7.27881447362661e-16 2.04701038498636e-14 1.90965916617201e-14 1.27309105250632e-14 4.97116726665771e-13
    9.14223791635352  1.1498748269581e-15   2.061416001521e-14 3.79484932089659e-14 3.33083622773321e-14 9.00811560437843e-13
    10.4145134137917 1.26505199273157e-15 2.33049106916714e-14 2.73329505440211e-14 2.96031201103774e-14 3.88817073485446e-13
     11.863844568301 1.10946941474034e-15 2.79075650640586e-14 1.21203343105787e-14 3.23052547430883e-14 4.74141886683506e-13
    13.5148712521137 6.45423988228025e-16 2.76474234019806e-14  3.3523220308168e-14 5.91561629464465e-14 4.38885618544115e-13
    15.3956623343867   1.505863412194e-15 2.53189926732913e-14 2.33370895780776e-14 7.59052795947082e-14 3.64651295688529e-12
    17.5381928760426 1.46643624803924e-15 4.43255858317049e-14 1.71168406263463e-14 2.51440893837629e-14  5.5366723625504e-12
    19.9788877332196 6.41860815029252e-16 3.13140928713079e-14 2.23412920133265e-14 9.57564390490826e-14  5.9093983043531e-13
    22.7592408110556 1.25318575382371e-15 3.73663454709077e-14 1.91459492938412e-14 1.45330458825747e-13 1.82045510296621e-12
    25.9265204956506 7.10244278660618e-16 5.07083126577246e-14 3.24110316331087e-15 2.32547679435477e-13 3.47142924538654e-12
    29.5345732571566 2.29855211952019e-15 4.26297735727695e-14 1.48395845427204e-14 3.63422558796006e-14 3.42592370513564e-12
    33.6447390859365 4.82883445520909e-16 1.39707728439437e-14 3.94769102067997e-14 3.66402484767739e-14 1.84313262564787e-12
    38.3268943249909 7.27005926299203e-16  2.5225044739136e-14 2.69913154328431e-14 1.01298898155375e-13 3.06525814404117e-12
    43.6606396276986 6.43505759387655e-16 2.18630868710034e-14 1.36954335928058e-14 1.19917806188786e-13 1.71622677069897e-12
    49.7366532371709 1.31227075869886e-15 6.12369478311745e-14 4.43911050742249e-14 2.31480167761845e-13 1.18559609551761e-12
    56.6582325941288 1.42899412985109e-15 2.06894986710113e-14 2.66969605162244e-14 1.34906802800923e-13 5.69344597019788e-12
    64.5430504819586 6.72751478515524e-16 1.31050753513004e-14 3.69435705883952e-14 6.25523331744716e-14 1.72509201352647e-12
    73.5251555649188  1.5405401008231e-15 3.73800835764473e-14 2.69239677398477e-14 3.00628141674142e-13 2.26892137736816e-12
    83.7572513303596 6.36360170315821e-16 1.06610633894416e-14 2.81056795183263e-14  8.3830594284743e-14 2.98646905831793e-13
    95.4132921789321 7.27153622014015e-16 1.36330186864704e-14 2.38244453505039e-14 1.91326095723653e-13 1.34728422801269e-12
     108.69144079854 4.59187307921437e-16 7.97221031449567e-15  2.6254578789448e-14 4.92393163877854e-14  7.6557606707079e-13
    123.817437099935 1.16861283096808e-15 1.60785070178597e-14 1.16023329303347e-14 2.77018223660638e-13 1.05655384322956e-12
    141.048435988735 1.76708906010211e-15 1.03448207196645e-14 8.90094955356514e-15 6.95142286417648e-14 1.66088170235124e-12
    160.677379219302 1.63046166104862e-15 2.48652000502324e-14 4.27902256766739e-15  0.00123953180847966  0.00241912233290198
     183.03797565572 8.63818719642287e-16 1.66940398430281e-14  1.6230908034445e-14    0.292608964758916    0.195364681460346
    208.510374608594  7.1790021124767e-16 5.21617086247163e-15 1.31532904551032e-14    0.187886054527382    0.122256361356325
    237.527628699261 7.54496237994119e-16 3.25553149443698e-15 1.81796384152121e-15    0.320610287061561    0.194858664349372
    270.583056125634 6.89949513485731e-16  8.6130743214896e-16 2.50083406164709e-15    0.206605684259057    0.643143536696396
    308.238627494519 3.33972635499949e-15 8.96257148606809e-16 1.85831489840203e-15    0.718699050085702    0.724445560544315
    351.134519803746 1.01349889132431e-15  9.9093230036282e-16 1.92097999802337e-15    0.788117694917106    0.297458367490632
                 400 1.79087491369647e-15 7.93689790462843e-16 1.53395845845756e-15    0.345753098643672     1.17816494047224
