                   x                    y                0.001 3.47318276509394e-10 2.76452417916275e-07 2.06089460182642e-07 3.07178213623338e-16 2.73656797909089e-10
 0.00113916455785539 5.94178118634824e-10 1.09763243865448e-07 8.00897316415966e-08 2.36364982437216e-15 2.05242598962257e-10
 0.00129769588987387 7.62762382050336e-10 8.91817912721159e-08 7.30340131143795e-08 2.88761828027313e-15 2.05242598334437e-10
 0.00147828916461893 2.85409650299389e-10  9.1484872271146e-08 1.09508855692633e-07 2.47473058076123e-15 1.36828399153488e-10
 0.00168401462259554 3.49073921703001e-10 7.80267814750184e-08 5.37407583877126e-08 1.37614755717108e-15 1.02621299259644e-10
 0.00191836977297106 1.15805387151593e-10 6.03126651761679e-08 4.77193852349492e-08 1.16058032032232e-15 1.36828399227317e-10
 0.00218533885422973 2.25286767461719e-10 6.20182966687854e-08 5.14160452263924e-08 1.20418107211585e-15  6.8414200308931e-11
 0.00248946056964282 1.80107533288479e-10 2.44156502814428e-08 4.43174556423048e-08 8.18392581671944e-16 1.02621300225577e-10
  0.0028359052491156 1.21044910642652e-10 3.27234994188164e-08 1.44453354473681e-08 1.58845456759176e-15  6.8414200433246e-11
 0.00323056274922856 6.02010192842549e-11 3.71355280447539e-08 1.75041994779753e-08 8.46902247579552e-16  6.8414201034762e-11
 0.00368014258584905 5.69475038757037e-11 2.77408242699194e-08  8.7599884692271e-09 1.21166951985886e-15 5.13106498522275e-11
 0.00419228800165354 3.40987364186437e-11 1.30878699117571e-08 7.53525832157754e-09 7.05485417562722e-16 1.02621298448814e-10
 0.00477570590780612 2.21182162968207e-11 1.34875074374014e-08 7.10894372842184e-09 1.21990379801533e-15 4.14440884707285e-11
 0.00544031490891334  1.7609105578416e-11 5.17449816792003e-09 7.44810169159269e-09 1.21660790196939e-15 3.99704916290692e-11
 0.00619741392780637 1.92639502895636e-11 5.26392591254863e-09 3.36654899390778e-09 9.68078889366285e-16 3.42070998328082e-11
 0.00705987429691639 2.39767532908623e-11 5.45241054774992e-09 2.36548570578138e-09 1.64621344660462e-15 4.27588711110287e-11
 0.00804235858196141 1.19133188404334e-11 3.62515544864553e-09 3.05421210273047e-09 2.22365922311873e-15 2.04312397012209e-11
 0.00916156985813459 1.15872420700729e-11 2.29034192525119e-09 2.06572743981972e-09  1.0355476680403e-15  1.3282252312746e-11
  0.0104365356767032 9.45232533618774e-12 2.35658128982605e-09 1.28359463167319e-09 1.18679666541424e-15 1.16534107889676e-11
  0.0118889315496936 7.10582069498885e-12 1.69252525273166e-09 1.17414046365362e-09 1.79499560901818e-15 2.56553294320388e-11
  0.0135434494521798   3.336937146403e-12 1.63587427554871e-09 7.80564007954377e-10 1.52465168248941e-15 8.55177668938226e-12
  0.0154282176070292 2.36937814481217e-12  9.2778666187076e-10 7.43380312122787e-10 4.34530035119427e-15 8.93672200025224e-12
  0.0175752786888082 3.59952359654706e-12  1.2264326497272e-09 4.91406468940523e-10  1.9103990878719e-15 1.71035765560246e-11
  0.0200211345767215 2.62605842849985e-12 5.33230856063926e-10 3.38960843905019e-10 4.15220104321164e-15 1.58589814966327e-11
  0.0228073669178543 1.48871653767379e-12 4.43856420064381e-10 3.14822166209071e-10  1.4726389322906e-15 2.27197452444188e-11
  0.0259813440508232 4.57652890319069e-13 3.79737298417368e-10 2.84616285692898e-10 4.07856050934798e-15 8.55181654124647e-12
  0.0295970263081448 1.09528532981625e-12 2.28042222014598e-10 1.45419544036731e-10 2.26733858007427e-15 7.51747265384115e-12
  0.0337158833881522 3.85961220826985e-13 2.47580381656663e-10  1.6325234989016e-10 3.06652589482317e-15 8.55186926448105e-12
  0.0384079393925684  6.5067022120586e-13 1.63125979785416e-10 1.07151102820331e-10 7.03556424526003e-15 2.61503344959273e-11
  0.0437529632962719 6.45588745357527e-13  1.7182890892287e-10 5.44386723873395e-11 2.10992192207491e-15 8.79162771592988e-12
  0.0498418250882607 5.51158493801109e-13 1.00543206797907e-10 9.18265226158314e-11 1.62259586828694e-14 9.21898938284712e-12
  0.0567780406393743 2.12110248880416e-13  1.0231795273747e-10   7.676498455401e-11 1.17745289445101e-14 8.59399705764464e-12
  0.0646795315608484 2.99926477644868e-13 5.21830734544425e-11 3.16872617258093e-11   4.563536781806e-15 5.96960381784687e-12
  0.0736806299728077 2.30715516283791e-13 5.07216008336188e-11 5.23304302315297e-11 4.21541172302371e-15  2.3887903744281e-11
  0.0839343622654803  2.2890635660919e-13 6.17180531631705e-11 3.41317015454404e-11 1.46192952735459e-14 3.39609658132012e-11
  0.0956150506790302 1.04659902053698e-13  4.6126046818301e-11 2.09400453277231e-11 2.84424711981161e-14  2.2301083535922e-11
   0.108921276931098 8.68305770161943e-14 3.10255342033907e-11  3.1232769410691e-11 1.41593481660495e-14 4.86819945836738e-12
   0.124079258276259 7.56524878655627e-14 3.61619596625644e-11 2.18674480537419e-11 7.05453033074631e-15 6.66027320864953e-12
     0.1413466933933 1.38750302830612e-13 4.00364792982107e-11 1.91195750649489e-11  1.0396873022016e-14 1.65894529128332e-11
     0.1610171434837 2.37593206745796e-14 2.09248245154435e-11 2.82708764590418e-11 2.94652182968929e-14 2.12451630567443e-11
   0.183425023063748 2.76913604843661e-14 4.13713500714261e-11 2.01451481777998e-11  4.5917710289024e-14 2.32890631372531e-11
    0.20895128529803 2.78952842547819e-14 3.23228839415558e-11 3.04658849397393e-11 2.60129238544891e-14 4.71295919679992e-11
   0.238029898529846 3.87898187438954e-14 5.72498947854819e-11  4.0235576454817e-11 7.39705425849083e-14 9.28878044839892e-11
   0.271155224115116 1.40562877102647e-14 4.03654904982781e-11 6.62495712061119e-11 7.26070834600362e-14 1.65117018125537e-10
   0.308890420989276 1.64314219851577e-14 2.42782457778394e-11 1.74334628266006e-11 6.88928078537542e-14 4.54246441261581e-11
   0.351877019852015 1.63716951524544e-14 4.66310116536771e-11 2.42149665339612e-11 2.23043240347499e-13  3.0220628927345e-11
   0.400845829739193 2.05284421349705e-14 1.10926660941343e-10 2.49350376303192e-11 3.35661377903839e-13 1.16793216785203e-10
   0.456629362403026 5.31593976407928e-15 5.50188633145966e-12 2.77622147306188e-12 2.70673760535661e-14 9.52850394573027e-12
   0.520175985725633 5.19328946652475e-15 3.35981787641385e-12 1.25097309405584e-12 3.36972132144405e-14 6.83789784290391e-12
   0.592566046786134 3.76789738568886e-15 2.34159827305559e-12 1.28433460553843e-12 2.98097287828721e-14 2.92075954370083e-12
   0.675030238687243 3.62585881522901e-15 1.22328302073059e-12 1.21076192216075e-12  2.6963100441223e-14 2.67615680752498e-12
   0.768970523393174 1.46997171460089e-15 1.18231238607903e-12 8.58522184823072e-13 1.57596467597837e-14 1.99283241384675e-12
   0.875983966285015 2.02595108111629e-15 8.25944239998531e-13 4.00149991755643e-13 1.11711658464701e-14 1.74795395633485e-12
   0.997889887641482 2.28648513132412e-15 7.27245526811903e-13 3.55979917794967e-13 8.59585711131209e-15 1.83786307742132e-12
    1.13676079264348 2.10448860303017e-15 4.61397942025656e-13 4.19579245236319e-13 5.75209964646655e-15 1.14394940565881e-12
    1.29495760573905 2.04494996340013e-15 4.99790301488304e-13  4.7895446280851e-13 3.86831774182463e-15 1.09251357343712e-12
     1.4751698083832 1.74136743024637e-15 4.41548495271318e-13 3.70618789176052e-13 7.87761913059345e-15 4.59107896053978e-13
    1.68046116252848 1.23005862454444e-15  3.9845439102821e-13  2.5204458704032e-13 4.47196730414335e-15 7.62969831111588e-13
    1.91432179720491 9.37737310625428e-16  4.2566079218753e-13 2.00571794111702e-13 6.35159664661985e-15 6.86569279181755e-13
    2.18072754370587  8.5381783860625e-16 2.17677629641781e-13 1.17201724886098e-13 5.01609206230788e-15 2.61801819763778e-13
    2.48420752812878 6.58915436419776e-16 3.38143018588706e-13 2.44389821102294e-13 5.53299361443585e-15 7.00407286597579e-13
    2.82992117040185 9.86006496865036e-16 2.76107992668313e-13 2.27360568260354e-13 1.38235784176145e-14 5.95884274868007e-13
    3.22374589884644 7.45612037499431e-16 3.11301017249333e-13   2.053987054022e-13 1.09902822304711e-14 1.97634394024333e-12
    3.67237707149754  7.1002810268317e-16 2.86956183060555e-13 2.19813100560238e-13 4.95785795167403e-15 8.02186854841698e-13
    4.18344180293078  9.1023562032142e-16 3.72163413302569e-13  2.3942444361726e-13 2.68196749424813e-15 3.88572605926742e-13
    4.76562863174941 9.78008158942208e-16 2.18743060652521e-13 2.11630727687737e-13 1.00435753427542e-14 1.91613342609747e-12
    5.42883523318981 5.74461772137825e-16 2.43744837092734e-13 1.40826842237534e-13 1.00834636973564e-14 2.02356254703317e-12
    6.18433668808645 6.21358937948499e-16 1.22960735301112e-13 1.37162339846317e-13  5.9566244264839e-15 1.58498475437261e-12
    7.04497716891288 5.23265012538594e-16 1.90770181051034e-13   5.558711997873e-14 1.40871153610511e-14 4.61126060866093e-12
    8.02538830172599 1.03204681775322e-15 3.40005182913437e-13 1.78187143440364e-13 3.03027568420605e-14 3.49339849111459e-12
    9.14223791635352 8.37906534479487e-16 1.91510689190385e-13 1.54871354076539e-13 8.03929271276916e-15 9.26596444209675e-12
    10.4145134137917 8.28484802914613e-16 9.18157242791585e-14 2.79021027944789e-13  2.2063054761764e-14   2.577257678171e-12
     11.863844568301 4.42677037492766e-16  1.8601601753404e-13 2.37209042924046e-13  2.6066580713014e-14 5.38179583671505e-12
    13.5148712521137 7.55316218335251e-16 1.97723292996352e-13 1.59665394846765e-13 1.16665887085843e-14 1.05974222997019e-12
    15.3956623343867 6.15895528566046e-16 1.38080158249654e-13 8.63256780694631e-14 6.28242833933408e-15 2.95699567377972e-12
    17.5381928760426 5.27230283671661e-16 7.84210560446285e-14 7.61982432588345e-14 9.74853816946978e-15  1.2282519301848e-12
    19.9788877332196  8.3457967930952e-16 8.99247399897885e-14 5.46467062446454e-14 2.04967234479105e-14 2.70369594111593e-12
    22.7592408110556 1.14396125980174e-15 8.95072339281043e-14 3.45160764642063e-14 1.57968693995548e-14 1.16603371216235e-12
    25.9265204956506 1.30142891473631e-15 9.26248019281477e-14 5.38938051939114e-14 3.39834959376263e-14 2.50032735561828e-12
    29.5345732571566 7.19611798380516e-16 9.29253953871717e-14 6.71950234446754e-14 5.57160711024678e-14 2.39756236737597e-12
    33.6447390859365 9.26679876217508e-16 2.17083447468959e-13  6.4971780119436e-14 2.47940264852384e-14 1.93892710256598e-12
    38.3268943249909   9.508939292178e-16 6.72703064174418e-14 3.11986828643026e-14 3.31660511473235e-14 4.74923304756389e-12
    43.6606396276986 7.22782352901994e-16 4.10174159239905e-14 8.88789189554879e-14 4.02067746231471e-14 5.68045354777892e-12
    49.7366532371709 1.03424752369537e-15 5.13347321670763e-14 1.13623951370537e-13 5.91732797006083e-14  3.1758597461764e-12
    56.6582325941288 1.13844759130906e-15 6.25300039039366e-14 3.81720909756229e-14 9.58956903972139e-14 1.39802109156295e-12
    64.5430504819586 5.93537364995316e-16 4.64404119636406e-14 6.41962144962162e-14 1.67113674320614e-14 2.58189160570727e-11
    73.5251555649188 6.16981331486988e-16 6.29920044887174e-14 3.90856205298518e-14 4.60712569724289e-14 2.40269451208571e-12
    83.7572513303596 4.76706189173192e-16 6.08493989455546e-14  4.6270190330549e-14  1.0297122632914e-13 1.37554081884719e-11
    95.4132921789321 4.49487348502205e-16 6.15963094140232e-14 3.04201498510217e-14 2.21943187041997e-13 3.84956669612097e-12
     108.69144079854 9.82181606076274e-16  3.4873978852083e-14 1.89746054576161e-14  1.8954500189075e-13 4.99214691963979e-12
    123.817437099935 1.12604642822651e-15 4.67569259294724e-14 3.44850952095737e-14 9.98106870894446e-13 7.65525946880128e-12
    141.048435988735 6.52609457861269e-16 2.73047497203741e-14 2.63112952818878e-14 8.80215935853097e-06 6.81458275822484e-06
    160.677379219302 9.29661363231723e-16 4.07719521451495e-14 1.82217123812907e-14     0.09453309261378    0.801039358589148
     183.03797565572 8.42645242203939e-16 1.14285303898309e-14 1.66986164168702e-14    0.318934203819063    0.260277632898136
    208.510374608594  6.6590578662799e-16 5.46715509570985e-15 1.03125299232876e-14    0.180256515283943    0.257393122538365
    237.527628699261 5.41733181534706e-16 1.47143056899046e-14 7.68693985661774e-15    0.224522295858527    0.153702413798811
    270.583056125634 8.68666938861908e-16 1.21657346036268e-14 7.98725275311576e-15    0.577890594622644    0.556481268150837
    308.238627494519 1.42699592791333e-15 5.61414003132413e-14 2.70406925405699e-14    0.530817749861803    0.557220462777214
    351.134519803746  7.8813599067394e-16 2.77505753757479e-15 6.44503995204375e-15    0.826770943713487    0.300728237463364
    400.000000000001 2.03655866948802e-15 2.23449440752748e-15 3.60799067634494e-15    0.873231453249782    0.746056403442287
