                   x                    y                0.001 7.15887314268185e-10 5.63096096386303e-07 6.64593716908293e-07 2.75541025171499e-12 3.56902609123966e-06
 0.00113916455785539 3.99157361782811e-10 7.58258305146367e-07 4.20047989009793e-07 5.96060940561509e-12 3.01844393749115e-06
 0.00129769588987387 5.04617311685402e-10 7.10431193428052e-07  5.3476828990023e-07 2.88163437933617e-12 5.37759226502169e-06
 0.00147828916461893  3.9944744437624e-10 8.48728669915896e-07 2.24952262385831e-07  1.7307800061684e-12 5.53217138101659e-06
 0.00168401462259554 3.06565357800384e-10 4.40335360025069e-07 2.41386476354055e-07 1.51934121998047e-12 1.17255903893663e-05
 0.00191836977297106 1.31674190491078e-10 7.01992140755606e-07 2.01216328758191e-07 5.54011938943384e-12 1.89484622855512e-06
 0.00218533885422973 1.33738351798438e-10 4.09304197688473e-07 2.69905560036216e-07 7.20491138603839e-13 1.78884054077434e-06
 0.00248946056964282 3.97453359609403e-11 3.17498040160283e-07 1.13580993907745e-07 9.48709287025062e-13 2.54993562659533e-06
  0.0028359052491156 1.07955934404298e-10 1.73883995542005e-07 1.32342496212685e-07 2.77603569292202e-12 2.02454860083212e-06
 0.00323056274922856 8.10233501035638e-11 1.82769246502885e-07 6.11316638471604e-08 1.58398642028335e-12  1.6633402506697e-06
 0.00368014258584905 2.37526392807863e-11 5.98288760517946e-08 6.96879418930579e-08 2.78095755459383e-12 9.73545518269968e-07
 0.00419228800165354 2.37099287477809e-11 5.86521762874494e-08 8.71587241664516e-08 4.88244182329315e-12 2.89577788107203e-06
 0.00477570590780612 3.30517716232401e-11 2.91833860277699e-08 5.97512787952825e-08 6.59380643592187e-12 1.29933583408961e-06
 0.00544031490891334 2.33275385061339e-11 8.01731283591671e-08 3.26297343884849e-08 1.73647919867185e-12  6.8075791005099e-07
 0.00619741392780637 4.11571118677501e-11 5.21531151972009e-08 4.72376717394952e-08 2.15947901632934e-12 2.06059888323875e-06
 0.00705987429691639 1.05607782395633e-11 1.71885753664955e-08 2.14302384422338e-08 1.20595808577842e-12 1.17807513582746e-06
 0.00804235858196141 1.19188918197381e-11 3.55979624749056e-08 1.49588463855743e-08 6.94992509471276e-12 2.26762331914082e-06
 0.00916156985813459 7.93072747518566e-12 5.76747094308494e-09 9.97033259057158e-09 1.09613567431181e-12 5.32262741239661e-07
  0.0104365356767032 6.45583068762041e-12 8.41833410358751e-09 7.47057546257928e-09 1.20686799134454e-12 1.24198952777986e-06
  0.0118889315496936 4.86099277721592e-12 9.51639219243168e-09 6.39508481260129e-09 2.21209768915822e-12 1.06308403996139e-06
  0.0135434494521798 4.51131098497382e-12 4.98132419021179e-09 4.97364818311707e-09  1.3298016219192e-12 2.79366353122132e-07
  0.0154282176070292 1.62514758806109e-12 5.40423554160295e-09 1.91900327288873e-09 6.83689294969723e-12 2.05326717308832e-07
  0.0175752786888082 1.49188053624231e-12 4.01049306352737e-09 3.85292285182366e-09 1.79148420290541e-12  4.0938653670336e-07
  0.0200211345767215 1.54466096796725e-12 2.38617572428912e-09 2.99528099324318e-09 9.70113894551895e-13 1.46978185809672e-07
  0.0228073669178543  1.9441442212713e-12 2.64526830172002e-09 1.79056443141648e-09 2.69172964333731e-12 1.32624845928426e-07
  0.0259813440508232 6.80235932513376e-13  3.9159526799655e-09 1.21294548062337e-09 2.23689190563553e-12 1.51209952663746e-07
  0.0295970263081448 6.31783955644601e-13 1.75977218849943e-09 1.56030015871058e-09 1.59529977459067e-12   2.064543334933e-07
  0.0337158833881522 9.05663359780496e-13 1.26203941429766e-09 7.39282146350813e-10 1.86698657717089e-12 2.95011739761633e-07
  0.0384079393925684 5.03854373111181e-13   1.363437805396e-09 5.67414153856027e-10 1.16327814178206e-12 1.33358574613239e-07
  0.0437529632962718 6.68145012922376e-13 7.39404402829403e-10 4.64269605388096e-10 1.43816797076613e-12 2.37749010850325e-07
  0.0498418250882607 1.50909859467262e-13  3.8283669683041e-10 3.31180970017985e-10 1.00970808258217e-12 2.44619232917705e-07
  0.0567780406393743 2.17261352480243e-13 4.05798845407611e-10 3.37667379799693e-10 5.42705792157587e-12 5.60688246293603e-08
  0.0646795315608484 5.36487676865118e-13 2.71546902298415e-10 1.43787719698357e-10  2.4295448278743e-12 9.69498174652019e-08
  0.0736806299728077 6.12887272614574e-13 2.09891937449441e-10 9.66333897954464e-11 1.02311468637033e-12 4.88701530292451e-08
  0.0839343622654803 1.05061287392391e-13  2.0919833946179e-10 1.06303841771126e-10 1.93631997669549e-12 1.71781415332501e-08
  0.0956150506790302 1.27279079483672e-13 2.18845417678337e-10 1.79702685438574e-10 2.75459638144357e-12 3.03658447780863e-08
   0.108921276931098 6.87864348719066e-14 5.85872913513908e-11 7.46117857686923e-11  1.6074469860254e-12 2.12842228825432e-08
   0.124079258276259 5.62370068498149e-14 1.80655912517083e-10 5.63145758301302e-11 5.64377056886436e-12 5.08798273056731e-08
     0.1413466933933  6.0106141149701e-14 3.35972661670587e-11 2.35972194149808e-11  2.3834900473643e-12 1.78901026024354e-08
     0.1610171434837 5.62548836070973e-14 7.76992042787281e-11 3.49189583730911e-11 3.55468139701909e-12 1.17989371744805e-08
   0.183425023063748 2.24603630139544e-14 4.94387255699422e-11 3.65925307642131e-11 6.48828305357282e-12 8.01180289894451e-09
    0.20895128529803   3.368478579171e-14 3.60316656199618e-11  2.5635158480232e-11 1.11665064168269e-12 8.95895012336752e-09
   0.238029898529846 4.72359976941115e-14 7.35641469396712e-11 4.83873459345081e-11 8.24164083736141e-13 6.76105832598064e-08
   0.271155224115116 3.69779850042915e-14 2.59941440422855e-11 8.95717354318741e-11 5.83077377653115e-12 1.54040666239887e-07
   0.308890420989276  1.2642891567034e-14 1.81532253671777e-11 1.77149339380447e-11 1.97179081423419e-12 1.75230460652029e-08
   0.351877019852015 1.09287908579392e-14 3.05695298607095e-11 1.92506995211773e-11 1.81805128317532e-12 1.65595409141359e-08
   0.400845829739193 1.27141449279049e-14 2.28489748341645e-11 8.12840171782785e-12 2.20904015711016e-12 6.54330915936597e-09
   0.456629362403026 8.54570718321111e-15 1.08345953502726e-11 7.57769712543826e-12 1.59425509924127e-12 1.00404110481256e-08
   0.520175985725633 8.11321583626217e-15 3.69942558779569e-12 2.67701500148412e-12 1.35448875497974e-12 7.63767601853197e-09
   0.592566046786134 5.64124146723322e-15 2.30631253403492e-12 4.60063942587757e-12 2.49270540463797e-12 1.03047421526431e-09
   0.675030238687244 3.37796071969259e-15 2.21812150343164e-12 2.47321204902886e-12 1.65161435285696e-12 3.12651520700779e-09
   0.768970523393174 2.40500651303143e-15 3.58256668807927e-12 1.22737946711635e-12 1.52901149302771e-12  1.5163726534155e-09
   0.875983966285015 2.40737428944303e-15 1.40591596811351e-12  1.4703673397763e-12 2.09700542491664e-12 1.65727212945003e-09
   0.997889887641482 1.31003465878118e-15 1.88574966724465e-12 1.31151782404592e-12 9.54287578576657e-13 9.16792152870822e-10
    1.13676079264348 1.77485132911261e-15  9.2834366423718e-13 8.99869392340909e-13  1.7979271643185e-12 1.15099227887027e-09
    1.29495760573905 2.15884370197568e-15 8.01989459363726e-13 6.00107470616475e-13 2.10474436177053e-12 2.89365984593231e-10
     1.4751698083832 1.81088876296165e-15 9.08517549206569e-13 4.92177031262365e-13 1.22240000093611e-12 3.38948310336062e-11
    1.68046116252848 1.62592185346156e-15 5.05141336123936e-13 2.34890971859432e-13 2.16826059146997e-12  8.5156356697171e-11
    1.91432179720491  1.8848242725736e-15 5.60151175465112e-13 3.05055891277604e-13 1.61805426190202e-12 9.55238246302304e-10
    2.18072754370587 8.31726980014942e-16 6.64664788340644e-13 3.87603055133046e-13 1.48631458124233e-12 1.87420073558766e-09
    2.48420752812878 9.44884445572743e-16  3.9903545241048e-13 2.12331849623266e-13 1.31276272788872e-12 1.87795834546886e-09
    2.82992117040186 1.17126379070521e-15 7.95257751123834e-13 5.01069928655761e-13   2.401367254942e-12 4.29151470249089e-09
    3.22374589884644 1.19508948581271e-15 5.79418680198228e-13 2.49061789704288e-13 4.61856397409081e-12 7.62683969244784e-09
    3.67237707149754 1.11337099580486e-15 7.04617086660559e-13 4.14020230910184e-13 1.38736932946598e-11 1.18604531895698e-09
    4.18344180293078 1.26211452478172e-15 3.16703656701063e-13 4.12829469814851e-13 4.77351121513514e-12  1.6102446538931e-08
    4.76562863174941 1.69727539948909e-15 3.39338441019428e-13 4.19256097294179e-13 7.72708064361967e-12 1.20662396011235e-08
    5.42883523318981 6.77844241467376e-16 3.94091514561588e-13 6.32667333200328e-13 1.66724790646898e-11  1.3882071152428e-09
    6.18433668808646 1.67920609907327e-15 4.93344601417138e-13 5.33032587894019e-13 3.97387605665493e-11 7.47785061080098e-10
    7.04497716891289 9.01053387097238e-16 1.71888008815806e-12 6.70142933701607e-12 9.50200477623878e-11 5.09015492605245e-11
    8.02538830172598 7.71659513380045e-16 1.88512838537676e-12 5.16439263249418e-12  4.8852452127514e-11 1.11101707536606e-09
    9.14223791635351 8.53508816929273e-16 7.83757827312455e-13 1.36962197788231e-12 9.04945242494608e-11 8.56935304334342e-09
    10.4145134137916 8.30666892797616e-16 2.02793173396602e-13 1.08209101418883e-13 8.61271481421137e-11 2.56370827131118e-09
     11.863844568301 5.46561592438406e-16 1.61869861161658e-13 5.53443125446814e-13 1.98156310087097e-10   3.291452543021e-10
    13.5148712521137 9.31500600764185e-16 1.11369131565118e-12 8.99044228449061e-13 3.74056931806737e-10  1.3575846385233e-09
    15.3956623343867 1.10986995915167e-15 1.12833257114454e-13 2.20236797916528e-13  9.3830316853832e-11 1.74027580800195e-09
    17.5381928760426 1.18734760433811e-15 4.84004940971461e-13 6.73435187342047e-13  1.0183194740396e-10 4.18125778911003e-10
    19.9788877332196 1.07336380629269e-15 1.99463642021419e-13 1.16376167604479e-13 3.78528030625687e-10 1.93980130970479e-09
    22.7592408110556 8.14309764612958e-16 1.57278669852891e-13 7.30725664078303e-13 1.73437290322665e-10 6.92008846583291e-11
    25.9265204956506 1.08064249974025e-15 2.62620957162152e-13 7.60151059854435e-14 1.58359476984557e-10 1.10194090958132e-09
    29.5345732571566 1.05257578595055e-15 4.76491341949658e-13 6.43347333290083e-13 1.75836593851173e-10 9.40267685476262e-10
    33.6447390859365 8.97044125485324e-16  1.9130307946011e-13 2.65841191365031e-13 1.46052967362756e-10 1.88630260261119e-10
    38.3268943249908 9.46883352549857e-16 2.22337643363333e-14 1.99334508626091e-14 1.19862939015483e-10 1.64997000084173e-10
    43.6606396276985 7.03583136279999e-16  4.9341798050044e-14  2.9530554321281e-14 3.83000713560184e-10 1.25398480618245e-10
    49.7366532371709 7.20611353684723e-16 1.54775080784373e-13 2.43471035034841e-13 3.37200010187418e-10 1.54474641873413e-10
    56.6582325941287 1.32473411214209e-15 1.46343771978514e-13 6.23451255721477e-13 2.87957112641065e-10 1.04983235117439e-10
    64.5430504819586 8.64049320401993e-16 3.72554113872033e-14 4.80281755679354e-14 4.60280584290095e-10 1.77077066460763e-10
    73.5251555649188 8.80833108615706e-16 3.17203123675445e-13 2.70133418499379e-13 4.76028678808815e-10 1.59439247426698e-09
    83.7572513303596 8.72868043556778e-16 1.19266929869755e-13 3.36037723560227e-13 4.99020864220991e-10 3.43156692264861e-10
     95.413292178932 6.75329217858604e-16 4.22341558637186e-13 5.47001494384154e-13 6.65135552456325e-10 4.22389468037273e-10
     108.69144079854 9.66824234740452e-16 4.22940820118775e-14 3.76696639546915e-14 5.67474275273678e-08  4.8389155055761e-08
    123.817437099935 1.26841876554026e-15 7.91047827586486e-14 5.11190825853963e-14   0.0126875100223659  0.00859974490329369
    141.048435988735 7.42888343810019e-16 6.43657847770429e-14 3.46820579251317e-13    0.363238609857672    0.835135252630562
    160.677379219302 8.76728698350915e-16 2.97478747932797e-14 2.53467080291837e-14     0.41460120700541     1.09786416267266
    183.037975655719 9.31243757341639e-16 2.47367746893737e-13 5.52572526612042e-13    0.440595791110707    0.877340335835667
    208.510374608594 6.69846678183132e-16 1.16496849256687e-13 3.44266174005522e-14      0.6772052879425    0.567955193481376
    237.527628699261 7.45011740943131e-16  7.1598665945631e-14 2.96032195409633e-13    0.762835099771838    0.413271077093147
    270.583056125634 4.20592882780036e-16 1.37867946675064e-14 2.59749645065214e-14    0.325456005940958    0.319890181213835
    308.238627494519 1.77353625369482e-15 9.02298896975749e-14 1.93783732203639e-13     1.10665411094984    0.884841843394961
    351.134519803746 7.94639265426742e-16 8.98223360855808e-14 9.83846725573806e-13     1.02205852082297     1.02463215855638
                 400 1.08732484942735e-15 9.63795952499004e-15 1.98517699913985e-14    0.673439219409637    0.979675058114036
