                   x                    y                0.001  7.0742112167795e-11 1.14268781453505e-09 1.34102845713871e-09 1.97065454294045e-15 2.22074739935096e-11
 0.00113916455785539 3.30403798749846e-11 1.92423520946269e-09 1.05053526585179e-09 8.50742624233138e-16 9.76358658642594e-12
 0.00129769588987387 2.06465551406844e-11 1.37389873190936e-09 7.13888071643367e-10 1.28422554132055e-15  1.4677742320676e-11
 0.00147828916461893 2.33006575563674e-11 6.16361893971782e-10 4.03256594676797e-10 2.60186589451368e-15 1.48770960608065e-11
 0.00168401462259554 1.81813066236861e-11 6.69902717567129e-10  3.7810444536716e-10 9.97697074819479e-16 1.07896120290385e-11
 0.00191836977297106 1.85958799512308e-11 6.66152056085942e-10 5.72491010784031e-10 1.13598604035084e-15 8.29901191940701e-12
 0.00218533885422973 1.34065788646564e-11 4.02429374248676e-10 4.22468150499124e-10 1.46877318965705e-15 4.97907916719188e-12
 0.00248946056964282 2.03329714258348e-11 6.35393098424789e-10  3.1299613858083e-10 2.62619934745244e-15 7.20848208165037e-12
  0.0028359052491156 4.20543444203016e-12 4.25906923647057e-10 4.00500785826512e-10 2.92640821172824e-15 1.79388114298091e-11
 0.00323056274922856 6.50566072496594e-12 2.92413491544197e-10 2.53578881062982e-10 3.51156560210884e-15 1.39468007026365e-11
 0.00368014258584905 5.33478742565541e-12 4.39878399440334e-10  2.4441949163161e-10 2.32477069311837e-15 5.90373949327881e-12
 0.00419228800165354  2.3855365647148e-12 5.89875676341577e-10 1.43859974457878e-10 5.52372656393061e-15 1.23537077543885e-11
 0.00477570590780612  2.4343557958644e-12  3.4088174593209e-10 1.99105141626829e-10 1.81350237220634e-15 9.12842010562533e-12
 0.00544031490891334 1.55042619148441e-12 3.04021910901031e-10 1.41293996437796e-10 3.20095528386755e-15 1.09229259224139e-11
 0.00619741392780637 1.04021778457402e-12 1.75627412536566e-10 1.40825887130804e-10 3.21394767276007e-15 1.55218832161047e-11
 0.00705987429691639 1.47497403043688e-12 1.72493102653601e-10 1.17386432603886e-10 2.04922177716689e-15  2.0637925761461e-11
 0.00804235858196141 1.02566054613876e-12 1.33229356756429e-10 1.14439145714316e-10  2.1086185713377e-15 2.65701359322475e-12
 0.00916156985813459 3.98759249352832e-13 8.87896405635808e-11 5.69591646408243e-11 5.39400166988445e-15 8.73355346605612e-12
  0.0104365356767032 9.31307373677451e-13 1.95680492323816e-10 7.47118414880401e-11 4.50240057384457e-15 1.57378151166362e-11
  0.0118889315496936 3.94809488629338e-13 1.33923921105765e-10 6.95197715484793e-11 7.28061552243076e-15 1.52017111292513e-11
  0.0135434494521798 1.57482343868485e-13 1.01825196582034e-10 5.29038422102765e-11 7.22847195094368e-15 9.74010235052522e-12
  0.0154282176070292 1.57214356386577e-13 1.04215477194122e-10 4.14636288517778e-11  8.2782946357276e-15 9.60969349479755e-12
  0.0175752786888082 9.03982445631439e-14 3.48905017110579e-11  4.5932063799037e-11 2.18807692997364e-14 2.18810618356575e-11
  0.0200211345767215 1.10644982877313e-13 8.13280528626219e-11 5.70897010032282e-11 1.50505958757509e-14 1.32738116219501e-11
  0.0228073669178543 1.28573921349032e-13  6.8767601086498e-11 2.88269466202375e-11 1.19705402928118e-14 1.12455737095586e-11
  0.0259813440508232 1.02100404281809e-13 5.47631522035262e-11 2.54840782791357e-11 2.33372420572912e-14 1.15278183707914e-11
  0.0295970263081448 6.40716630776707e-14 2.08272664373418e-11 3.58225557434781e-11 2.85030487112485e-14  1.2487072649645e-11
  0.0337158833881522 7.05889325080246e-14 8.45503560554327e-11 2.20254423051937e-11 1.49912548283469e-14 2.26561910977522e-11
  0.0384079393925684  2.2691174251903e-14 5.74385772586069e-11 2.30827055063281e-11 4.69354443962485e-14 7.03929248207379e-12
  0.0437529632962718 3.30447008679246e-14 4.37700479697281e-11 3.04039652917009e-11 7.37454277452124e-14 1.70557472019457e-11
  0.0498418250882607 1.95843037871697e-14 4.17778455660539e-11 4.37049958017459e-11 5.42720289709353e-14 3.41932474549782e-11
  0.0567780406393743 1.99824511987738e-14 6.02583341930383e-11 3.00752469189145e-11  1.0380216575246e-13 3.84434868850207e-11
  0.0646795315608484 1.57534789432426e-14 9.30890876005518e-11  9.2611027790208e-11 1.74219604995941e-13 6.65500201989448e-11
  0.0736806299728077 2.90884263382085e-14 4.06466580323834e-11 9.85466225934676e-11  9.2894520606427e-14 1.37630083224376e-10
  0.0839343622654803 1.04404526483178e-14 1.50426734788957e-11 3.28789475960636e-11  5.6504027353658e-14 2.98413703084822e-11
  0.0956150506790302 6.02067263972174e-14  7.2091819757247e-11 1.13467730384443e-10 1.81753914371443e-13 1.51829816676097e-10
   0.108921276931098 3.17320120436884e-15 9.96082551509182e-12 5.94531134626936e-12 4.72630283206626e-14 2.54319642942709e-11
   0.124079258276259 4.11626435720992e-15 5.13138958395394e-12 4.07259336404923e-12 8.78023416644036e-15 9.26013475338231e-12
     0.1413466933933 4.81869485728918e-15 4.45961482688647e-12   2.479139841966e-12 2.87488839160569e-14 5.17426497500847e-12
     0.1610171434837 2.33223442904304e-15 2.44462520002631e-12 1.31838562188584e-12 2.16597354571641e-14 2.09513183025077e-12
   0.183425023063748 2.13722683617052e-15 2.34848108087146e-12  7.1908438744133e-13 1.46532325969006e-14 2.16391525024717e-12
    0.20895128529803 1.09527878042837e-15 1.31647123073913e-12 8.52613941821649e-13 1.97772410747274e-14 1.30341830030769e-12
   0.238029898529846  1.8173691818288e-15 5.65086329052521e-13 5.09794671470168e-13 1.05969398653622e-14 1.74251288641826e-12
   0.271155224115116 8.40015068341074e-16 4.82136465656938e-13 5.42463431866108e-13 1.30287494962036e-14 1.28979137093557e-12
   0.308890420989276 6.06097299257849e-16 3.49557453598512e-13 4.85814510861765e-13 8.96886605785318e-15 1.26877395955725e-12
   0.351877019852015 7.05243037887234e-16 2.18466339055861e-13 2.88294432064199e-13 6.49220073393484e-15 5.58475041110241e-13
   0.400845829739193 6.88174387294527e-16 2.38337613939881e-13  1.9976473661807e-13 9.92958763212572e-15 6.64913079961339e-13
   0.456629362403026 4.67490795999052e-16 1.61842580621313e-13 1.11139281905668e-13 3.92627319033863e-15 6.26384770143564e-13
   0.520175985725633 1.18837615243131e-15 8.46917917493246e-14 6.23206813405657e-14 5.22415371328906e-15 5.43837188991456e-13
   0.592566046786133 5.03159739963053e-16  8.4228493824247e-14 3.16322820470743e-14 3.97539517690245e-15 3.15341300984272e-13
   0.675030238687243 5.64772677904712e-16 5.35741587544779e-14 1.27596391092351e-14  2.8920489382753e-15  4.7962038171015e-13
   0.768970523393175  4.4820324190964e-16 3.98241267561376e-14 4.06050427383708e-15  5.0574455845275e-15 3.79028682311559e-13
   0.875983966285015 6.76423672373603e-16 2.28067507665762e-14   3.826097831963e-15 9.90236967777666e-15 3.89203446321355e-13
   0.997889887641482  3.5911762620659e-16 3.10710470971967e-14  8.0676006228866e-15 7.89354460153871e-15 2.81989291133041e-13
    1.13676079264348 5.68906864778906e-16 2.43675781702961e-14 1.02903449740532e-14 3.75020272341781e-15 4.67690366142273e-13
    1.29495760573905 8.01774010951813e-16 4.87222509837699e-14 1.57926550415654e-14 4.95019412323631e-15  2.2525984212723e-13
     1.4751698083832 4.96041806922664e-16 2.97513529560654e-14 1.23611291770259e-14 1.14110913977463e-14  5.7560328816856e-13
    1.68046116252848  5.5283212621499e-16 3.86004083900677e-14 8.37183774341044e-15 1.15494028962649e-14 3.67686049437325e-13
    1.91432179720491 6.13378425732214e-16 3.87056404587498e-14  2.0881659126516e-14 1.08982447360347e-14 4.60157659969985e-13
    2.18072754370587 1.31143331565029e-15 1.95309433070021e-14 1.75866255303899e-14 1.45312998765389e-14 9.82296063267094e-14
    2.48420752812878 9.05449389836952e-16 3.74954981638012e-14 2.19783247904264e-15 2.14883850291935e-14 2.70685491287821e-13
    2.82992117040185 5.04007293992044e-16 2.38771084736109e-14 1.38431731516363e-14 1.54702103551204e-14 2.65307701564959e-13
    3.22374589884645 6.28047626220043e-16 5.47291735890976e-14 5.20055502733326e-15 1.46447647800214e-14 2.68376693724009e-13
    3.67237707149754 7.65143259742246e-16 1.45957215163055e-14  2.3356133344631e-14 7.33551253383871e-15 3.83908543701526e-13
    4.18344180293078 7.73682891717461e-16 1.43639710315177e-14 8.17367319880191e-15 7.27803186631186e-15 5.00937118680158e-13
    4.76562863174941 8.27921107728181e-16 2.29349704133949e-14 1.83482672219414e-15 1.52230121833949e-14 7.06423692708842e-13
    5.42883523318982 8.12663654969834e-16 1.60694309768621e-14  1.0038598477117e-14 1.49408194428765e-14 5.04746815059245e-13
    6.18433668808645 8.59855628329671e-16 3.61591740481353e-14 6.37398860948836e-15 1.55510504872441e-14 5.14915220716181e-13
    7.04497716891288 1.80256913772952e-15  2.2004625209118e-14 6.14793930995508e-15 1.54359172197277e-14 1.77758002607961e-12
    8.02538830172599 9.98492774685973e-16  3.4271334745235e-14 2.03759758796162e-14 7.06301154197322e-14 1.78920493294339e-12
    9.14223791635352 9.53446021879633e-16 1.88204445646141e-14 5.40768481082386e-15 2.39972594437644e-14 1.32028863544457e-12
    10.4145134137917 1.04636287910724e-15  1.8840805640713e-14 4.88877216274063e-14 5.15220044841882e-14 8.74288927220075e-13
     11.863844568301 1.34819954191856e-15 1.46067296368851e-14 5.39097348781841e-14 2.04715872798052e-14 1.44291588591654e-12
    13.5148712521138 9.86546202109787e-16 2.42559402533778e-14 4.41877881830141e-14 4.17538333633983e-14 1.09672922370443e-12
    15.3956623343867 2.64695185857151e-15 4.20355944462303e-14 4.70896642153245e-14 8.24237230156668e-14 2.54970836675884e-12
    17.5381928760426 1.02765317826011e-15 2.33986223516787e-14 8.06062624572602e-15 1.34816005193345e-13 8.73365173539903e-13
    19.9788877332196 1.33018405305039e-15 2.66837178667662e-14 2.50773738539133e-14 2.03484951835985e-13 1.33954659682834e-12
    22.7592408110557 6.79977639946929e-16 6.20734459993425e-14 9.02925023668417e-15 3.50943224568566e-13 1.25337770606811e-12
    25.9265204956506 1.78607626757408e-15 3.97624070739055e-14 4.74339509586015e-14 9.18530659150286e-14 2.06021845415444e-12
    29.5345732571566 1.43069586460233e-15 3.02484819955159e-14  3.3140069300007e-14 2.72802378652662e-13 2.87574624086508e-12
    33.6447390859365 1.43998470292632e-15 3.16648389929125e-14 2.76069800516534e-14 2.79927136423488e-13 2.18017038260335e-12
    38.3268943249909 1.42156988504531e-15 2.52660410092255e-14 8.86688019073429e-15 3.33128482066269e-13 2.84302849513878e-12
    43.6606396276986 1.08142104108892e-15 8.90950367482163e-15 1.15366896589721e-14 4.80930366488539e-13 1.24692879613724e-12
     49.736653237171 5.72438370781992e-16 1.32332654631805e-13 3.47340747454454e-14 1.32254508729512e-12 1.26374279153413e-12
    56.6582325941288 8.07010467397555e-16 1.66071756339878e-14 2.80096095034585e-14 9.74755887040332e-13 1.11143350784919e-12
    64.5430504819587 9.51129329338546e-16 2.22090035305284e-14  3.1638463927153e-14 1.34242997035704e-12 1.62735067188669e-12
    73.5251555649188 9.88402697931754e-16 1.78270103077166e-14 2.43050035406748e-14 5.02209285910919e-12 1.72093058755302e-12
    83.7572513303597 7.30830953375721e-16  2.5199537415185e-14 2.79233251747409e-14 1.31181276601706e-12 1.08923336529056e-12
    95.4132921789321 6.37469894944635e-16 1.97550779329729e-14 5.38326762765096e-15 3.38949103702221e-07  7.5260491881485e-07
    108.691440798541 8.60253760262822e-16 7.04636455840633e-15 1.10256811090399e-14    0.068214853769838    0.228412694319986
    123.817437099935 8.21166621196356e-16 5.94136863669461e-15 6.55742997875726e-15    0.214651536250646     0.28413784768841
    141.048435988735  1.0921259700284e-15 1.48340070389596e-15 6.23639199360256e-15    0.213790547902954    0.344027230003058
    160.677379219302 1.26785316445581e-15 3.11017982123622e-15 2.39815713721827e-15    0.682527552495656    0.360036621548765
     183.03797565572 1.54153394414639e-15 1.41265250873101e-15 2.05482970165187e-15    0.510375024986848    0.635855197393209
    208.510374608594 1.07476169827024e-15 1.67300354946856e-15 1.74942146934484e-15    0.906322614860635    0.885562382309461
    237.527628699261 2.07605729017426e-15  1.4863040184316e-15 1.80133602962788e-15     0.90698167887468    0.585922832197162
    270.583056125634 1.74891920084758e-15  5.6463300877552e-16  1.8015686277494e-15    0.610275860608728     1.07897746373721
    308.238627494519 1.38823875364717e-15 2.42993767343562e-15 1.00927963964845e-15    0.952575134306142     1.06691887258451
    351.134519803747 1.24711881763744e-15  1.7980254454228e-15 7.23140290087857e-16    0.885470346393789    0.465422611488185
                 400 1.32731790279606e-15 6.00168124414237e-16 5.06610420004474e-16      1.4771319451743     0.42330209479846
