                   x                    y                0.001 1.26778643340736e-10  1.7569472922249e-09 1.52880240669155e-09 7.98141995757108e-16 1.52397296674573e-11
 0.00113916455785539 1.25242073311991e-10  2.2615038779663e-09 8.72888166045315e-10 1.43632414295536e-15 2.56605155202913e-11
 0.00129769588987387 1.64598939391782e-10 1.09132965210371e-09 4.38571987198096e-10 9.40746051045623e-16 8.55192992792042e-12
 0.00147828916461893   4.421794557128e-11 1.30053586495002e-09 6.94613126624381e-10 1.73958484934907e-15 8.55100936477034e-12
 0.00168401462259554 5.29590246235106e-11 7.81678715942503e-10 8.23863954954784e-10 2.43055522274729e-15 5.66827894082656e-12
 0.00191836977297106 1.82570822653092e-11 3.88633033346783e-10 2.89129796393681e-10 7.61113556751694e-16 1.28322753592224e-11
 0.00218533885422973 1.12345672094831e-11 3.35767235009843e-10 3.20634102240055e-10 1.04975896371407e-16 8.55438290801339e-12
 0.00248946056964282 2.21980096553458e-11 3.40546090817301e-10 2.05092702064295e-10  6.7962284936877e-16 7.66843698593888e-12
  0.0028359052491156 1.69784693156261e-11  3.9666176726173e-10 1.39608963115822e-10 1.46668154475194e-15 1.07265538048757e-11
 0.00323056274922856 6.83968781963171e-12 3.25477731205746e-10   9.826781779605e-11 8.63986445418749e-16 6.47773019064964e-12
 0.00368014258584905 1.26207817706061e-11 1.93027823184298e-10 7.60014095616662e-11   1.612221613213e-15 2.53438497430018e-12
 0.00419228800165354 9.08245518846589e-12 1.10065547648039e-10 4.56068602954146e-11 1.65079207803433e-15 3.74387913076801e-12
 0.00477570590780612 7.46771507034583e-12 7.21748753913049e-11 6.10480136805595e-11 3.16262456942193e-16 3.20924078431789e-12
 0.00544031490891334 2.87456315729429e-12 8.06339173430223e-11 3.61196003736428e-11 5.25411314533167e-16 3.85794811974657e-12
 0.00619741392780637 6.87489024971915e-12 8.09174636492653e-11 3.49294624622916e-11 1.35999859813793e-16 1.56803029217051e-12
 0.00705987429691639 1.47345674021635e-12 5.05480650758726e-11 3.80505304880971e-11 1.28254857597731e-15  2.2840676465136e-12
 0.00804235858196141 2.43583949792361e-12 2.92348531114464e-11 2.34011560021093e-11 1.48347961403028e-15  1.1990822416973e-12
 0.00916156985813459  1.8438813180766e-12 2.47201722387664e-11 1.83986407682164e-11 1.52913257848945e-15 2.19247366561898e-12
  0.0104365356767032 2.11205431280499e-12  2.3355447210273e-11 1.26920005358342e-11  1.0272449068328e-15 1.34194839868979e-12
  0.0118889315496936  1.7270812235083e-12 1.33377458763003e-11  1.0900027211725e-11 3.27671497117918e-16 2.74709496555827e-12
  0.0135434494521797 8.56249950719432e-13 7.88251790601771e-12 8.57655193372551e-12 2.26906884936642e-16 9.64774364191052e-13
  0.0154282176070292 3.20621104705735e-13 7.14090183692365e-12 4.77973561315345e-12 4.25831217507986e-16 2.37928058959467e-12
  0.0175752786888082 2.79254626855617e-13 7.78664125442692e-12 3.49298087788447e-12 5.87753321851589e-16 1.06869116690145e-12
  0.0200211345767215 4.53941342273279e-13 8.04346333725023e-12 3.19740069746212e-12 9.92499901178453e-16 1.73547945306858e-12
  0.0228073669178543  2.2218984335923e-13 3.57696158070197e-12 1.74469477619055e-12 1.49062875028016e-15 2.01154286568406e-12
  0.0259813440508231 2.36501334315696e-13 3.41989154813345e-12 2.61851455818651e-12 9.03909009548628e-16 1.59959981358128e-12
  0.0295970263081448 1.02664901807956e-13  2.6808343252575e-12 2.12647045708743e-12 1.36872239482098e-15 9.62677886502836e-13
  0.0337158833881522 1.40463884524666e-13 3.06406493314247e-12 1.23292270767592e-12 1.05680940781986e-15  8.4890494085633e-13
  0.0384079393925683  5.2731757368287e-14 2.72709813797839e-12 1.11361313825165e-12 1.66641884062641e-15 4.78858309713236e-13
  0.0437529632962718 9.55112756328176e-14 1.29104386986183e-12 8.64812791058969e-13 3.89611335279083e-16 8.71473044774402e-13
  0.0498418250882607 4.11687905179304e-14  1.4242917406434e-12 8.08947339326485e-13  8.6314898299774e-16 1.74705007903241e-12
  0.0567780406393743 3.43371833497981e-14 1.09113576021703e-12 6.14088283076461e-13 1.00633543909521e-15 1.06621079721496e-12
  0.0646795315608483 3.59199053899825e-14 6.20103346593015e-13 5.12101653511185e-13  8.0128073757981e-16 5.33543295288354e-13
  0.0736806299728077 1.29892556497916e-14 7.63441002821278e-13 6.67671100144249e-13   1.146665923529e-15 3.14098459687131e-13
  0.0839343622654802 9.90193116340521e-15  6.5880204833842e-13 4.24216232633455e-13 8.96005147976994e-16 6.03865778996106e-13
  0.0956150506790301 1.40826354893153e-14 7.41416854772194e-13  5.3106457945238e-13 9.14660846107206e-16 5.32368648381129e-13
   0.108921276931098 1.56540746939632e-14 7.73276006684085e-13 3.15355253476111e-13 1.09505325114369e-15 2.89432480868145e-13
   0.124079258276259 1.48614674231369e-14 6.65713986576263e-13 1.78473452506907e-13  1.1322528676343e-15 3.01161621541211e-13
     0.1413466933933 8.92419894653732e-15 2.94466623184594e-13 1.99367548419194e-13 9.09096316624626e-16 1.26423860372744e-12
     0.1610171434837 2.77152599078141e-15 2.14948722333898e-13 2.39366182413402e-13 1.92220569343268e-15 1.40448190538717e-12
   0.183425023063748 3.79157189877367e-15 2.34980031622208e-13 1.66937846567867e-13 1.15353636847419e-15 1.28308009520236e-12
    0.20895128529803 2.47871213499676e-15 4.00970756301041e-13 1.79209567488507e-13 6.19111717813139e-16 1.32474040657965e-12
   0.238029898529846 1.65519553303191e-15 4.35107607199578e-13 2.27219412584806e-13  1.4868418108122e-15 4.13448545000139e-13
   0.271155224115116 1.54605793068393e-15 4.58691499156075e-13 3.87217624109273e-13   1.824310679385e-15 1.06748169557045e-12
   0.308890420989275 2.78658850292059e-15 2.46180826678083e-13 1.03511521240038e-13 4.89725302962299e-15 4.53190816713369e-13
   0.351877019852014 7.80412137312571e-16 2.15980962311765e-13 2.41017631587851e-13 3.27955817954795e-15  7.9200550690887e-13
   0.400845829739193 1.71880802307676e-15 4.52880116340908e-13 1.81327179241928e-13 4.78640773042477e-15 5.00120365641239e-13
   0.456629362403026 1.32495789531957e-15 3.04162504179174e-13 2.97559425338188e-13 1.90453699029336e-15   2.585118626683e-12
   0.520175985725633 1.13250050641746e-15 9.92887142653641e-14 1.55075490771795e-13 2.45277698639905e-15 1.47429801951836e-12
   0.592566046786133 9.51943716787312e-16 1.33816004927167e-13 8.50143715830577e-14 2.08145129759374e-15 2.47832592833214e-12
   0.675030238687243 7.49596632894756e-16 2.01127068794992e-13 1.39136368611464e-13 5.97484433757657e-15 5.95693638330161e-12
   0.768970523393173 6.60197567962775e-16 1.61773335392723e-13 2.41283827007541e-13  4.2531747136595e-15 3.72061576246678e-12
   0.875983966285014 9.15093055456688e-16 1.46055602613449e-13 4.23333778842367e-13 1.06552303443465e-14  3.3309128631202e-11
   0.997889887641481 1.99015221061698e-15 3.84505847652457e-13 2.10139956691149e-13 1.41046031080221e-14 1.55185185181166e-12
    1.13676079264348 6.80743355157145e-16  3.6616140600235e-13 2.70860916916171e-13 2.72375900253384e-14  1.5625675063313e-12
    1.29495760573905 5.68791306864035e-16 1.79023372877043e-13 1.00746327615067e-13 1.18210919004548e-14 2.64460927569136e-12
     1.4751698083832 4.16996515244238e-16 1.05020782700853e-13 1.37185822796355e-13 7.34771989950791e-15 3.05629244747381e-12
    1.68046116252847 4.06628551429437e-16 3.50031412983687e-13 1.43123070428596e-13 8.12750825554953e-15 2.33717415718632e-12
    1.91432179720491 7.11988886615807e-16 4.86438947760183e-13 1.78439354998683e-13 1.46826541741586e-14 8.46653937036875e-12
    2.18072754370587 2.28895084465762e-15 1.34792276691245e-13 9.81982451231817e-14  1.0541652378276e-14  1.7352861402567e-11
    2.48420752812877 4.46047960813374e-16 8.56190897046991e-14 2.75676786165547e-13 4.10169618379327e-15 5.49297376018286e-12
    2.82992117040185 8.44424514722648e-16 1.05361793732092e-13 1.11699292936851e-13 5.28990234631018e-15 1.09915363316397e-11
    3.22374589884644 6.26458478398001e-16 1.39786664099626e-13 1.98009719938454e-13 1.07419255552629e-14 1.68826712809694e-11
    3.67237707149754 8.61461749505884e-16 7.51886276236689e-14  8.7154926900566e-14 1.01472436934533e-14 2.17725644877471e-12
    4.18344180293078 5.86225588942488e-16 1.92352305952788e-14  6.6595045674835e-14 1.34634326205878e-14 4.73891923922738e-12
    4.76562863174941 4.40260468190735e-16 4.21217175155338e-14 4.54565181204252e-14 2.28383104278807e-14 2.55946750608574e-12
    5.42883523318981 6.85058292435316e-16 4.23925639279787e-14  6.6557687683707e-14 1.04649818974643e-14 1.04743173253286e-12
    6.18433668808645 2.21319327846023e-16 3.71013071481182e-14 2.96631410480002e-14 7.12540456247862e-15 6.23974184426193e-12
    7.04497716891288 8.03429647776998e-16 1.42999917962561e-13 6.66139335921497e-14 1.32850734633219e-14 1.83188229983953e-12
    8.02538830172598 9.25713427760579e-16 7.41159687254869e-14 2.94575668508835e-14 1.12895783523888e-13 1.49079527389285e-12
     9.1422379163535 8.91396710115027e-16 3.81417477754871e-14 2.50359168339684e-14 6.42351240962364e-14 4.50864353068089e-13
    10.4145134137916  7.6069363367142e-16 3.31858745912923e-14 2.17816283854981e-14 8.24275312218581e-14 2.29044599043393e-12
     11.863844568301 9.84353625818102e-16 3.65986177573063e-14 2.05703190327236e-14 8.72703117866869e-14 5.38208022343147e-13
    13.5148712521137 7.89474289248027e-16 5.08566335386936e-14 1.36562170629975e-14 5.13210839809517e-14 3.80669389544337e-13
    15.3956623343867 1.48718998847945e-15  2.0044009060773e-14 8.19459115461586e-15 2.84916286753092e-14 3.09648737871866e-13
    17.5381928760426  8.7395010037916e-16 2.44751403182671e-14 5.51197380558379e-15 8.77854193380126e-14 3.17823892279886e-13
    19.9788877332196 7.65752365956233e-16 2.52137557965367e-14 3.22801975450036e-15 4.92646283800814e-14  1.6683269064118e-13
    22.7592408110556 8.52868741216158e-16 2.16028726713426e-14 6.79539593822847e-15 4.56301437674525e-14 6.91255445603873e-13
    25.9265204956506 1.56185488905197e-15 1.32465344332335e-14 4.79893966155319e-15 1.36101654365853e-13  2.3293251648978e-13
    29.5345732571566 1.47899685942209e-15 2.03303141480914e-14 4.70513524607996e-15 7.67197179576379e-14 2.43403515684653e-13
    33.6447390859365 1.05869443184929e-15 1.34263889505214e-14 2.38534148064361e-15 4.21448731599452e-13  4.0042954123805e-13
    38.3268943249909 9.88140070207928e-16 1.21192938084569e-14 2.20174950927802e-15 1.88980682096706e-13 1.21364074497139e-12
    43.6606396276986 2.10281391323819e-15 9.69211995457555e-15 2.31565772504314e-15 1.43160896180131e-12 8.29785798526497e-13
    49.7366532371709 1.25859813300833e-15 1.10007660968595e-14 5.11197821744704e-15 1.51561677515781e-12 9.42923713325419e-13
    56.6582325941287 2.40667856777562e-15 1.70036587152612e-14 4.08128627763814e-15 1.05864198563704e-12 1.24299160234516e-12
    64.5430504819587 1.83704315292343e-15 1.11811180846993e-14 2.90609194712899e-15 7.97118049069663e-13 2.14451291276895e-12
    73.5251555649187 1.71912176187673e-15 4.27690223323002e-15 4.98934646421194e-15 6.81155667531929e-13 9.45956453085198e-13
    83.7572513303595 3.32915637984764e-15 1.88731892266324e-14 4.08976880612851e-15 6.45613121729187e-13 1.21614984018222e-12
     95.413292178932 1.50682835601305e-15 2.58098232433993e-14 3.11873064262788e-15 1.71183100686763e-12  5.1450524817969e-13
    108.691440798541 2.72358739507527e-15 2.43940857009742e-14 2.45464015298537e-15 2.91983743413966e-13 2.34042101425526e-12
    123.817437099935 4.12635594433515e-15 3.98901899342904e-14 4.27039989300119e-15 4.16406416415556e-12 2.92689958341585e-12
    141.048435988735   1.569456593467e-15 1.65918788870348e-14 3.89399979651316e-15 7.29699127802801e-08  1.9999776940451e-08
    160.677379219302 3.97181070317997e-15 6.03858256722119e-15 4.76607997821718e-15    0.677174142225016      1.8026588955473
     183.03797565572  2.4411873399577e-15 1.01322368294902e-15 1.34394209654733e-15    0.870457584354476    0.870872591299435
    208.510374608594 2.06376643705981e-15 9.07553411347965e-16 1.50523230633582e-15    0.682337645467907     0.74038884020888
    237.527628699261 1.28326867351923e-15 1.22159345138668e-15 1.10898003844228e-15     1.28179053648469     0.42913005684081
    270.583056125634 2.20513690100138e-15 1.44094052553953e-15 2.36187536177245e-15     1.13340610077209    0.729746273372522
    308.238627494518 1.67550627626711e-15 1.98362858464573e-15 1.56656547371653e-15     1.65975230613515    0.827210470240311
    351.134519803746 1.58254987966062e-15  7.7545141663563e-16 1.94135705088725e-15     1.53459292432429    0.505208832481893
                 400 1.77730251843515e-15 1.06122824191624e-15 7.79789137970417e-16    0.962293486305934    0.319916196561883
