                   x                    y                0.001  1.2614167155803e-11 1.00176617948643e-09 4.23076797093292e-10   1.680888955234e-15 1.33227634032232e-15
 0.00113916455785539 1.35194765099447e-11 6.17900771707025e-10 4.03684414238597e-10 3.54152358076874e-15 3.55272427241833e-15
 0.00129769588987387 1.10405631773399e-11 5.36210267147956e-10 1.90296980664152e-10 2.22063648914449e-15 2.66455436897098e-15
 0.00147828916461893 1.30730058935991e-11 4.38965082597277e-10  1.9840740889116e-10 2.60239914520552e-15 2.76447594293891e-14
 0.00168401462259554 1.44173361210075e-11 5.60624549442096e-10 2.97478084043508e-10 1.71126251072521e-15 1.66534603245091e-15
 0.00191836977297106   6.667026470848e-12 7.66758572646496e-11 1.13579937332158e-10 4.06541635817598e-15 4.32990813226197e-15
 0.00218533885422973 6.39027711796365e-12 1.49907162708306e-10 6.96993919309103e-11 2.48986951159769e-15 4.66921694270782e-15
 0.00248946056964282 3.31732676213609e-12 1.73728445937341e-10  9.3794118767505e-11 7.70100376260069e-15 4.10797587006012e-15
  0.0028359052491156 7.08038379570765e-12 1.45984256495475e-10 4.53934230665846e-11 1.62594216212823e-15 2.99838069607984e-15
 0.00323056274922856 2.42673256175673e-12 9.03714699813899e-11 3.60309607171854e-11 2.49767840547701e-15 1.57660954387726e-14
 0.00368014258584905 3.24969845165311e-12 7.40197015050123e-11 4.30352991109613e-11 2.39895579453726e-15 8.44787493974004e-15
 0.00419228800165354  1.9499788387885e-12 4.98507483978355e-11  2.8905028053048e-11 5.52834795919842e-15  2.2205460437906e-15
 0.00477570590780612 1.54827357730661e-12 2.58610822957774e-11 1.73226212276518e-11 1.93121820214343e-15 6.66898699992119e-16
 0.00544031490891334 8.09767855165514e-13 4.12328032176088e-11 2.04999229319295e-11 4.20618150896788e-15 8.89055448847749e-16
 0.00619741392780637 5.88204716789522e-13    1.76116685355e-11 9.99340104048054e-12 5.68191779426241e-15 1.73230747248475e-14
 0.00705987429691639 6.86419907433073e-13 2.16585619089633e-11 1.26146265062558e-11 6.25852395073277e-15 1.22263672445956e-15
 0.00804235858196141 5.61528894096517e-13 5.26545614940323e-12 7.54710420674315e-12 3.74367094453082e-15 1.22267301025208e-15
 0.00916156985813459 3.76521590558703e-13 1.11133395627206e-11 6.24381160000972e-12 1.71703925328994e-15 4.88603696894699e-15
  0.0104365356767032 2.34204057912149e-13  7.8472428691712e-12 3.72217464555421e-12 3.86842824173957e-15 3.22062186435026e-15
  0.0118889315496936 2.93616226552265e-13 5.22606669384914e-12 6.22296430983397e-12 2.13810854573377e-15 1.49985531444247e-14
  0.0135434494521798  2.7312299012693e-13 4.40727516038865e-12 3.03037478887274e-12 2.04346871311782e-15 1.75567696823108e-14
  0.0154282176070292 1.59530470838819e-13 3.27918563581227e-12   1.734719640572e-12 2.44202356262638e-15 2.98773398028405e-14
  0.0175752786888082 1.07677706912582e-13 1.49941441179781e-12 1.11311979405851e-12  5.9320995165165e-15 1.30015776923008e-14
  0.0200211345767215 9.30859001651235e-14 1.24617903508347e-12 5.93696852115714e-13 4.25090788659812e-15 2.44386259794971e-15
  0.0228073669178543 3.20827185340741e-14 1.37348078146197e-12 9.13766731733555e-13 1.52414101666867e-15 4.55766550107694e-15
  0.0259813440508231 5.01919830048951e-14 1.28276261439652e-12 1.12630823211162e-12 2.77873444029599e-15 2.44551337799224e-15
  0.0295970263081448 3.39283004930124e-14 6.51870575248791e-13 9.59832983376543e-13 1.05445343580422e-15 1.70086751419736e-14
  0.0337158833881522 4.84287715374984e-14 4.15863198599562e-13 4.74276347288444e-13 1.71840796600884e-15   1.398813875308e-14
  0.0384079393925684 4.24862758212479e-14 5.30010853709875e-13 3.48021305247284e-13 5.35300024613745e-15 1.68028106201295e-15
  0.0437529632962718 4.23199548687133e-14 3.83693283030744e-13 3.45642493037965e-13 2.63682620845526e-15 1.54054507077177e-14
  0.0498418250882607 1.18639320412696e-14 1.57952529891323e-13 2.03954948533647e-13 1.29272028947004e-15 4.89919739795673e-15
  0.0567780406393743 1.61851672408949e-14  4.2667298503343e-13 2.95789983181116e-13  2.6195756599795e-15 1.52120800558711e-14
  0.0646795315608484 4.87616118549343e-15 1.87701006790688e-13 1.01532580980598e-13 1.16231287720654e-15 2.13528194029391e-15
  0.0736806299728077 5.17827484308099e-15 1.48186971461112e-13 6.76092664574253e-14 2.09745308972374e-15 4.75390318647957e-15
  0.0839343622654803 3.29363724686453e-15  8.4966717565678e-14 6.11380010734517e-14 2.78242576091784e-15 4.19164717919925e-15
  0.0956150506790302 2.35889806503625e-15 6.17859295741869e-14 5.33234389250552e-14 1.90574665735965e-15 1.63615146532952e-14
   0.108921276931098 9.36839144564339e-16 3.07291706957104e-14 5.22058245089258e-14 1.57711939777942e-15 4.34670058731899e-15
   0.124079258276259 3.27165595886236e-15 6.42289521499099e-14 3.34373539444876e-14 1.90862518290425e-15 1.26344736807974e-14
     0.1413466933933 2.46154591358688e-15 4.76559909967299e-14 2.24458277103632e-14 2.30728802841674e-15 1.07664003506637e-14
     0.1610171434837 2.59848203322501e-15 6.79750241311988e-14 3.99525413994308e-14 3.15721104740613e-15 6.36438094090743e-15
   0.183425023063748 9.38038598808037e-16 3.35978690457682e-14 4.37398911635394e-14 2.46180056637258e-15 6.83704246022851e-15
    0.20895128529803 8.91149888854087e-16 1.95033827942575e-14 2.78820783901209e-14  3.8371990076767e-15 7.49234411636351e-15
   0.238029898529846 7.30795920461563e-16 1.68578892215058e-14 3.11788622477336e-14  5.6440504643898e-15 7.12475145106646e-15
   0.271155224115116 5.60381779895366e-16 1.97994943740058e-14 2.54601473267502e-14 8.95146120095099e-15 6.37923009250393e-15
   0.308890420989276 6.45773030629822e-16 4.52370909700799e-14 1.71657666580493e-14 5.47653672400612e-15 4.95913499185159e-15
   0.351877019852015  9.3764044690574e-16 2.01668754305154e-14  2.6316964366975e-14 8.90128841724815e-15  5.1132748748654e-15
   0.400845829739193 5.79315425918315e-16 1.71435691008767e-14 3.62451040387392e-14 7.63308027332684e-15 7.08210364505983e-15
   0.456629362403026 7.10460881496894e-16 2.05160602945475e-14 2.67865000496023e-14 1.74759821098792e-14 7.05673251045685e-15
   0.520175985725633 7.25175631428555e-16 1.95481430384453e-14 1.38760580910786e-14 1.69628514045925e-14 4.83196093195145e-15
   0.592566046786134 2.96838837197604e-16 1.10932299139665e-14 1.16330537461408e-14 1.11115108165358e-14 5.90902204019967e-15
   0.675030238687243 3.33265904854739e-16 4.78705815301451e-15  9.3762609469536e-15 5.13133557940103e-14 1.04096694039267e-14
   0.768970523393174 6.81376536082593e-16 9.19975213634629e-15 8.20617693767139e-15 5.47007798745682e-14 8.24680368397137e-15
   0.875983966285014 6.57203880682941e-16 1.37308788428205e-15 2.94644958311452e-15 2.83398392736018e-15 1.26557887668934e-14
   0.997889887641482 4.68261349214262e-16 8.79263258086327e-15 4.69777691958941e-15 1.86342351067364e-14  7.7873583218916e-15
    1.13676079264348 4.17195755634325e-16 1.12995298508644e-14 8.16370806195116e-15 5.99486911185841e-14  6.3954736157516e-15
    1.29495760573905 7.13407933707672e-16 4.35738761014175e-15 2.85239918177268e-15 1.55414042617838e-14 9.70286168024855e-15
     1.4751698083832  4.5885728512726e-16  1.0853882543955e-14 4.38871191741174e-15 8.97083665198961e-14 9.09913447029169e-15
    1.68046116252848 8.30387571852839e-16 3.25693334461955e-15 3.75723572474622e-15 3.37507101727047e-14 1.55130964771896e-14
    1.91432179720491 1.24721673523979e-15 5.63240996567697e-15 1.02548243405579e-14 1.03088217091668e-13 1.17579970286621e-14
    2.18072754370587 7.32605417866487e-16 5.22230829363501e-15 3.97387264422388e-15 9.89204594564114e-14 1.33731834161881e-14
    2.48420752812878 9.36081901921635e-16 5.95557644999555e-15 9.66870866810751e-15 3.94996243290512e-14 5.73325636527572e-14
    2.82992117040185 1.13922766672189e-15 9.61215531797126e-15 3.14245992694721e-15 2.45371719689198e-14 3.35857499131726e-14
    3.22374589884644 7.79114531302715e-16 1.14439712561313e-14 9.98525173400514e-15 5.92522188772753e-14 3.21725803877798e-14
    3.67237707149754 1.05420886931173e-15 8.11952318221027e-15  4.4834235195058e-15 6.36455700179426e-15 3.93486039674458e-14
    4.18344180293078 1.10538274337555e-15 8.23048269302715e-15 4.78649893024505e-15 1.40382990511971e-14 3.26423026748935e-14
    4.76562863174941 6.13258383526972e-16 1.33618206531259e-15 1.86571077892104e-15 1.37133316991502e-14 5.39955679153144e-14
    5.42883523318981 8.64613063938598e-16 1.26647943202003e-14 6.43561983487546e-15 2.30770947598749e-14 5.22314806668332e-14
    6.18433668808645 1.49238502793417e-15 4.69306137371618e-15 2.80542076079309e-15 3.17394023317653e-14 3.95654085715586e-14
    7.04497716891288 8.66712032848927e-16 1.28248104933719e-14 5.55990367933871e-15 1.78755529682385e-14 4.70504568792489e-14
    8.02538830172598 1.03019568021576e-15 1.75198683575093e-15 3.98461971163234e-15 1.10076923130152e-14 1.07239989557154e-13
    9.14223791635351 9.90083508391974e-16 2.06422355328739e-15 1.50997462732844e-15 2.08945804085315e-14  1.5112890955808e-13
    10.4145134137917 9.28122690780592e-16 5.79328053298304e-15 7.15162777036552e-16 5.03459519550035e-14 9.45205495381802e-13
     11.863844568301 5.78315999116957e-16 9.35457381299543e-15 8.42691649042189e-16 4.65045452617096e-14  1.6284393784904e-13
    13.5148712521137 1.09429312449267e-15 1.20877993214736e-14 6.11176637322746e-15 2.33639287039128e-13 1.38673670789019e-13
    15.3956623343867 1.52257925894728e-15 2.45236172435164e-15 1.99107218167114e-15 8.37368051809448e-14 6.36500570833528e-14
    17.5381928760426 1.15428122901302e-15 1.47358294836558e-15  6.8497801631952e-15 1.90018843281997e-13 1.24237908745338e-13
    19.9788877332196 5.29776994805902e-16 6.36138575294932e-15 4.48402325604187e-15  2.6294987219684e-14 1.20856963636816e-13
    22.7592408110556 1.07567165531663e-15 3.97242981195204e-15  1.0654291584826e-15 2.91905220345441e-13 1.57265845090419e-13
    25.9265204956506 1.24876936655638e-15 3.47095605477132e-15 4.09863573085637e-15 1.90224332096044e-12 2.26593624852598e-13
    29.5345732571566 2.87319556554008e-15 1.36151744686259e-14  4.6435574031089e-15 1.58806816458411e-12  1.3742858724459e-13
    33.6447390859365 2.07951854479376e-15   7.268737553039e-15 3.72296513300222e-15 4.80965782926439e-13 4.92649199768896e-13
    38.3268943249909 1.93739263383478e-15 1.18265287006857e-15 2.14727698862484e-15 4.07922622804759e-13 1.89524863880786e-13
    43.6606396276986 1.91614885382871e-15 6.03161297137892e-15 5.09827166637698e-15 1.05563743285644e-13 6.28465813596512e-13
    49.7366532371709 2.18619001274759e-15 1.60182260387965e-15 2.45185362329085e-15 8.11710151107709e-13 5.99548178239191e-13
    56.6582325941287 2.57239851999902e-15 3.91659877680349e-15 4.83890479390854e-15 9.97353599378456e-13 4.91325817970386e-13
    64.5430504819586 1.14565542397402e-15 5.55097072504421e-15 5.74306539494394e-15 4.22757914485126e-13  8.2977960414589e-13
    73.5251555649188 1.86120023631106e-15 4.58494499688622e-15 6.81574868489966e-15 5.64243415707603e-13 8.10992959182271e-13
    83.7572513303596 3.33925756290635e-15 6.09097528016247e-15 3.53499431778214e-15  0.00245064827714146  0.00378675477640702
    95.4132921789321 2.36549371638779e-15 1.01046720356406e-15 1.78452692385556e-15    0.197478660420037     1.03904165874268
     108.69144079854 2.78584346204914e-15 8.63122017277027e-16 2.09091847813567e-15     1.50052250886893    0.644764279391181
    123.817437099935 1.42154404180432e-15 2.42041539870257e-15 1.67383314530296e-15    0.447965656480951     1.23438936832047
    141.048435988735 1.65242314270278e-15 1.06003648797748e-15 1.26750545268269e-15     0.71091164077203        0.84433112083
    160.677379219302 9.84521791480766e-16 1.34404502695745e-15 1.99582090198371e-15    0.567260951438095    0.351764123816601
     183.03797565572 1.55727708541599e-15 1.64473267490695e-15 1.84890425130217e-15    0.287199736093906     0.22102411084123
    208.510374608594 8.35961899183417e-16  8.2710039716407e-16 1.44157603738423e-15    0.384535071488829    0.215795989807584
    237.527628699261 6.37622282432965e-16 9.42000404568505e-16 1.60379205455076e-15    0.478097186214492    0.369992475863729
    270.583056125634 9.07798688730833e-16 1.58262710440074e-15 1.05360795757154e-15     0.48148666466431    0.330775026797484
    308.238627494519 8.42105658318297e-16 1.39692757131284e-15 1.12425711213706e-15    0.750232250362467    0.378510037923862
    351.134519803746 2.56942418617562e-15 8.07338023489393e-16 1.34618929294374e-15     1.02251637033441    0.842122606824411
                 400 6.11068114662389e-16  9.6358425882114e-16  1.6342767172651e-15      1.4288665227633     0.40694373380744
