                   x                    y                0.001 2.33366959339903e-11 5.09575725051201e-18
 0.00113916455785539 3.56413865307257e-11 4.77049324364843e-18
 0.00129769588987387 9.73364074858879e-12 5.63787191277297e-18
 0.00147828916461893 1.01386044472624e-11 6.07166829468786e-18
 0.00168401462259554 1.20132929334765e-11 8.45682598220826e-18
 0.00191836977297106 9.06065638193627e-12 1.10592690598508e-17
 0.00218533885422973 9.30654575937003e-12 5.85470741719603e-18
 0.00248946056964282 8.66956935246202e-12 1.60192751247445e-17
  0.0028359052491156 1.87894290145625e-12  1.6506860609517e-17
 0.00323056274922856 5.35303197646862e-12 6.94260612468132e-18
 0.00368014258584905 1.56852487383014e-12 6.50648698889492e-18
 0.00419228800165354 2.41494546826107e-12  2.1220010258148e-17
 0.00477570590780612 1.42305964924112e-12 1.99529287442312e-17
 0.00544031490891334 1.92733387092121e-12 3.36297420018256e-17
 0.00619741392780637 1.77189557703831e-12 4.05130906127681e-17
 0.00705987429691639 4.60985055687652e-13 4.51145695691606e-17
 0.00804235858196141 4.42742080071864e-13 3.64306450230558e-17
 0.00916156985813459 3.00391290471939e-13 4.51033316234294e-17
  0.0104365356767032 2.69011533069535e-13 8.50334068447626e-17
  0.0118889315496936 1.42564045121984e-13  4.4768328326579e-17
  0.0135434494521798  1.3527486118876e-13 7.45989319568934e-17
  0.0154282176070292 1.20893742128411e-13 5.55578243014132e-17
  0.0175752786888082 1.17417988677903e-13 7.29048369909573e-17
  0.0200211345767215 2.14843268312636e-13 1.04115929543173e-16
  0.0228073669178543  4.3764441997103e-14 1.66105483311609e-16
  0.0259813440508232 5.53029632594337e-14 1.63472049681779e-16
  0.0295970263081448 4.53353911646984e-14  5.7219584981528e-17
  0.0337158833881522 4.04277142286854e-14 1.91127532338276e-16
  0.0384079393925684 2.59418489584193e-14  5.5754563049696e-17
  0.0437529632962719  2.0097688351209e-14 1.22711580836222e-16
  0.0498418250882607 1.65598634593497e-14 1.41526221675092e-16
  0.0567780406393744 7.52138305345297e-15 2.12346271341707e-16
  0.0646795315608484 8.15289480073131e-15 2.81773777980428e-16
  0.0736806299728077  8.7943643368215e-15 1.20968435945835e-16
  0.0839343622654803 3.52373132771267e-15  1.7085044840333e-16
  0.0956150506790302 4.62429978378767e-15 1.77875148724229e-16
   0.108921276931098 2.38090634411368e-15 5.89111683790586e-16
   0.124079258276259 2.79499746263333e-15 3.33355902589325e-16
     0.1413466933933 1.74300024251734e-15 3.72380122987091e-16
     0.1610171434837 2.12591556430967e-15 6.39734408315113e-16
   0.183425023063748 6.30820162377649e-16 7.32768222902141e-16
    0.20895128529803 7.71297032976386e-16 4.04434470669062e-16
   0.238029898529846  1.5808185215005e-15 8.00593208497344e-16
   0.271155224115116 6.64455362275197e-16 1.08379289441419e-15
   0.308890420989276 7.94535537289348e-16 1.03884882509417e-15
   0.351877019852015 6.18307972357434e-16 1.19574679205636e-15
   0.400845829739193 6.79590843535206e-16 1.27458703582194e-15
   0.456629362403026 7.32691305870276e-16 2.27495704815138e-15
   0.520175985725633 4.98026001015893e-16  2.1960256329892e-15
   0.592566046786134 4.41187804845808e-16 4.09430021321672e-15
   0.675030238687244 5.48241217799556e-16 2.55472336445626e-14
   0.768970523393174 8.54581009939591e-16 4.77367636593683e-14
   0.875983966285015 5.22192024079718e-16 5.30240470919965e-15
   0.997889887641482 5.44634286010216e-16 1.99797120538862e-14
    1.13676079264348 9.72393416749553e-16 5.68262845943074e-14
    1.29495760573905 5.65615431200746e-16 5.69464467464635e-14
     1.4751698083832 5.44392705588443e-16 1.02479036598079e-13
    1.68046116252848 7.98780336694811e-16 1.88956993441523e-13
    1.91432179720491  6.5330496844596e-16 2.44210005346182e-13
    2.18072754370587  1.0096474206051e-15 2.27062516625371e-13
    2.48420752812878 8.17279753948372e-16 1.80897120949267e-13
    2.82992117040185 9.79997293775784e-16 1.04387890241862e-13
    3.22374589884644 5.49845231967261e-16 1.90152836093055e-13
    3.67237707149754 5.61728526875405e-16 7.62208981385393e-14
    4.18344180293078 6.13250243991934e-16 2.07055985427153e-13
    4.76562863174941 9.20296619670052e-16 3.91828530055667e-13
    5.42883523318982 9.10707727091658e-16   1.876812895409e-13
    6.18433668808646 7.98694961680954e-16 1.79259457634286e-13
    7.04497716891288 7.23586167633336e-16 3.27794675905411e-13
    8.02538830172599 1.11019180218788e-15 2.50774055689602e-13
    9.14223791635352 1.33564648244914e-15 7.29967231783735e-13
    10.4145134137917 8.57082689002616e-16 1.36360514872534e-12
     11.863844568301 6.76120002954365e-16 2.55148276820725e-12
    13.5148712521137 9.50519134213749e-16 8.12893281611665e-12
    15.3956623343867 7.28483468167114e-16 4.13105026099491e-12
    17.5381928760426 1.47540224272112e-15 2.83818902401446e-11
    19.9788877332196 1.16281949051743e-15 9.32064415315804e-12
    22.7592408110556 1.47039658423724e-15 2.16683938262829e-11
    25.9265204956506 2.57344592424645e-15 5.09730703646218e-11
    29.5345732571566 2.95935371039398e-15  5.1620271689377e-11
    33.6447390859365 2.01409849426992e-15 4.26709007118762e-11
    38.3268943249909 1.95392999599182e-15 7.64138295213352e-11
    43.6606396276986 1.33316940422052e-15 1.22929344089402e-10
    49.7366532371709 3.50727119714743e-15 8.77150508717659e-11
    56.6582325941288 3.37990827462525e-15  8.5658764605371e-11
    64.5430504819587 5.32941564521659e-15 4.94187854964295e-10
    73.5251555649188 3.00503281293045e-15 3.83148042828337e-10
    83.7572513303596 4.89182405409145e-15 5.53383135762614e-10
    95.4132921789321 3.43907123904501e-15 1.30333861477399e-09
     108.69144079854 7.25590843932293e-15 1.43720435478519e-09
    123.817437099935 5.85056481661927e-15  2.3044681627507e-09
    141.048435988735 4.71375991765609e-15 1.82766814007532e-09
    160.677379219302 6.35485192101596e-15 2.85045160361118e-09
     183.03797565572 4.84234425892406e-15 4.57923014288417e-09
    208.510374608594 4.61129515486891e-15  7.1507477750498e-09
    237.527628699261 6.84833052262984e-15 1.43932677909773e-08
    270.583056125634 6.70779150737459e-15 1.67135174023922e-08
    308.238627494519 1.66032896321417e-14 4.91809581702933e-09
    351.134519803747 7.90859250556658e-15 9.75234713125205e-09
                 400 1.03802512676632e-14 3.93256151630062e-08
