                   x                    y                0.001 1.34918195803714e-11 1.00177488847681e-09 3.93819357591116e-10 2.40141375534301e-15 3.10864887798324e-15
 0.00113916455785539 1.49355459022103e-11 7.32665857682939e-10 8.48429812534347e-10 3.09852864566353e-15 7.78416301075886e-16
 0.00129769588987387 1.73586380916639e-11 5.36217877806246e-10 3.41912595524009e-10  9.1587457915158e-15 2.76447162169633e-14
 0.00147828916461893 1.13094736732221e-11 3.96766851089835e-10 2.03748010897406e-10 4.17975706359723e-15 1.66534727825181e-15
 0.00168401462259554 2.12758487217855e-11 6.68089089577758e-10 3.19384809804731e-10 3.83306616640583e-15 3.55281928386673e-15
 0.00191836977297106 1.21097044000494e-11 1.98060675847375e-10 1.13263231671221e-10 5.04837381292893e-15 1.88739714845467e-15
 0.00218533885422973 8.06002515306755e-12 5.22891284581598e-11 5.54965133431121e-11 2.85726823652091e-15 4.66301269043637e-15
 0.00248946056964282 4.89159151732069e-12  1.4711294615183e-10 7.78616273082003e-11 7.50310729710755e-15 2.10946050500716e-15
  0.0028359052491156  2.9388096436829e-12 1.69770979506509e-10 7.75504400217594e-11 4.13193908306963e-15 2.85334966717589e-14
 0.00323056274922856 4.01870585664572e-12 6.60582480709844e-11   3.924600132166e-11 3.04744225478095e-15 1.83191055698044e-14
 0.00368014258584905 3.50044281586903e-12 3.67585278896995e-11 3.00442990389108e-11 1.56622211524712e-15 9.99284967577033e-16
 0.00419228800165354 3.15874074235803e-12 3.55615324629845e-11 4.11228419876813e-11  2.1602247475093e-15 3.10874524991255e-15
 0.00477570590780612 1.93488056490829e-12 1.20476935939583e-11 1.09184091907631e-11 1.50870414989346e-15 1.55439019961224e-15
 0.00544031490891334 1.80451023171978e-12 4.12355536554433e-11 2.00447921698548e-11 5.31791154676163e-15 1.11135688644636e-15
 0.00619741392780637 9.25246068180141e-13 8.24829961286327e-12 1.00508017154016e-11 1.86234215345891e-15  1.2546613986176e-14
 0.00705987429691639 4.77412936293157e-13 1.60467045978409e-11 1.26665074424469e-11 5.25424834828975e-15 2.66497329137256e-15
 0.00804235858196141 1.02245533613601e-12 1.05287702914031e-11 4.95191985412848e-12  4.3600299774874e-15 5.55577443507767e-16
 0.00916156985813459 1.33771163385315e-13 1.11120437602355e-11 4.63350440191225e-12 2.51891884763966e-15 1.66571379107344e-15
  0.0104365356767032 1.61054786858156e-13 3.93008680737288e-12  1.3683785906923e-12 4.32463031679231e-15 1.16600215372837e-14
  0.0118889315496936 2.48660793394094e-13 5.21229339249857e-12 4.71297848584256e-12 1.45667610386267e-15 1.42214281630669e-14
  0.0135434494521798 2.57894449095123e-13 7.15091339564857e-12 4.15422809149319e-12 2.33930347752741e-15  2.5547201588896e-15
  0.0154282176070292 2.41005614161253e-13 2.63254198381754e-12 2.64524228363149e-12 3.24143386861231e-15 1.10004862247869e-14
  0.0175752786888082 2.38604750975035e-13 2.78010178737128e-12 1.86923117784428e-12 3.54803868623773e-15  1.9109879177112e-14
  0.0200211345767215 9.96825652893235e-14 1.69833871465612e-12  1.0979980852409e-12 3.98927254624219e-15 1.72096528144434e-15
  0.0228073669178543 7.69774868696209e-14 1.35921015331091e-12 1.06452083419615e-12 3.79421338791303e-15 4.11064063669063e-15
  0.0259813440508232 6.29023334706847e-14 1.00663792738853e-12  7.9494706277616e-13 4.76760550456371e-15 3.00748431662003e-15
  0.0295970263081448 3.25603857256326e-14 8.41096925844721e-13 8.58066682439334e-13 4.45569148532426e-15 5.44375822750057e-15
  0.0337158833881522 5.27964707988462e-14 7.70066015097111e-13 4.90706776630554e-13 5.59586076645283e-15 1.84506753789223e-15
  0.0384079393925683 1.67286693406031e-14 4.42683832887583e-13 3.80125753489707e-13 1.33102770385019e-15 2.21817283323251e-15
  0.0437529632962719 1.54989388138269e-14 2.19326618067576e-13 2.17958157770569e-13 1.42215925718853e-15 1.47682612066227e-15
  0.0498418250882607 1.96033664880475e-14 1.64087309652172e-13 1.64737574168737e-13 4.46813964816161e-15 1.38379671159603e-14
  0.0567780406393744  1.0891741148909e-14 3.30065866997153e-13 2.17489763169999e-13 3.35935262710733e-15 3.07206416215692e-15
  0.0646795315608484 8.64525253065072e-15 1.36718887838752e-13 1.76542305889618e-13 1.85049636162138e-15  6.3073599480669e-15
  0.0736806299728077 9.58730828962501e-15 1.37465521303235e-13 8.95503880535045e-14 1.73051281168677e-15 9.15121270698937e-16
  0.0839343622654803 2.72783057303387e-15 1.64209142447121e-13 7.14686733895013e-14 1.97253087184896e-15 1.40759599309198e-14
  0.0956150506790302 3.97303344861502e-15 1.59712865957749e-13 4.68151121632318e-14  1.9528197802413e-15  1.6328234888994e-15
   0.108921276931098 1.50718728215476e-15  6.0346703984829e-14 4.30082800617153e-14 1.18218550965109e-15 3.80615785867346e-15
   0.124079258276259  2.2855359457438e-15  4.4623071473342e-14 5.00067754784504e-14 1.55279575168804e-15 1.20903444287446e-15
     0.1413466933933 3.12395908958443e-15 3.00185137479116e-14 4.12982710107589e-14 1.87557892675219e-15 1.04892322694267e-14
     0.1610171434837 9.89534903669175e-16 6.42953550782558e-14 4.50484840787073e-14 2.23541022816251e-15 3.04942306734664e-15
   0.183425023063748 1.53009786640367e-15 4.86514234461599e-14 3.44680157012145e-14 5.16085143514744e-15 6.46979479745081e-15
    0.20895128529803 1.48147635857226e-15 1.20448975163219e-14 3.51347026188586e-14 4.38519924562248e-15 5.78520646161375e-15
   0.238029898529846 5.52389777841786e-16 1.25946823651716e-14 1.49479585469469e-14 4.60050750268533e-15 7.25013257635458e-15
   0.271155224115116 1.02700581996067e-15 2.09869279595296e-14 4.88936062379516e-14 6.84285288294131e-15  4.8014022308399e-15
   0.308890420989276 7.26294048433241e-16 1.74582140162873e-14  2.2077651758483e-14 7.21789780920927e-15 7.58914133448031e-15
   0.351877019852015 4.71610985445842e-16 2.15757493675508e-14 2.57445631664679e-14 4.46179082304028e-15 8.91705388837671e-15
   0.400845829739193 4.59867890531985e-16 1.69497095160724e-14 2.11205100000167e-14 2.32784467027883e-14 5.29501456748851e-15
   0.456629362403026 7.50825600215444e-16 2.41524717533293e-14 2.52484462653888e-14 1.25256049273633e-14  4.4909208202887e-15
   0.520175985725633 7.26293867453507e-16 1.45661166197586e-14 9.32526662796432e-15 1.26091622195612e-14  4.3545651278814e-15
   0.592566046786134 3.66082089629577e-16 9.68262716859209e-15 8.90361543789116e-15 1.48637317765644e-14 9.22287342541721e-15
   0.675030238687244 6.01974462629015e-16 5.35045805817654e-15 9.17357437786241e-15 7.40530271159012e-14 1.11758168694532e-14
   0.768970523393174 5.92521708829081e-16  5.7708842285677e-15 6.52259397153527e-15 6.00277716304552e-14 6.51343010715839e-15
   0.875983966285015  9.8844967635776e-16 9.59186153900461e-16 1.80026177773286e-15 2.23936635126453e-15 8.72263301070777e-15
   0.997889887641482 5.63831068714429e-16 3.02716706964084e-15 4.57805152574882e-15 3.26375578053591e-14  7.4342600525345e-15
    1.13676079264348 3.45614199755982e-16 1.16172474037497e-14 7.26628664127942e-15 5.84403517963536e-14 7.83776379753976e-15
    1.29495760573905 7.76535949091582e-16 1.07573400923707e-15 3.98732004159219e-15 1.76337554142446e-14 6.11284363012495e-15
     1.4751698083832 6.05885773096488e-16 1.92085548647607e-14 1.18640338053079e-14 9.46147646649103e-14   8.552643782346e-15
    1.68046116252848 5.84716061030691e-16 1.26774077107196e-15 3.03505942566163e-15 3.34398764500123e-14 1.44353716938764e-14
    1.91432179720491   5.936704660224e-16 1.36425814020743e-14 6.73910705635608e-15 1.05914720384727e-13 1.37749533974431e-14
    2.18072754370587 1.12185684251059e-15 5.93010935868239e-15 1.24309157647661e-14 9.80968315396744e-14 4.00305188631913e-14
    2.48420752812878 4.63682003129405e-16 3.96701000805642e-15 9.36483950245313e-15 4.53626640407503e-14 2.11344611808923e-14
    2.82992117040185 9.02027353603695e-16 7.65073390228978e-15 3.32822390180413e-15 2.12065409807857e-14  1.7589582176322e-14
    3.22374589884644 1.15638942174032e-15 1.90714075497119e-14 8.05568761232064e-15  7.9349389581826e-14 6.02145323415949e-14
    3.67237707149754 9.27923757325626e-16 7.67831677276788e-15 5.81953377998176e-15 8.49102523424154e-15 8.55342422824619e-15
    4.18344180293078  5.9336634904541e-16  9.5162246962899e-15 6.47925739931395e-15  3.6024941128312e-14 1.40338754612655e-14
    4.76562863174941 6.42636064829925e-16 1.76099259532577e-15 2.00808421739813e-15 1.46383155991321e-14 5.36561307986099e-14
    5.42883523318982 1.01754780126143e-15 6.90635924435076e-15 4.06287836686689e-15 3.28381574386865e-14 1.41921666132944e-14
    6.18433668808646 9.26965103073255e-16 7.14657823566921e-15 1.51009992345728e-15 1.96709309163368e-14 2.62467189327792e-14
    7.04497716891289  9.5978675294178e-16 3.78652090576382e-15 5.90279823616175e-15 1.17603232514187e-14   4.417366064483e-14
    8.02538830172599 8.95447209751649e-16 1.63413291822085e-15 3.53564313109536e-15 3.40061705724219e-14 2.68480965757047e-13
    9.14223791635352 6.41367663852453e-16 3.39688898040368e-15 2.46775323390292e-15 4.01282708576443e-14 5.96152208523057e-13
    10.4145134137917 1.20032473458098e-15 9.86266851580162e-15 6.93337176680791e-16 2.23752311081236e-14 2.42471246609101e-13
     11.863844568301 5.53672178813012e-16 6.64065956065159e-15  1.5263310134597e-15 1.16116381526731e-13 1.57830279246586e-13
    13.5148712521137 5.85008486607184e-16 6.02285401183737e-15 5.25314991666322e-15 2.60582590879895e-13 1.47562993069919e-13
    15.3956623343867  1.2002858288475e-15  3.6313183231713e-15 1.65149139091139e-15 5.14842799717546e-14 2.00278967870705e-13
    17.5381928760426 7.16958692562402e-16 2.18955248098562e-15 6.65686702592405e-15 3.72477887540016e-13 1.94017712917172e-13
    19.9788877332196 1.06550049519032e-15  2.6805225706192e-15 5.49562606042444e-15 1.31394880745993e-13 8.39064576980625e-14
    22.7592408110556 1.20346961909612e-15 5.98644738864125e-15 1.20416703829554e-15 3.29384614193436e-13 4.35843093828601e-13
    25.9265204956506 1.58797849325794e-15 7.99453922847613e-15 5.68822904002098e-15 1.31451227234068e-12 2.03024261289174e-13
    29.5345732571566  1.6891531650218e-15 1.24589131006706e-14 4.13357015773829e-15 1.51536826160239e-12  1.1914954905588e-13
    33.6447390859365  1.6108681065652e-15 6.77040086245563e-15 3.49333861408708e-15  5.3995807203441e-13 2.63693823579565e-13
    38.3268943249909 1.51264288863249e-15 2.77734741253695e-15 3.62339595676362e-15 6.41345340704431e-13 2.49402593539535e-13
    43.6606396276986 1.59419686598234e-15  5.5300396889259e-15 4.38215024276326e-15 1.71392277337077e-13 8.29736671241597e-13
    49.7366532371709 2.29482226737661e-15 7.77204829990909e-15 4.39712183497967e-15 3.10336330354353e-13 6.75011812160008e-13
    56.6582325941288 4.17373898942573e-15  2.0538256877876e-15  4.0141387715415e-15 3.90296642052464e-13 6.65869627906174e-13
    64.5430504819587 1.47753179679236e-15 4.45352638520841e-15 4.37491695263411e-15 7.34452306448287e-13 8.56482124438082e-13
    73.5251555649188 1.25064548336357e-15 5.71411192252262e-15 7.19320749421872e-15 5.01879750577683e-13 1.16762035001806e-12
    83.7572513303597 3.46452843222061e-15 3.35952171644009e-15 4.53755458496387e-15  0.00245064827740429  0.00378675477668466
    95.4132921789321 3.41368683856673e-15 5.04868484728432e-16 1.85761805551663e-15    0.197478660421226     1.03904165874359
     108.69144079854 2.80925420079698e-15 2.32998232310872e-15  2.1650244883431e-15      1.5005225088712    0.644764279391267
    123.817437099935 1.78538355146698e-15 1.41373230221302e-15 1.36737331459007e-15    0.447965656479104     1.23438936832359
    141.048435988735 2.13301125245333e-15 1.87531471447435e-15 1.90885299993588e-15    0.710911640773561    0.844331120831988
    160.677379219302 9.97862585625153e-16 1.44134989243035e-15 2.00991429343038e-15    0.567260951438548    0.351764123816921
     183.03797565572 5.86494498423268e-16 2.63384215494714e-16 1.79685270337644e-15    0.287199736095705    0.221024110841986
    208.510374608594 4.86372209682757e-16 1.07113456335066e-15 1.43210654052423e-15    0.384535071488135    0.215795989807625
    237.527628699261 8.01186279610467e-16 3.50393919190595e-16 9.93400720268074e-16    0.478097186214054    0.369992475863154
    270.583056125634  1.3287817681369e-15 2.14673307589088e-15 1.00049207677634e-15    0.481486664661203    0.330775026797492
    308.238627494519 1.13271210605814e-15 5.77213485800363e-16  9.1027761629073e-16    0.750232250365576    0.378510037922814
    351.134519803747 1.29203020472909e-15   7.328728522408e-16 1.26473447707588e-15      1.0225163703146    0.842122606832733
                 400 1.82691930998507e-15 3.20868029600847e-16 9.66937150149959e-16     1.42886652277499    0.406943733807771
