                   x                    y                0.001 8.91052593835767e-11 1.40220977047635e-08 5.85477247385725e-09 1.44825618508055e-15 6.43653625148757e-12
 0.00113916455785539 1.08175971231897e-10  6.3877160866073e-09 5.36136701215041e-09 1.39493630021435e-15 1.62788691295563e-11
 0.00129769588987387 2.62247034184701e-11 2.85643117931258e-09 2.79393292262776e-09 9.46562634603038e-16 1.06470091694587e-11
 0.00147828916461893 4.35644863778937e-11 8.34380006816036e-09 2.71057690194143e-09 1.98449215541447e-15 9.39434930026591e-12
 0.00168401462259554 3.64312403898857e-11 1.79199713222721e-09 1.24772515653581e-09 3.77447352286952e-15   1.787174534334e-11
 0.00191836977297106 3.81705354249982e-11 2.35753227862032e-09 1.85610044590916e-09  1.3702613306287e-15 1.99189863686607e-11
 0.00218533885422973 2.65637347773958e-11 9.63275096555638e-10 9.81227527409754e-10 1.73762333932163e-15 6.15065037900809e-12
 0.00248946056964282 1.81940154266403e-11 7.04460804963755e-10 7.48920331208506e-10 1.68464520479318e-15 2.83174584987131e-11
  0.0028359052491156 1.76462435030999e-11 9.90067885643583e-10 5.41531727657507e-10 2.71560913720718e-15 1.73983905360548e-11
 0.00323056274922856 9.30868458822536e-12 4.90896124817943e-10 6.82668886445941e-10 2.38570467371976e-15 1.89922338672191e-11
 0.00368014258584905 1.12955486407289e-11  6.5158342425965e-10 2.36660861148923e-10 1.72717751596168e-15 3.83678397594896e-12
 0.00419228800165354 6.18468862867199e-12 5.45023419851632e-10 3.86362818687039e-10 2.38647812079603e-15 1.50619929938736e-11
 0.00477570590780612 9.91483565217891e-12 2.67277468371551e-10 3.81476936683239e-10 3.52320823313506e-15 1.18729387591957e-11
 0.00544031490891334 1.52223930249922e-11 4.00095502759387e-10 2.97841474574347e-10 2.00989055892658e-15 1.21926630103531e-11
 0.00619741392780637 4.70116974620035e-12 2.10724763527395e-10 1.90714650116041e-10 5.38466701277107e-15 1.19093998555097e-11
 0.00705987429691639 4.08202741661996e-12 2.68004202556639e-10 1.22841912198164e-10  2.7403464738156e-15 1.74534249834555e-11
 0.00804235858196141 2.17824535410454e-12 1.72609749494008e-10 2.10278063812594e-10 2.90167909295474e-15 1.78981529083392e-11
 0.00916156985813459 1.79273872904624e-12 2.18142754838276e-10 1.26350721750428e-10 2.24547315125246e-15  1.1485036051193e-11
  0.0104365356767032 1.07563640265499e-12 1.54575429846597e-10 1.01175726768315e-10 7.10213862199226e-15 5.48291391451102e-12
  0.0118889315496936 7.61752301260189e-13 1.28297399121059e-10  7.3389724852382e-11 3.94939565764979e-15 1.55202785488906e-11
  0.0135434494521798  1.5149507473134e-12 1.51684613401096e-10  8.1579911404097e-11 4.93814206784443e-15 3.53976432299939e-12
  0.0154282176070292  1.1223070918252e-12 1.37823291874659e-10 7.12337754134815e-11 1.04096357693525e-14 8.48823119187144e-12
  0.0175752786888082 5.30877530589052e-13 1.86507005423629e-10 5.90820799164226e-11 5.66597840186939e-15 1.64742941789747e-11
  0.0200211345767215 8.01323855796511e-13 7.59115462065095e-11 6.70327090948571e-11 5.24622212263106e-15 7.83295125692169e-12
  0.0228073669178543 1.09601809935047e-13  1.2455644239333e-10 5.22625385771008e-11  5.7065142110468e-15  1.2791703586461e-11
  0.0259813440508232 2.67531322166929e-13 8.96836086644125e-11 6.63136090730056e-11 5.83771351916237e-15 5.44693819071098e-12
  0.0295970263081448 1.09589163765963e-13 4.04828295320906e-11 4.97877683697084e-11 1.31063924121899e-14 1.77139418715399e-11
  0.0337158833881522 2.14035326489153e-13 4.25858734362321e-11 3.10860274532047e-11 1.53711706533013e-14 1.18090735912239e-11
  0.0384079393925684 8.59214560668558e-14 4.18782403110226e-11 2.67790291688086e-11 1.08334134549546e-14 1.98360992858195e-11
  0.0437529632962718 1.90009558360462e-13 6.04401982155684e-11 2.97279238598393e-11 2.46322911414014e-14 1.06741727102874e-11
  0.0498418250882607 1.00277513097932e-13 1.83230234783056e-11 3.36555440282488e-11 1.31755195939839e-14 9.95549076976832e-12
  0.0567780406393743 1.10866593631688e-13 3.72926815457138e-11 2.28632705780585e-11  3.6007182430452e-14 2.46270166680632e-11
  0.0646795315608484 5.03804305866629e-14 9.60343020947536e-11 2.74826284609602e-11 6.87116469479305e-14 1.55405539348489e-11
  0.0736806299728077 4.33800336802869e-14 4.18300768534851e-11 2.36970277092473e-11 1.05294331899434e-14  8.7079041135973e-12
  0.0839343622654803 2.71318425694028e-14 3.25493781783449e-11 2.65984847927897e-11 7.62390692083935e-14 4.60066251661347e-11
  0.0956150506790302 2.54304951212338e-14 5.62221178860648e-11 7.01974854660925e-11 1.42454880116572e-13 7.91921630580346e-11
   0.108921276931098 1.01288257969379e-14 6.09194545644736e-11 1.46169045826072e-10 6.28331395460895e-14 7.77193588870837e-11
   0.124079258276259 1.55354713374702e-14 4.88856699626473e-11 3.56584079531568e-11 8.32609322540813e-14 4.08193594968747e-11
     0.1413466933933 1.79122289080148e-14 2.07302606746133e-11 2.43285084711966e-11 5.25443111033902e-14 7.23825071887589e-11
     0.1610171434837 1.12912915611403e-14 1.07576445918499e-11 9.65318856843586e-12 7.32596560035256e-14 6.70827853771353e-12
   0.183425023063748  4.2801024229086e-15 9.70548030406393e-12 5.30601392131065e-12 4.17410822111506e-14 5.25012684905566e-12
    0.20895128529803 3.83023435080047e-15 4.74780486188694e-12 3.55821521521531e-12 2.80121145740631e-14 9.84285085738262e-12
   0.238029898529846 4.22843108875619e-15 3.87657983739066e-12 2.45527064623174e-12 1.37614206861784e-14 4.12141436093431e-12
   0.271155224115116 1.35880103501517e-15 1.47657198122822e-12 9.54112195903637e-13  1.9535303287833e-14 2.70385151314271e-12
   0.308890420989276 1.29456505744504e-15  1.6247799902685e-12 7.93577636526989e-13 2.27845435858126e-14 1.37655470400992e-12
   0.351877019852015 1.03650414607362e-15 6.48506296585538e-13 5.99593603111623e-13 1.25018823276092e-14 1.77279368103032e-12
   0.400845829739193 1.14058132175519e-15 8.38748274392408e-13 3.81359339086751e-13 1.19882487002615e-14 8.92762466488022e-13
   0.456629362403026  9.1467740540908e-16 8.36400456191784e-13 3.73777104097486e-13 7.63424347127304e-15 1.15647860291874e-12
   0.520175985725633 9.12760591127585e-16 4.11206387963475e-13 3.52650341739456e-13 8.66876139942767e-15  9.8596085604608e-13
   0.592566046786134 7.60408048003347e-16 3.46055472880021e-13 2.68329160189099e-13 5.75027237420393e-15 8.32338168867798e-13
   0.675030238687243 9.40959858890778e-16  1.8607627948993e-13 2.02471852428445e-13 4.90118261126032e-15 5.01293413513037e-13
   0.768970523393174 5.95112565429853e-16 1.43120812480224e-13 6.41735183074822e-14 4.90625967441905e-15 4.44969466917299e-13
   0.875983966285015  5.2841905241483e-16 7.23718937086675e-14 4.88392025372779e-14 8.25721644461172e-15 3.95845589674743e-13
   0.997889887641482 6.86437514993926e-16 9.03240550927491e-14 3.47463976188375e-14 3.41435353202776e-15 2.26482123104896e-13
    1.13676079264348 9.88144914332924e-16 7.30477077874951e-14 1.43108444239479e-14 4.25438909517291e-15 6.47571297273574e-13
    1.29495760573905  8.9628173435789e-16 5.53874164906939e-14 5.94530456255316e-14 1.21782924739543e-14 4.75156844046868e-13
     1.4751698083832 8.87305258078258e-16 2.39507123961483e-14 2.15849336232745e-14 1.35275096136743e-14 1.84750893413681e-13
    1.68046116252848 5.61632079941464e-16 3.56403998726737e-14 1.02550089780464e-14 1.16894590932909e-14 4.49638738320182e-13
    1.91432179720491 4.61222823412449e-16 4.78012540481729e-14 1.31643828148833e-14 5.15979806795652e-15 2.69861469781934e-13
    2.18072754370587 7.35533534400801e-16 6.80969578328877e-14 1.25723224028414e-14 7.98713294694332e-15 2.70145097636234e-13
    2.48420752812878 6.28589949323792e-16 3.22541281514624e-14 1.66720013465527e-14 9.50072777580748e-15 1.79097464604109e-13
    2.82992117040185 6.73863163162149e-16 4.38738900069509e-14 1.03263501258838e-14 4.44197379130403e-15 2.50734541675613e-13
    3.22374589884644 5.46446868038466e-16 2.37243199049331e-14 2.30980456819795e-14 5.97428717594449e-15 4.08432688656046e-13
    3.67237707149754 5.57188388970145e-16 1.70476916848363e-14 9.40607711080594e-15 1.74282019241325e-14  2.5219085946999e-13
    4.18344180293078 7.41998397323478e-16 1.48472174758704e-14 8.51299945789636e-15 1.00362579089889e-14 2.54207521132085e-13
    4.76562863174941 9.03278986893696e-16 3.57325138065892e-14  9.9030478581468e-15 2.64141666603318e-14 2.50550192421284e-13
    5.42883523318981  8.6746952543515e-16 2.60704640176983e-14 2.02080799941125e-14 1.33764206320253e-14 6.39783295201639e-13
    6.18433668808645 1.10245987792677e-15 8.82369440310584e-15 8.06947464594557e-15 1.14328169219503e-14 8.96172695327634e-13
    7.04497716891288 7.01316268136679e-16 1.41737694264382e-14 1.14380143325571e-14 9.97908201657415e-15 9.32524305061783e-13
    8.02538830172598 7.47520401885109e-16 1.59297848909456e-14 2.04764979562748e-14 1.77281289205409e-14 4.16164172341309e-13
    9.14223791635352 8.58824554434684e-16 2.31514706338357e-14 1.42832027011828e-14 5.95585616872365e-15 6.64983060520284e-13
    10.4145134137917 1.35124728312776e-15 3.39666837149573e-14 2.22904059011594e-14 2.75320335422955e-14 3.20648360398863e-13
     11.863844568301 9.07236771649489e-16 1.89057853201229e-14 8.53878118214989e-15 2.37115385872344e-14 3.94880778440513e-13
    13.5148712521137 6.74286494607199e-16 2.72197966335058e-14 1.29115995120234e-14 2.91253022471947e-14 4.66281164600513e-13
    15.3956623343867 1.06398549403466e-15 5.54933840767391e-14 3.86015534524047e-14 6.09560541506543e-14  2.9020930998701e-12
    17.5381928760426 1.25887712142424e-15  3.9696349294362e-14 2.35858491119735e-14 1.99599329694321e-14 5.02492825183657e-12
    19.9788877332196 7.76826775774726e-16 3.33076174018464e-14 3.70966932693107e-14 8.75948820152715e-14 6.03846629511728e-13
    22.7592408110556 1.92837639689714e-15 2.96500616143824e-14 1.57856575711803e-14 3.70939801949649e-14 2.19317615163945e-12
    25.9265204956506 1.59175287208812e-15  1.8793540012618e-14 5.16924322994947e-15 1.29111144079078e-13 4.15951168527887e-12
    29.5345732571566 1.56271646603843e-15 3.65751700690829e-14 3.71613084613112e-14 3.25943546053414e-14 5.11622882341541e-12
    33.6447390859365 6.89247304073425e-16 2.16782650621515e-14 2.15012690713422e-14 7.60211021091181e-14 3.42605668016536e-12
    38.3268943249909 1.40898712726832e-15 2.91216450666718e-14 1.07148576069276e-14  8.4548735480355e-14 2.83582587507877e-12
    43.6606396276986 1.20590740165478e-15 5.62863866328096e-14 1.18293305803331e-14 3.86260943908407e-13 2.76261531287574e-12
    49.7366532371709 1.46235917908913e-15 2.75835867707862e-14 6.95787813240673e-14 1.35630280470162e-13 1.31668205369183e-12
    56.6582325941288 7.60730301651218e-16 2.49811086822327e-14 2.47600453833234e-14 1.54908849825705e-13 1.97020480776483e-12
    64.5430504819586 2.03377127859069e-15  3.7195482574653e-14 2.08208833175108e-14 2.58711315137617e-13 1.98640431631297e-12
    73.5251555649188 7.68105681659015e-16 8.03705123338021e-15 2.32233083382754e-14 5.01740106521289e-14 9.44268991451704e-13
    83.7572513303596 1.05144294533189e-15 4.75953877497088e-14 7.94637955794613e-15 3.83505983681845e-13 6.26414043609805e-13
    95.4132921789321 7.66963231827314e-16 1.65883944940491e-14 2.73846449244128e-14 4.11021029430499e-13 1.43935602523157e-12
     108.69144079854 1.34002108445706e-15 2.62341443879514e-14 2.54913218693852e-14 7.52838586298264e-11 8.66228192023843e-11
    123.817437099935 5.62574339705707e-16 1.09666796900269e-14 6.07452023270384e-15   0.0163388725849023   0.0349462679755371
    141.048435988735 5.47193515092991e-16 8.13019295637076e-15 6.99141592009145e-15    0.117780705013767    0.630978816045786
    160.677379219302   8.589657491818e-16 6.31848562199967e-15 2.87069432130436e-15    0.363163429150371      0.2718050225035
     183.03797565572  9.4316862596985e-16 4.34414710659096e-15 3.99664875445371e-15    0.289858524262593    0.320063130344656
    208.510374608594 1.67232899225436e-15 7.28013949786008e-15 1.53386175367053e-15     0.74787899593101    0.534784983699715
    237.527628699261 9.80846827249905e-16 2.34714839274402e-15 2.98945008332691e-15    0.734539646100245    0.269129509772895
    270.583056125634 2.00942409790972e-15 1.59222025122786e-15 1.34205622194154e-15    0.593124125395038    0.455826179753891
    308.238627494519 2.08076502045348e-15 1.34687798920689e-15 9.73636171887066e-16     0.91820291747589    0.642421990892385
    351.134519803746 1.26247537820438e-15 8.09402774323372e-16 2.27621675457646e-15    0.624726366354179    0.358201699228543
                 400 1.31447262392122e-15 2.98803113192196e-15 1.36732771991609e-15      1.5496852152916     0.51429431269294
