                   x                    y                0.001 1.68634576061282e-10 9.58905021018754e-10 1.06743788722679e-09 4.19427191833936e-16 3.42709219728731e-11
 0.00113916455785539 1.17395457081168e-10 1.49039688768847e-09 7.44328620381289e-10   1.037057026444e-15 2.56574108941349e-11
 0.00129769588987387  5.4497651296331e-11 1.57158543293617e-09 9.84480422011463e-10 9.10242141022677e-16 2.56908926435607e-11
 0.00147828916461893 4.76491287747727e-11 1.03947950554944e-09 4.73678570636345e-10 3.68791880808128e-16 1.71088522576462e-11
 0.00168401462259554 4.98246754641148e-11 8.29390552646569e-10  3.8133588534757e-10 4.18160569248785e-16  8.6194777725292e-12
 0.00191836977297106 1.18246308243263e-11 3.68041371536297e-10 4.70926593255927e-10 3.31565554373639e-16 1.65634522724091e-11
 0.00218533885422973  1.9745273046185e-11 5.94609170252614e-10 2.10132438133676e-10 2.87421830428629e-16 8.55927574134464e-12
 0.00248946056964282 2.64210701716086e-11 2.37221508812039e-10 1.79263958905338e-10 8.75993957113521e-16 1.09571500050386e-11
  0.0028359052491156 4.65596283239491e-11 2.75568139699872e-10 1.46854730859801e-10  4.6459716866008e-16 5.60588676660187e-12
 0.00323056274922856 1.20915226289982e-11 2.48375264394551e-10 1.04061568101841e-10 5.48022175496879e-16  4.3504216867034e-12
 0.00368014258584905 7.50801389984347e-12 1.04844233276488e-10  1.0637046381929e-10 4.56259308995029e-16 8.56372269176959e-12
 0.00419228800165354 1.02120763504503e-11 1.53788917980065e-10 9.03574338017218e-11 5.96061921669898e-16 8.58187113741655e-12
 0.00477570590780612 7.77426438637742e-12  4.6019538071489e-11 5.64078278146147e-11 5.50502704436847e-16 5.37530489447047e-12
 0.00544031490891334 2.32599067479957e-12  5.3402888412208e-11 3.27016300272088e-11 3.34302276777576e-16 3.77694074681545e-12
 0.00619741392780637  3.9441363775512e-12 6.32280141130678e-11 3.38677061469132e-11  5.7583684636484e-16 1.07284095143602e-11
 0.00705987429691639 2.08032115944137e-12 8.94142887674628e-11  2.7357908113828e-11 8.54755968196202e-16 3.48004995913357e-12
 0.00804235858196141 2.78882506116552e-12 3.61908670985217e-11 1.63212313805575e-11  1.4934766068527e-15 7.54874305785149e-12
 0.00916156985813459 2.24064828396161e-12 2.16303639462474e-11  2.0653177605038e-11 9.13339850534435e-16 3.90088111935417e-12
  0.0104365356767032 1.09507788508877e-12 1.25307580888114e-11 1.40396598660531e-11 6.08800198700474e-16 4.42678433472301e-12
  0.0118889315496936 7.61378495647825e-13 1.05763161285099e-11 9.48150311441697e-12 2.75325034768456e-16 1.69921053375611e-12
  0.0135434494521798 1.25364237873079e-12 1.23236505086544e-11 1.04421401801819e-11 5.19394516777887e-16 3.29289472810018e-12
  0.0154282176070292 1.23288741307807e-12 1.85833665270334e-11 9.26722115545205e-12 4.72208357427661e-16 3.88330282488484e-12
  0.0175752786888082 3.94155656772275e-13 8.84918475118059e-12 6.38326979307994e-12 1.20089790096917e-15 2.67525540026827e-12
  0.0200211345767215 5.51570185548585e-13 7.19314056067398e-12 5.10071266103391e-12 3.96850967696858e-16 2.71994142861378e-12
  0.0228073669178543 1.82855167379369e-13 6.33919368264986e-12 4.28002495699465e-12 3.83409354889959e-16 2.20281941972783e-12
  0.0259813440508231 1.92518086116034e-13 5.82228185782606e-12 6.14957925236415e-12 4.81998951846097e-16 4.80085006743187e-12
  0.0295970263081448 3.68040284725955e-14 5.25160523844983e-12 2.36246194424882e-12 5.91644285301644e-16 1.51463136412307e-12
  0.0337158833881522 9.16658499039308e-14 3.92376680202055e-12 3.12319507113435e-12 4.34405741953645e-16 1.93409081861316e-12
  0.0384079393925684 4.64637831648396e-14 3.32383965961445e-12 2.01260749312593e-12 6.48852547584708e-16 3.19281169137636e-12
  0.0437529632962718 7.96008500944375e-14 4.12285481880846e-12 2.75617121893306e-12 7.28730055020521e-16 1.32381401095167e-12
  0.0498418250882607 5.87423868072139e-14 2.50604433390845e-12 1.57057121204373e-12 1.70967870968105e-15 2.70027779487232e-12
  0.0567780406393743 7.47670111619764e-14 4.36198760604036e-12 2.82772628370086e-12 2.30762327142046e-15 1.22260404387851e-12
  0.0646795315608484  3.1904679701362e-14 3.33891526347288e-12 2.21061108520227e-12 1.41449994956884e-15 1.23795415880084e-12
  0.0736806299728077 2.05016487509779e-14 1.76351751658301e-12  1.2952843686202e-12 1.25002836160215e-15 2.87792176439249e-12
  0.0839343622654803 1.11311356244869e-14 1.32449683352746e-12 1.73121458885309e-12 3.45489292267778e-16 3.23865662604505e-12
  0.0956150506790302 1.68501708065803e-14 1.80135875368884e-12 1.67428007016401e-12 2.33084776032731e-15 2.13900697731639e-12
   0.108921276931098  1.1972345330854e-14 9.48450841070441e-13  8.9213236782229e-13 3.98591627670852e-15 3.83308919095763e-12
   0.124079258276259 8.08778922949619e-15 1.27263798550341e-12 1.11495135018653e-12 2.18990447089486e-15 2.90882677521576e-12
     0.1413466933933 8.02166645012338e-15 1.51145076886473e-12 1.11254830952387e-12 2.25850575976678e-15 9.71922362399032e-13
     0.1610171434837 3.95977970156635e-15 1.26363059568567e-12  9.6923065632864e-13 4.75873759877017e-15 4.21245797418671e-12
   0.183425023063748 5.41032105347665e-15 9.12979797920147e-13 8.27310195357595e-13 2.51654129896851e-15 2.19116934105874e-12
    0.20895128529803 4.75704391077497e-15 1.23312905575744e-12 1.27797733097764e-12 1.80798246728858e-15 3.95029075864036e-12
   0.238029898529846 1.67847000161341e-15 1.52797175318764e-12 1.15875368762951e-12 5.12302085509523e-15 2.58649833830257e-12
   0.271155224115116   2.872909736257e-15 2.25119743177775e-12 8.01846922704217e-13 5.08157923149537e-15 6.25131173747034e-12
   0.308890420989276 2.55791178848638e-15 1.10547059817573e-12 2.13583066929988e-12 2.48351620555884e-15 1.87729314609896e-11
   0.351877019852015 1.84814961470068e-15 7.00869623113413e-13 6.09682115028412e-13 6.18879142476763e-15 1.10129735552658e-11
   0.400845829739193 2.76321893756093e-15 1.10245472620345e-12 2.75712422949637e-12 9.44084255045045e-15 2.56175889243952e-11
   0.456629362403026 2.05404714474229e-15 1.27804365509518e-12 1.86248416281134e-12 1.13230531510002e-14 1.75336592502946e-11
   0.520175985725633 1.23849169055984e-15 3.38759626108178e-12 1.33507549680442e-12 1.38334247252617e-14 1.26160072175419e-11
   0.592566046786134 1.54732371588686e-15 8.03131110033272e-13  2.6237562009734e-13 1.10701511938088e-14 4.23570621109608e-12
   0.675030238687244 1.00590949301302e-15 3.34261329906888e-13 1.74576750162381e-13 4.36296734262623e-15 2.73807682443813e-12
   0.768970523393174 7.17735775634735e-16  1.6585590830505e-13 9.02534641371494e-14 4.17843459443325e-15 2.55300636501554e-12
   0.875983966285014 7.37281967215212e-16 8.90163781442384e-14 7.72759586061109e-14 3.67803310611564e-15 1.84709171179136e-12
   0.997889887641482 4.31992223790586e-16 1.01592932107828e-13  4.6348543635999e-14 5.39125834457969e-15  1.2831103345108e-12
    1.13676079264348 2.72849735460897e-16 1.03244624881462e-13 2.89480571098694e-14  5.0593491977678e-15 1.26112548837918e-12
    1.29495760573905 3.91875684584247e-16  5.0987580683894e-14 2.61362668326154e-14 6.09271764476116e-15 1.33284315139116e-12
     1.4751698083832 6.42574184107281e-16 4.08787949449191e-14 2.09729119309726e-14 3.48479800008603e-15 2.24463605458936e-12
    1.68046116252848 4.93580024422508e-16 2.25153383218283e-14 2.27632365287275e-14 2.38656248058557e-15 2.06920423265623e-12
    1.91432179720491 7.55673215025514e-16  5.1837232251364e-14 3.47524416416245e-14 2.75142081978698e-15 1.15135766127091e-12
    2.18072754370587 3.95690063029818e-16 4.12390323522086e-14 2.65388952375121e-14 4.89958698691334e-15 9.28013770108034e-13
    2.48420752812878 8.72808138059646e-16 3.58881963224656e-14 1.40543789230695e-14 4.80668560194068e-15 1.12800811533056e-12
    2.82992117040186 5.63241245940939e-16 2.20259136641573e-14  7.4685475766293e-15 4.37110423115996e-15 1.12273697189478e-12
    3.22374589884644 3.69425862121612e-16  2.4491732711988e-14 1.66840120974993e-14 1.57952715201122e-15 6.74486026674632e-13
    3.67237707149754 5.93826588274321e-16 4.35973793461431e-14 2.73262257592367e-14 1.67167247851182e-14 5.19701356209784e-13
    4.18344180293078 5.88545664738512e-16 2.82246729582784e-14  1.5619059890933e-14 5.69312138784356e-15 6.03436598101888e-13
    4.76562863174941 7.57552229857596e-16 1.74965789958807e-14 1.62884051894422e-14 1.31942938923529e-14 1.42613485040532e-12
    5.42883523318981 7.16895238757023e-16 1.35447585976302e-14 1.53403874456581e-14 7.75249610321267e-15 8.05876920804109e-13
    6.18433668808646 7.18465038641366e-16 2.55361717323954e-14  1.4797568445215e-14  4.2808674784287e-15 4.93866208869351e-13
    7.04497716891289 6.71701136334038e-16 2.36072445437323e-14 2.71622993165388e-14 1.41966896125589e-14 5.96081985318438e-13
    8.02538830172598 4.93896675174852e-16 1.48236730409976e-14 3.27527767344706e-14 5.19408657542052e-15 4.35528623131048e-13
    9.14223791635351 6.09493461186045e-16 3.29203391419374e-14 4.38172468176766e-14 3.02454301407738e-14 8.51779997436567e-13
    10.4145134137916 7.53867075317698e-16 3.63621494886875e-14 3.51769356032961e-14  2.7954877315212e-14 2.61373492256091e-12
     11.863844568301 9.69670203804517e-16 3.00851388089023e-14 2.86576173334958e-14 2.84855023093932e-14 2.48615920392585e-12
    13.5148712521137 1.13111435332857e-15 3.16702537988877e-14 1.09225979575779e-14 5.26339479592431e-14 2.03427025506357e-12
    15.3956623343867  9.1191969100435e-16 4.44945403192379e-14 2.99008731115361e-14 6.18920945262916e-14 2.29912822022914e-12
    17.5381928760426 9.55608190020698e-16 6.90600119133001e-14 4.14128091312928e-14 5.11614589031984e-14 2.30021286505377e-12
    19.9788877332196 1.01402650221156e-15 4.12241003254505e-14 3.96208318051194e-14 6.84103459180225e-14 6.85247457713327e-13
    22.7592408110556 1.53630421804951e-15 5.16575006036455e-14 2.44367490128484e-14 5.38335508210315e-14 8.15386405927285e-13
    25.9265204956506 1.30959674843998e-15 1.01236070228982e-13 2.05083855158281e-14 7.94563392558391e-14 2.53132040759037e-12
    29.5345732571566 1.14295205872621e-15 7.39668470536366e-14 1.06326188902617e-14 2.24947647133397e-13 8.33535102818612e-12
    33.6447390859365 9.13210185265607e-16 3.42773434625124e-14 3.08259262524848e-14 2.82501515693246e-13 3.93645985566117e-12
    38.3268943249908 1.75082646928052e-15 4.66401518608137e-14 2.35152204608936e-14 2.99639765772282e-13 1.66981305365727e-12
    43.6606396276985 1.25282626141883e-15 7.28836301644327e-14 2.26617668232624e-14 1.46833961445939e-12 5.96358120556859e-12
    49.7366532371709 1.03727136724201e-15  9.3943214367415e-14 2.31335457404282e-14 5.06919613986339e-13 4.07651993495895e-12
    56.6582325941287  1.7887248206857e-16 4.99956422974748e-14 2.28360344038584e-14 1.19198386937872e-13 1.47695543239695e-11
    64.5430504819586 1.98517499378332e-15  1.6876991724751e-13 2.55431245521806e-14 2.06464334899913e-13 1.73438878305245e-11
    73.5251555649188 3.22962914931853e-15 1.85843015184245e-13 1.41895436269457e-14 4.72356946095388e-13 1.06449235922397e-11
    83.7572513303596 2.44015128366383e-15 8.02742392813619e-14 7.85730922956798e-15 2.83992985814312e-13 8.60093410527266e-12
     95.413292178932 1.13944312238909e-15 5.14853988841362e-14 4.95757076287824e-15 7.96671251010782e-13 6.55747907677032e-12
     108.69144079854 1.80008017575391e-15 4.34709180738526e-14 6.38870968866706e-15 4.76195332384771e-13 5.72048097148438e-12
    123.817437099935 1.60565739881246e-15 9.56477508628977e-14   7.147671871774e-15 3.45770668446036e-12 6.74831561521993e-12
    141.048435988735 2.57251158873171e-15 3.62876537224252e-14 3.58945064327178e-15 8.96504057906265e-09 2.79694178660728e-09
    160.677379219302 1.72467154815257e-15 7.63148314212892e-14 5.81126575883651e-15    0.432920323139663     1.08844485306778
    183.037975655719 2.74658824735618e-15 4.38551338984728e-14 3.17550168674381e-15    0.493545102069869    0.819671495633821
    208.510374608594 2.72581718086944e-15  2.6152527041833e-14 2.76010940770986e-15    0.782293649015225    0.911697785959316
    237.527628699261 1.89022889045512e-15 2.64886685858929e-14 3.24699294529413e-15     1.05661254502995    0.508678157627766
    270.583056125634 3.39449747309269e-15  3.0833327124746e-15 2.01634676309568e-15     1.85034562202588    0.475678878550374
    308.238627494519 3.34220841765491e-15 3.47011115888211e-15 1.65412753387657e-15     1.04592679088856    0.908402087707439
    351.134519803746 6.08599208033336e-16 2.01011732522033e-15 1.12733501148809e-15      1.0127463297531    0.412177655461927
                 400 2.08871453954131e-15 5.03019036801848e-15 1.55972045994625e-15     1.02185448588265    0.941960131552941
