                   x                    y                0.001 9.06482643346899e-11 2.31178710002208e-09 2.23103563579596e-09 9.90455067380989e-16 1.76407071481858e-11
 0.00113916455785539 7.77069959846218e-11 1.16536686034787e-09 1.45324549605485e-09 4.34951621946242e-16 3.43167942242606e-11
 0.00129769588987387 3.72427661252519e-11 7.77347460987565e-10  7.9942765889379e-10 3.45851711393777e-16 1.71850476053201e-11
 0.00147828916461893 3.64551152338287e-11 9.84891559334228e-10 4.65971244541229e-10 3.92291490576756e-16 1.83511527368505e-11
 0.00168401462259554 5.10538162640243e-11 7.94494804507906e-10 4.12115516377656e-10  1.4729476777035e-15 1.99868411717251e-11
 0.00191836977297106 1.94011967534125e-11 8.37313113575005e-10 2.50725490844683e-10 1.42273778757729e-15 1.98409538786495e-11
 0.00218533885422973 2.30635263644173e-11 2.50989439804262e-10 3.89988263170695e-10 7.17726312248335e-16 5.30604378064611e-12
 0.00248946056964282 1.77561210765643e-11 6.15914432529118e-10 2.04773003679741e-10 5.80471644955505e-16 2.62749999966201e-11
  0.0028359052491156 1.23734015450291e-11 4.00880069590751e-10 1.58829627162898e-10 1.01947900040222e-15 1.53576279124528e-11
 0.00323056274922856 1.61585022959382e-11 1.91853421912374e-10 1.69368716529293e-10 7.05609409855148e-16 1.90533195336753e-11
 0.00368014258584905 7.89668238596921e-12  2.3429166441127e-10 1.30167034101889e-10 2.69161270074713e-16 1.04913494737349e-11
 0.00419228800165354 9.15501264418279e-12  7.9563434081505e-11 1.09252165731766e-10  3.2437477593982e-16 1.24858881915033e-11
 0.00477570590780612 5.04439353833048e-12 1.59744087085347e-10 8.71646374778429e-11 1.81717150046644e-16  9.4712748792867e-12
 0.00544031490891334 8.20204591015859e-12 1.27669353246953e-10  5.0532402752807e-11 7.16358610883441e-16 9.59406102092942e-12
 0.00619741392780637 6.72287921906796e-12 5.40998692121725e-11 5.04974466719767e-11 1.69116097842544e-15 1.06320462962107e-11
 0.00705987429691639  2.9850217878659e-12 4.94115203880774e-11 4.62666959672541e-11 8.50427784644838e-16 1.57392929877704e-11
 0.00804235858196141 2.22237591015134e-12 6.68505551443598e-11 5.81761764513966e-11 5.54446268292722e-16 1.41616040813037e-11
 0.00916156985813459 1.24315236909188e-12 5.61444624410815e-11 5.54409881270796e-11 7.69968385865149e-16 1.27620278333706e-11
  0.0104365356767032 1.04382278527953e-12 3.65124101445471e-11 3.78386390663211e-11 2.17793465774126e-15 1.29037673072272e-11
  0.0118889315496936 7.88758723448475e-13 8.17302718909695e-11 2.25794324973003e-11 7.44276723348829e-16 1.73573802794152e-11
  0.0135434494521798 1.20527513431422e-12 6.02686553243716e-11 2.05334970834765e-11 1.60272420101333e-15 4.37667831195142e-12
  0.0154282176070292 4.57930776658325e-13 3.52790043973654e-11 2.22499563946317e-11 8.60442004317705e-16 6.18941360961134e-12
  0.0175752786888082 4.36367327341553e-13 4.66823149442704e-11 1.83102874329112e-11 9.57551272497881e-16  1.5269271150605e-11
  0.0200211345767215 4.50328959748235e-13 2.57904475317205e-11 1.82184378667164e-11 6.09272653061078e-16 4.11348836192281e-12
  0.0228073669178543 2.22364025567324e-13 1.65358080161402e-11  1.8939023048147e-11  1.4541561103568e-15 1.33772258326613e-11
  0.0259813440508232 2.14186431420209e-13 2.42843007479786e-11  1.8809983402066e-11 4.49893419325367e-16  5.5913601211744e-12
  0.0295970263081448 6.46078963122774e-14  1.6595945166906e-11 1.21981213437396e-11 2.94214263792114e-15 1.29831580482313e-11
  0.0337158833881522 1.41612253356681e-13  1.3065079210204e-11 7.94724367873672e-12 3.66771856839238e-15 1.09735614741343e-11
  0.0384079393925684 7.72315840243915e-14 1.14229979645124e-11 1.25780362870365e-11 2.36082216268568e-15 2.02047477003456e-11
  0.0437529632962718 8.99572182659057e-14  1.2617617561304e-11 6.03649411032766e-12 5.65815050811416e-15 8.00533975191558e-12
  0.0498418250882607 4.58431682669325e-14  6.8527575247831e-12   8.313512833813e-12 1.51154666103434e-15 9.95350838357402e-12
  0.0567780406393743 4.39445178743594e-14 1.03420048562192e-11 9.48218789386128e-12 2.57627897039471e-15 1.82956656417721e-11
  0.0646795315608484 4.36701956222968e-14 1.64226825743075e-11 6.47868998050201e-12 2.99414642734894e-15 9.76240355830127e-12
  0.0736806299728077 1.41036081675323e-14 6.90060501997674e-12 6.41241293594144e-12   1.936065372789e-15 8.05919341830846e-12
  0.0839343622654803 6.76884225119563e-15 4.35994044261678e-12 3.36594684954594e-12  8.7713348130649e-15 2.12327408207464e-11
  0.0956150506790302 9.91769436525972e-15  7.2353571421103e-12   4.496598581946e-12 1.89751474262639e-14 2.40643584281604e-11
   0.108921276931098 5.51074613516072e-15 9.17478241652592e-12 4.32487636683602e-12 5.88008949007445e-15 9.00091069292779e-12
   0.124079258276259 6.67223253414983e-15 6.73905934388128e-12 5.09801154647839e-12  2.2995535545829e-14 1.76864984612503e-11
     0.1413466933933 4.18858201402086e-15   4.297992972091e-12 6.70932786277541e-12 7.04982823264846e-15 2.57398970430294e-11
     0.1610171434837 5.44401090104336e-15 8.16441909842346e-12 1.32679212668065e-11  9.9327027217646e-14 1.71031902062265e-11
   0.183425023063748 5.50591625540659e-15 4.59447317820279e-12 2.54048593993024e-11 1.71986050759884e-14 6.81382846699756e-11
    0.20895128529803 4.17693585594629e-15 2.68368015949708e-12 7.16748702203479e-12 2.26503884329992e-14 3.80112312760108e-11
   0.238029898529846 3.56453150964049e-15 7.74095560055195e-12 5.85611248624413e-12 4.35415458754516e-15 4.25069493459555e-11
   0.271155224115116 1.73836170992559e-15 2.63060032411585e-12 1.50634352030049e-12 2.49030843449037e-14 1.27339448101808e-11
   0.308890420989276 2.16592014461038e-15 1.04134166631848e-12 9.83921701076765e-13 1.53032325342781e-14 7.56184659283255e-12
   0.351877019852015 1.77893227224324e-15 4.10524684085278e-13 4.29824458606915e-13 1.05827532174694e-14 1.20361203821159e-11
   0.400845829739193 8.41423076483268e-16 4.63966000255445e-13 2.33211840528755e-13 3.77587099913644e-15 4.50629190157891e-12
   0.456629362403026 1.08091369277087e-15 6.56088805447201e-13 1.71057107201071e-13  7.2021881801254e-15 9.00755802207876e-12
   0.520175985725633 5.12819836643105e-16 2.23672597611601e-13 1.36995233187675e-13 4.50153954310253e-15 1.06850616779224e-11
   0.592566046786134 8.93976796052075e-16 3.31203394146585e-13 1.02309147739262e-13 3.78229275018001e-15 8.43307236579626e-12
   0.675030238687243 7.55369849335562e-16 1.17809549070991e-13 1.02987956022021e-13   4.504839827951e-15  7.4478258654554e-12
   0.768970523393174 7.11588730164878e-16 2.01862729264819e-13 7.23059096867178e-14 2.04919345143258e-15 9.50770237701862e-12
   0.875983966285015 7.29761677581519e-16 9.23447485393647e-14 4.20646593190662e-14  2.9224309502802e-15 4.49496841812078e-12
   0.997889887641482  3.9897437652194e-16 1.36510923790838e-13 3.93573279366165e-14  3.0887182645135e-15 2.58059813168774e-12
    1.13676079264348 5.82843503197415e-16 7.59291289270315e-14 1.81558043312668e-14 2.75401845003638e-15 5.25819605438212e-12
    1.29495760573905 5.19889194266112e-16 6.31951426004526e-14 7.81155534190203e-15 6.87122093310754e-15 2.31547341646706e-12
     1.4751698083832 7.63604874093064e-16 6.55505056754323e-14 1.05256901587075e-14  4.5409781579564e-15 1.30870547495468e-12
    1.68046116252848 5.32090675236506e-16 4.90001807470687e-14 2.44777009664154e-14 1.83278798177641e-15 9.62482089421517e-12
    1.91432179720491 7.68718447329082e-16 4.15496323715129e-14 3.62303368799304e-14 1.80580713554378e-15 4.86037891013975e-12
    2.18072754370587 3.78625351278701e-16 4.44754532502485e-14 2.87529280389374e-14 4.82163634679083e-15 2.27656035846253e-12
    2.48420752812878 4.13443038386616e-16 2.26516485235497e-14 1.05040115092626e-14 7.44210537339682e-15 5.00084459576051e-13
    2.82992117040185 5.41616023565002e-16 2.76464402624623e-14 9.16515570071252e-15  3.3071246792046e-15 2.63067801407397e-12
    3.22374589884644 6.53307257600514e-16 1.82412756689574e-14 2.72992399374108e-14 5.90809285447128e-15 4.13218765865648e-12
    3.67237707149754 4.39256060699261e-16 2.28892741592689e-14 1.37355752205209e-14 1.20582573539528e-14  1.9384345255609e-12
    4.18344180293078 6.05501556242657e-16 1.80406555511657e-14 1.51378811411713e-14 5.58071100298111e-15 1.46759208351777e-12
    4.76562863174941 8.22461770914539e-16 2.75820298422649e-14 2.02362277916776e-14 9.60785990605314e-15 2.02138723962852e-12
    5.42883523318981 1.00365476323623e-15 2.04794000103146e-14 1.58095770523564e-14 8.75710346910679e-15 3.72797251088938e-12
    6.18433668808645 6.02990837873749e-16 1.65463356863038e-14 3.89608351825738e-15 1.32384323204619e-14 3.27290198192046e-12
    7.04497716891288 7.30864525954587e-16 1.98408423695493e-14 1.86242597844658e-14 1.08400758705195e-14 2.38333688892043e-12
    8.02538830172598 2.25529228630392e-15 1.37114886541497e-14 2.32304035134132e-14 1.39600408737777e-14 9.10931428300583e-13
    9.14223791635352 8.50390024567593e-16 1.73013038594482e-14 3.18276766385463e-14 3.22893633212745e-14 2.63496717272386e-12
    10.4145134137917 8.67654109321696e-16 2.84788357123727e-14  2.0874325768423e-14 1.93516821107596e-14 8.49368707628242e-13
     11.863844568301 8.07955268228799e-16 1.94884916070563e-14   1.481009337478e-14 3.87162721811202e-14 1.16100469095857e-12
    13.5148712521137 9.23354729277476e-16 2.53391962164057e-14 1.55755391552581e-14  2.7078063359535e-14 9.19041815499658e-13
    15.3956623343867 1.05109252734217e-15 3.31690366019151e-14 9.85109787619972e-15  7.9125744919662e-15 7.00350592953163e-12
    17.5381928760426 7.63873301402779e-16 3.06352689399147e-14 4.68461313053284e-14 1.75497848948219e-14 1.29239906027685e-11
    19.9788877332196 1.89629086232091e-15 4.16563763505384e-14 1.51187440607099e-14 2.10727206054816e-14 1.16294749834268e-12
    22.7592408110556 1.38148252311906e-15 3.31011526110515e-14 2.70975301359137e-14 5.44110640969505e-14 4.11554372285297e-12
    25.9265204956506 7.17915262479542e-16 2.06358364284925e-14 3.86950112881356e-15 8.20289384694913e-14 9.71259696477816e-12
    29.5345732571566 1.71431169451282e-15 3.23677735502502e-14 2.10134228171605e-14 4.59920414901005e-14 1.36888285837813e-11
    33.6447390859365 1.08276618277159e-15 3.42695126570066e-14 4.59153310976469e-14 9.39550485885623e-14 3.04949314961616e-12
    38.3268943249909 1.54004092427413e-15 6.07279287547265e-14 7.09610657483341e-14 9.31157889158068e-14 5.29706843596337e-12
    43.6606396276986 2.45356646438104e-15 5.25465997654859e-14 6.66103144665069e-14 1.76327414603563e-13 3.75639553112034e-12
    49.7366532371709 2.50412518657218e-15 3.78164460349432e-14 4.63503478704435e-14 2.18116897284653e-13 4.48809473056445e-12
    56.6582325941288 1.36104459636375e-15 3.25116620792209e-14 5.34019080761269e-14 2.12366761640985e-13 5.68414834806519e-12
    64.5430504819586 2.42964378267974e-15 6.00870324631059e-14 2.78941406794102e-14 2.85271722884122e-13 5.36611105897578e-12
    73.5251555649188 2.97722389962384e-15 8.67236227300604e-14 3.63219510283703e-14 3.48204092371604e-13 2.98609235414637e-12
    83.7572513303596 1.52520777410138e-15 6.02150006808166e-14 2.96807237565884e-14 7.13511296370077e-13 1.66764715061764e-12
    95.4132921789321 3.23891692049135e-15 5.66574342157452e-14 3.21108581935695e-14 1.25049495709871e-12 4.20340517895799e-12
     108.69144079854 2.70542583648735e-15 1.83114919796473e-13 2.11362030360692e-14 3.12101416909631e-13 1.07131336619595e-11
    123.817437099935 2.88438195885106e-15 1.01108776043768e-13 1.09501463483759e-14 2.53335426593036e-12 9.67875195479097e-12
    141.048435988735  4.3483874962632e-15 1.64384745992365e-13 9.16171689589013e-15 5.38497028106474e-09 2.18800643856987e-09
    160.677379219302   1.426255432553e-15 1.22391080367122e-13  5.2275654682325e-15    0.391647969248691     1.05801105241637
     183.03797565572 2.23206149676735e-15 3.06502791367261e-14 1.46323149884211e-14     0.85566125542196    0.841916436116943
    208.510374608594 1.35704955398701e-15 1.89826148143186e-14 6.39204680522967e-15     1.30790281116336    0.401176895103676
    237.527628699261 3.22535537622591e-15 9.27953183927184e-15 2.05615770481654e-15    0.843193749001559    0.673604576477957
    270.583056125634 3.01727219417353e-15  4.5809802614009e-15 2.57272220965097e-15     1.16889967091889    0.467394774821075
    308.238627494519 2.57166914627689e-15  3.8381957172614e-15 1.31564900613929e-15     1.14049557475924    0.972706847916046
    351.134519803746 8.16946943004894e-16 1.40926262654999e-15 1.30082020968905e-15     1.21288992210859     0.33169557519182
                 400 1.89700617092846e-15 1.64261155600627e-15 1.31148599937881e-15    0.912848417274776     0.98829413459065
