                   x                    y                0.001 2.80920045530962e-11 6.05495392162767e-10 4.24161377842361e-10  1.1955684230438e-15 1.15978082540052e-07
 0.00113916455785539 2.44268627868532e-11 4.07797207987137e-10  2.6168158270164e-10 3.88253218574067e-16 1.41798876661073e-07
 0.00129769588987387 7.86951350379468e-12  2.8925682434447e-10 1.52358418366365e-10 7.29013303061597e-16 6.67737024215629e-08
 0.00147828916461893 1.68248897340226e-11 2.32133170373669e-10  1.5899082298057e-10  8.8669747750183e-16 4.80331679638314e-08
 0.00168401462259554 1.70586912647459e-11 2.76285572324743e-10  1.1158699015629e-10  4.5267766191642e-16 5.01899150450296e-08
 0.00191836977297106 2.61537672376629e-12 1.38846440866005e-10 7.07379631126313e-11 6.50323776303081e-16 4.42171765798811e-08
 0.00218533885422973 5.97421320566694e-12 8.04952793661174e-11 7.11992195980759e-11 1.05213875865588e-15 1.05647962338838e-07
 0.00248946056964282  5.4324352981493e-12  5.3701487453244e-11 5.80106373883503e-11 4.73846102532244e-16 2.61553000727862e-08
  0.0028359052491156 8.36794086831707e-12 5.68939255390321e-11 5.30860982563285e-11 8.96533984771993e-16  5.4396666986165e-08
 0.00323056274922856 2.83228216085091e-12 4.44953360306819e-11 3.26764942972246e-11 1.66507385035256e-15 2.55151445157612e-08
 0.00368014258584905 1.08711341088259e-12 4.07956348409891e-11 2.28134195664802e-11 1.01834332830733e-15 3.01038012894163e-08
 0.00419228800165354 4.22290768031581e-12 2.41039957383994e-11 1.64903133926405e-11 5.19779933231408e-16 3.35544750693279e-08
 0.00477570590780612 1.23206776734294e-12 2.73011674758901e-11 1.11561290835798e-11 5.32598829743015e-16 2.91348070382552e-08
 0.00544031490891334 1.28793667946989e-12 1.52210243954604e-11 1.51184640589837e-11   5.290551056883e-16 3.66394886011094e-08
 0.00619741392780637 8.98231661725615e-13 1.54559232660016e-11  1.1607618034036e-11 4.75406816448127e-16 1.58853470197508e-08
 0.00705987429691639 7.09138789632726e-13 1.64785818443972e-11 7.55199787243989e-12 1.36602856579933e-15 1.98991822578913e-08
 0.00804235858196141 5.14949479567414e-13  1.3337553916219e-11 7.11469456788958e-12  8.6618792091785e-16 1.34685632934371e-08
 0.00916156985813459 3.22511608478092e-13   8.263125150008e-12  6.0356584927076e-12 5.71633493964725e-16 1.47266541161566e-08
  0.0104365356767032 2.88601874813657e-13 1.21617904047794e-11 6.03854369709894e-12 4.89228000606403e-16 1.48405357415111e-08
  0.0118889315496936 3.57895566735875e-13 4.49176706226272e-12 4.37052744512569e-12  1.4255208033101e-15 1.05677164061073e-08
  0.0135434494521798 2.63865849852087e-13 9.28345319323355e-12 4.83055196461678e-12 1.10316188952074e-15 6.69360995800167e-09
  0.0154282176070292 2.43069189530204e-13  7.0861513083659e-12 2.69256944656343e-12 2.12579289938962e-15   7.554240760583e-09
  0.0175752786888082 1.41328427430676e-13 2.94518406674662e-12 3.25393166320385e-12 1.47876250779609e-15 1.98266791031207e-09
  0.0200211345767215 1.34367402428321e-13 2.71987029400223e-12 1.90864752290675e-12 2.57253077860316e-15 6.46397687233113e-09
  0.0228073669178543  8.7486708826333e-14 1.77167151855602e-12 2.07302304931378e-12 3.03428104713297e-15 6.56886768556407e-09
  0.0259813440508231 1.03520338383392e-13 4.96365390564315e-12 1.95837959979815e-12 1.42486612235074e-15 1.74227276641977e-09
  0.0295970263081448 3.90309939631343e-14 4.63023989279529e-12  1.8644959549943e-12 3.88259026393637e-15  3.0156350409889e-09
  0.0337158833881522 2.37417937135767e-14 3.68812122012109e-12 1.72397425524004e-12 2.32917918040595e-15 1.61650592650268e-09
  0.0384079393925684 3.37792857747431e-14 1.86865597923824e-12 8.76184424047993e-13 1.49947515484634e-15 1.41745156018654e-09
  0.0437529632962718 1.27622883299935e-14 2.91710799345737e-12 1.93756773317731e-12 2.83030420144284e-15 1.68288293773853e-09
  0.0498418250882607 9.40424404034035e-15 2.08467057669905e-12 1.47069540475706e-12 2.64152334484246e-15 1.34636155220254e-09
  0.0567780406393743 2.75871377851812e-14 1.14736748056327e-12 1.47134235494209e-12 5.49339384796934e-15 1.79629801522032e-10
  0.0646795315608484 1.16903763379322e-14  6.5029062201345e-13 9.93621184629572e-13 7.43352659941399e-15 3.73724730374927e-10
  0.0736806299728077 6.46098933338006e-15 1.81760889431649e-12 1.02307922759576e-12 1.01919019387558e-14 4.85313285600543e-11
  0.0839343622654803 4.66507708409495e-15 1.06363984264661e-12 1.00679680589955e-12 2.67446286866156e-15 1.52816728525998e-09
  0.0956150506790302 4.00857682251994e-15 9.54147689554409e-13 8.60933130484194e-13 1.17278930476609e-14 7.24137103367856e-10
   0.108921276931098 1.74663558598246e-15 1.06499841475396e-12 9.20000977253022e-13 5.46255063313376e-15 1.68821392887225e-09
   0.124079258276259 2.32867281868457e-15 1.53672322451265e-12 1.23130197386507e-12 1.28358969672436e-14 3.78591586811942e-10
     0.1413466933933 2.28084358732378e-15 2.04726958505644e-12 1.49841488558896e-12 1.77497285169519e-14 2.40662296660401e-09
     0.1610171434837  2.8528707584103e-15 1.44634327438066e-12 1.17651886200823e-12  7.0581326944389e-15 3.33131648727421e-09
   0.183425023063748 8.50714450587649e-16 3.73534093216209e-13 7.91422118645556e-13 1.10809484304069e-14 4.01906326494717e-09
    0.20895128529803 4.55069623285738e-15 1.16621509300679e-12 2.43317121220641e-12 4.58838174249561e-14 2.93676080315925e-09
   0.238029898529846 2.38593880493855e-15 2.71046795890448e-12 1.45378468171818e-12 4.84068847569932e-14 2.13101699069811e-09
   0.271155224115116 1.65402524264751e-15 1.44275835248661e-12  6.3707650078431e-13 2.84390260849133e-14 2.02253861344381e-09
   0.308890420989276 1.00910663789519e-15 4.13535557420515e-13 2.27554851696561e-13 1.58413674358678e-14 1.00804353099963e-09
   0.351877019852015 9.07031932034485e-16 2.23357349383158e-13  1.3222559022965e-13 1.08995434118554e-14 3.64150862886638e-10
   0.400845829739193 5.27244891480257e-16 8.52693901819871e-14 6.96006269942962e-14 1.08755970070502e-14 1.26101073978376e-10
   0.456629362403026 5.41454802958354e-16  1.4805933811582e-13 6.48486318840521e-14 5.86172162756129e-15 4.30510321654098e-10
   0.520175985725633  7.7759161854883e-16 1.51981839423143e-13 4.95460363579097e-14 1.11878072415497e-13 7.53270681374602e-12
   0.592566046786134 3.39848809526737e-16  1.1238776391029e-13 2.44365393648497e-14 7.34382961941507e-15 1.90981073720937e-10
   0.675030238687243 4.97073597454639e-16 3.98256638220206e-14 2.37417754724648e-14 5.48953752212129e-15 8.14893720077477e-10
   0.768970523393174 3.31878531886316e-16 5.05525060354587e-14 2.13280971859637e-14 3.80691519857781e-15 2.30389458350895e-10
   0.875983966285014  5.0996674874614e-16 3.25391580857446e-14 2.34607689639974e-14  3.1145106651974e-14 4.30003116583625e-11
   0.997889887641482 3.67712897513942e-16 4.98370095733969e-14 2.37783798049402e-14 5.85062412290775e-15 2.63483893807959e-10
    1.13676079264348 5.95929333472547e-16 3.68743133013305e-14 1.90914542994558e-14 1.77366998851563e-14 7.91558197052409e-11
    1.29495760573905  8.0202421647352e-16 4.40678509696929e-14 1.28242007103624e-14 5.53264853812719e-14 6.07629262518126e-11
     1.4751698083832 6.04106297990841e-16 1.45365157660927e-14 1.33184718091387e-14 1.48886188633094e-14 1.41033838458922e-10
    1.68046116252848 9.17639038849163e-16 2.19488889542355e-14 1.77060991328822e-14 1.05724256387174e-14 1.35344752854151e-10
    1.91432179720491 8.62012244968243e-16 2.31702079283182e-14  1.4020110434113e-14  4.2495845417237e-14 6.68962430945498e-11
    2.18072754370587 5.47017680185194e-16 3.41079678224779e-14 1.68033676162142e-14 2.36761551753235e-14 1.10843409181239e-10
    2.48420752812878  9.2229976595448e-16 1.69443715680607e-14 1.06234097202427e-14 2.90788842418088e-14 1.00326505115036e-10
    2.82992117040185 1.33166584712947e-15 2.45596752258389e-14 2.98089173579632e-14 4.17916606772162e-14 9.57824721865389e-11
    3.22374589884644  1.9626108906332e-15 2.72130389167668e-14 1.02456869851618e-14 1.51286326613006e-13 7.73599140168903e-11
    3.67237707149754 8.81772648085909e-16 1.99982935056407e-14  1.7178753071011e-14 3.29871654331231e-13 5.05836563915267e-12
    4.18344180293078 1.05717966630037e-15 3.19868132303386e-14 2.98353083020144e-14 7.77316689975899e-14 1.20602099196611e-09
    4.76562863174941 1.18226970193987e-15 1.82972574663841e-14 1.86161369745071e-14  2.0475800452156e-13 1.36457523929782e-11
    5.42883523318981 1.10907238765917e-15 4.61421823453274e-14 1.36677312974367e-14  4.0674685127485e-12 1.03377045270916e-11
    6.18433668808645 1.51218300195284e-15 3.48066951758183e-14 4.01367606354674e-14    1.78461581642e-12 1.05306812202782e-10
    7.04497716891288 1.09538080901786e-15 4.28938212006101e-14 3.60102939828054e-14 8.45233658640621e-14 1.93166281167053e-10
    8.02538830172598 7.00083599680594e-16 4.81067223502288e-14 4.27394259041528e-14 4.96166511652147e-13  6.8386325035363e-11
    9.14223791635351 9.34021082376225e-16 3.33182516520132e-14 3.94091424414939e-14 9.36022848173806e-14  1.5315131617703e-09
    10.4145134137917 7.35253624005487e-16 5.71813455210802e-14 2.47851053401406e-14 1.76950800081398e-13 1.68327422465563e-09
     11.863844568301 2.47270346306233e-15 8.10822841531021e-14 1.12898524666615e-14 1.01873088685142e-12 1.56831831946886e-10
    13.5148712521137 1.15829808086802e-15 7.18076757021459e-14 3.18390171200556e-14 7.18387623064385e-13 1.42971105730442e-10
    15.3956623343867 1.92120044147134e-15  4.5386676088565e-14 2.98866122172161e-14 2.01870463926106e-13 2.74367146075028e-09
    17.5381928760426 1.54856170984863e-15 8.49310847131629e-14 2.47138962066998e-14 6.97950053406354e-11 1.53154139722659e-12
    19.9788877332196 9.94819857750371e-16 7.99318077101261e-14 2.23586229538662e-14  1.3138286479666e-12 3.07835851958285e-10
    22.7592408110556 1.31433317252011e-15 1.31720265715757e-13 2.44649226125513e-14 7.67124320972098e-13 2.03460997166746e-09
    25.9265204956506 7.98511711974188e-16 3.06050125826719e-14 6.60884001076769e-14 5.61882944633784e-14 1.05896153988195e-09
    29.5345732571566 5.95481988547204e-16 3.18898783736891e-14 6.96577500270874e-14 2.60501429366649e-13 2.64001182649917e-08
    33.6447390859365 1.22450163994199e-15 1.31621301402505e-13 2.30860872087686e-14 1.21915476808308e-12 5.62204374613396e-10
    38.3268943249909 2.76878827430953e-15 6.21381045473422e-14 6.22444150088604e-15 1.11845745898824e-12 3.24275419124692e-10
    43.6606396276986 3.61987753087711e-15 8.36367668957588e-14 9.63004347848804e-15 9.65020321962526e-13 6.63951741208223e-10
    49.7366532371709 2.22539918831478e-15 3.60649171684308e-14 4.13621882694692e-15 2.68493892418042e-12 1.08149685885552e-10
    56.6582325941287 1.94878050090994e-15 4.04737293900403e-14 3.67222817182504e-15 3.58441183056564e-11 2.83781109731673e-11
    64.5430504819586 2.67174221206005e-15 6.91015885942635e-14  4.1703431509413e-15   8.132307204665e-11 7.41524286738116e-11
    73.5251555649188 2.31711839825457e-15 9.12768514924313e-14 5.63488828819636e-15 4.18749904625912e-06 6.59301437979412e-07
    83.7572513303596 9.97461014745243e-16 4.61741844974881e-14 4.60559461030131e-15    0.919105780769598    0.559973071257433
    95.4132921789321 2.39444339195399e-15 2.12710942138493e-14 4.14451865271463e-15    0.840638675191633    0.819664015891855
     108.69144079854 1.28347962539644e-15 3.76882499229581e-14 3.46096322934154e-15    0.910747332955428    0.370006366127091
    123.817437099935 9.60902264410033e-16 2.42264748920897e-14 2.66009620742288e-15       1.002926101926    0.320726912888355
    141.048435988735 6.51093859070051e-15  3.2803177196523e-15 2.03731631533149e-15     1.30615333908707    0.924762025452458
    160.677379219302 2.67924551203312e-15 3.25693262653467e-15 1.34310175412913e-15     1.03128168698864    0.486709017645959
     183.03797565572 1.32841291143241e-15 4.95003733517905e-15 1.42718531390715e-15    0.997852581830707    0.615665722691654
    208.510374608594 3.61614532016905e-15 7.63754303655622e-15 8.40764538518374e-16     1.03334271724927    0.665209281830844
    237.527628699261 1.68444672019081e-15 2.46414424668662e-16 2.10176183138868e-15       1.461796907591    0.717332847075291
    270.583056125634 1.84606269082815e-15 3.13791528863614e-15 1.02970256302613e-15    0.831226080075461    0.488031542777873
    308.238627494519 1.60728274869235e-15  1.6059413255206e-15 7.48555272754332e-16    0.716639730249376    0.319955518988169
    351.134519803746 1.02599293244982e-15 2.07691534404696e-15  3.3774602863209e-15     1.12165543871493    0.376589005163714
                 400 1.71152590109334e-15 5.28530684584027e-15  3.3912860934818e-15     1.04256183143929    0.541791069926252
