                   x                    y                0.001 3.14062849979031e-10  1.9913780174154e-07 1.36623978284567e-07 1.59110816230889e-15 2.53482995077403e-06
 0.00113916455785539 7.39947189307467e-10 1.24243931813699e-07 9.81808503731098e-08  3.7045657582093e-15 1.21075203755558e-05
 0.00129769588987387 2.98666575278385e-10 1.23496642348329e-07 1.25468079286143e-07 1.01271155917739e-15 7.25434774282964e-06
 0.00147828916461893 5.30388725832223e-10 7.98523081031135e-08    5.33996291371e-08 1.16784248695481e-15 4.24581890724143e-06
 0.00168401462259554 3.30433601093701e-10 6.85882953544277e-08 5.29135980280829e-08 1.00701789653799e-15 9.32679949546453e-06
 0.00191836977297106 1.19373781983396e-10 4.74319691428849e-08 3.79006065661306e-08 1.84986765806841e-15 2.55025527948594e-06
 0.00218533885422973 1.89606775711804e-10  3.9216594901752e-08 4.38214552165273e-08 2.60731860765552e-15 2.77634952289897e-06
 0.00248946056964282 1.24227164206561e-10 2.99126463034958e-08 1.94168644660272e-08 7.86374636224741e-16 1.86501728582626e-06
  0.0028359052491156 1.47377074117354e-10 2.99809340575468e-08 1.22836277169838e-08 1.94467655346347e-15 2.26000801352625e-06
 0.00323056274922856 7.34148466145796e-11 1.92368268144858e-08 2.03913209964685e-08 1.25636325531059e-15 1.80129620024742e-06
 0.00368014258584905 4.21640697280077e-11 1.51093203225912e-08  1.3569749703216e-08 1.37606375640416e-15 2.16820114819962e-06
 0.00419228800165354 1.76211703140891e-11  2.4402223170896e-08 1.24290544087446e-08 2.49484634282561e-15 5.47420660110143e-06
 0.00477570590780612  2.1963685385482e-11   1.394512759265e-08 5.57327498267521e-09  5.9331863695153e-16 7.54971771805281e-07
 0.00544031490891334 2.92963767323971e-11 1.37646003696221e-08 5.42880985964917e-09 3.00294225922056e-15 8.62833983273944e-07
 0.00619741392780637 3.97214154222244e-11 4.28694240032184e-09 4.27388234713399e-09 1.28035114429244e-15  1.6065565883925e-06
 0.00705987429691639 1.36712826499627e-11 3.21644045564169e-09 2.01167453899718e-09 1.20684002002569e-15 1.40597015334258e-06
 0.00804235858196141 1.47843697726941e-11 4.17960937802311e-09 3.11962282912751e-09 1.74887083355689e-15  1.8972907062353e-06
 0.00916156985813459 5.58902914221477e-12 1.86623301726108e-09 2.21760412118188e-09 2.38668943686496e-15 7.10314301019554e-07
  0.0104365356767032 7.26839510620656e-12 2.43461405459659e-09 8.98526556458584e-10 2.51698701932142e-15 5.59662953366353e-07
  0.0118889315496936 3.87690021317772e-12 1.26053484246721e-09  8.1875583649613e-10 1.87161731126341e-15 1.05411026876154e-06
  0.0135434494521798 4.88573082702599e-12 8.96110080215192e-10 8.09810107420762e-10 1.43419245001317e-15 4.08459135253543e-07
  0.0154282176070292 1.83096660154251e-12 1.01543303489838e-09 7.47099226353962e-10 1.19359728789421e-15 1.54283799180015e-07
  0.0175752786888082 1.54327336139023e-12 1.50213648912742e-09 4.42377528135165e-10 4.59263589270857e-15 6.98962581330564e-07
  0.0200211345767215 9.02106321554443e-13 7.34933159359454e-10 3.80395993644307e-10 9.62313301496486e-16 1.69175949867074e-07
  0.0228073669178543 1.22196164497651e-12 5.26628251015096e-10 2.99574293234948e-10 5.72881279358137e-15 1.47732773330625e-07
  0.0259813440508232 6.37869874343202e-13 5.24027176351381e-10 2.44767668970766e-10 2.78796979839113e-15 1.39412608042521e-07
  0.0295970263081448 1.21937585293571e-12 2.93440237386223e-10 1.19813215826059e-10 8.08462480851218e-15 1.24001710330822e-07
  0.0337158833881522 3.65250196213514e-13 2.33234972616564e-10 1.40148134786604e-10 1.52696053078326e-15  2.0915618220606e-07
  0.0384079393925684 4.89755213980955e-13 2.66631072026483e-10 9.56053259854971e-11 4.18150483859252e-15 1.17504686562774e-07
  0.0437529632962718 3.59466927839294e-13 1.33018293712531e-10 7.35279857969916e-11 3.02720647843371e-15 2.79601471594676e-07
  0.0498418250882607 4.75979572198539e-13 6.56753056523134e-11  6.3583630196341e-11 5.25254527562973e-15 2.23029082549895e-07
  0.0567780406393743  6.3111362580428e-13 9.64839349488346e-11 4.50351820973383e-11 7.73661496895586e-15 4.61846234210736e-08
  0.0646795315608484 3.50601277271787e-13 8.88765650545629e-11   4.030567997065e-11 4.86381563616858e-15 1.10083011265684e-07
  0.0736806299728077 4.90714044387417e-13 4.25231785444131e-11 2.98558646596512e-11 1.30159714696868e-14 5.60882798384256e-08
  0.0839343622654803 1.96671282548472e-13 4.05641635354206e-11 2.18690818676975e-11 7.71766468369222e-15 2.13391737578426e-08
  0.0956150506790302 6.95593334370041e-14 4.14327066474876e-11 2.53841517448109e-11 8.42029004193516e-15 2.99460218371109e-08
   0.108921276931098 9.41293352720571e-14 3.19275764022197e-11 4.21352649086118e-11 1.66138001391554e-14 1.26121530208659e-08
   0.124079258276259 1.69083364637803e-13 4.43130567782603e-11 2.50350467465846e-11 3.26531025507325e-14 3.25212932803119e-08
     0.1413466933933 8.24403647176943e-14 1.71281304310877e-11 1.96802520684678e-11 5.85488342542574e-14 1.81816337198062e-08
     0.1610171434837 6.96492657956885e-14 4.59413480088529e-11 2.78537547913353e-11 4.05941067595614e-14 1.29098196931898e-08
   0.183425023063748 2.68726286407249e-14 5.10581935954149e-11 2.36764209960898e-11 3.15360253386926e-14 1.87176472325778e-08
    0.20895128529803 2.34494394556912e-14 3.67501346536987e-11 1.59595978656739e-11 4.24524276913727e-14  1.0398538113093e-08
   0.238029898529846 2.23440663509854e-14 7.74297195872024e-11 5.84102037446634e-11 8.89589839948136e-14 4.03790618169918e-08
   0.271155224115116 1.29966993979055e-14 2.22498098197525e-11 7.15193428157308e-11 1.00094266465659e-13 1.54033692476114e-07
   0.308890420989276 1.39673010990872e-14 1.33358035730943e-11 1.30621897019047e-11 4.09140039671026e-14 1.32598836141561e-08
   0.351877019852015 1.37090920828751e-14 5.03162626585832e-11 1.87918866037524e-11 1.04728235512699e-13 1.53413124017197e-08
   0.400845829739193 9.19292615710814e-15 2.19831720177064e-11 4.88646984040715e-12 1.24535186978106e-13 6.64410892679506e-09
   0.456629362403026 7.33200248979419e-15 2.91012738181051e-12 2.48518781390841e-12 1.88874596485282e-14 8.28622956444381e-09
   0.520175985725633  8.1343078606209e-15 2.77174991721048e-12 2.56956811027099e-12  2.0588681862796e-14 7.69542151170311e-09
   0.592566046786134 6.70007442303789e-15 1.91918020284501e-12 9.94294777361108e-13 1.90246569637767e-14 3.18937633834954e-09
   0.675030238687244 2.33129847717533e-15   1.485650328052e-12 9.24048590951181e-13 1.75502595027257e-14 3.29425464980546e-09
   0.768970523393174 3.53658471424864e-15  1.0657398143765e-12 5.34648895958744e-13 8.62209002616394e-15 1.95038004192036e-09
   0.875983966285015 3.05916949641588e-15 1.01277588682677e-12 7.82410072123616e-13 1.16311600570852e-14  1.6604960530276e-09
   0.997889887641482 2.81046711435339e-15 9.30112082111913e-13 6.93961362560524e-13 7.56791382227176e-15 9.17615031558964e-10
    1.13676079264348 1.70699733838726e-15 7.27128549999924e-13 5.63663421027245e-13 4.95519251962791e-15 1.11803002143249e-09
    1.29495760573905 3.25238445495839e-15 8.25783280322356e-13 4.65465412649302e-13 9.34201689384258e-15   4.198258074989e-10
     1.4751698083832 1.65825486540606e-15  1.0263495832292e-12 4.70446257351614e-13 5.20650383241329e-15 7.89307067608313e-11
    1.68046116252848 1.22720254103735e-15 3.91354904074356e-13 2.70102525413758e-13 3.51071651874989e-15 2.08730779403483e-10
    1.91432179720491 1.68629021625115e-15 6.37088016837901e-13 3.52585004064421e-13 7.83887641167548e-15 9.20263378509317e-10
    2.18072754370587 8.04892295644022e-16 3.99628662723883e-13 3.71393125373271e-13 3.77093991643094e-15  2.0045478559743e-09
    2.48420752812878  7.3221866610063e-16 6.39890726871395e-13 2.04764841640554e-13  5.6641627093766e-15 2.10458366300031e-09
    2.82992117040186 6.39562731571157e-16 9.05251143808473e-13 4.34711465505841e-13 1.45101248947873e-14  3.6364735235161e-09
    3.22374589884644 7.23256298431442e-16 7.19805224162018e-13 2.79755080622965e-13 6.06797188816931e-15 8.38736424872305e-09
    3.67237707149754 9.27369041656096e-16 5.23313310046657e-13 3.52452763439949e-13 1.35977715320874e-14 1.49474528590698e-09
    4.18344180293078 2.38506284248991e-15 7.41690348976034e-13 3.46760057176199e-13 1.46721173911871e-14 1.25438469560477e-08
    4.76562863174941 8.44225341093002e-16 2.38301105653759e-13 3.99800728408799e-13 1.21575982649292e-14 1.15486526969335e-08
    5.42883523318981 1.27864197142514e-15 3.16381769374934e-13 1.99883814357349e-13 1.56122586627573e-14 2.84246028834191e-09
    6.18433668808646  1.4642398136729e-15 4.87539153710506e-13 3.96554025292866e-13 5.68745525153735e-14 6.93886631346006e-10
    7.04497716891289 3.77805263827502e-16 2.38296145472766e-13 2.71097427845058e-13 1.28388377303236e-13 8.93888482613298e-11
    8.02538830172598 8.52155296502614e-16 3.37774690351948e-13 7.53754907416678e-13  3.4088284948135e-14 1.24862977647026e-09
    9.14223791635351 9.76311584175786e-16 5.73173009624775e-13  3.2108001210209e-13 4.39556420531133e-14 7.36239671032815e-09
    10.4145134137916 6.72758441340261e-16 2.77524756984494e-13 1.24494336660427e-13 2.35458665154231e-14 3.04694606094799e-09
     11.863844568301 6.47341647893751e-16 8.69074080557481e-14 6.07346661137944e-14 2.53364982932067e-14 3.32314321632127e-10
    13.5148712521137 9.52571130452099e-16 4.25716622627456e-14 6.34661778024048e-14  8.2381138472769e-15 1.86013671383314e-09
    15.3956623343867 1.07838330686051e-15 7.84907817849244e-14 5.12485130741625e-14 1.45799479573679e-14 1.85482661138675e-09
    17.5381928760426   1.296931178545e-15 4.81735643798002e-14 3.70219225606598e-14 1.76332141455852e-14 4.25040020071916e-10
    19.9788877332196 8.15000983716157e-16 2.69494929817373e-14 2.97717479373311e-14  1.9684102712798e-14 1.68390696889907e-09
    22.7592408110556 7.55070797932997e-16 5.08253529879576e-14 3.30683856123672e-14 6.11460630028878e-14 5.78515651565721e-11
    25.9265204956506 8.44803975981848e-16 4.81374027001971e-14 3.02953957874705e-14 4.91690284457373e-14 9.99657803248057e-10
    29.5345732571566 8.06992679291712e-16 3.53960777528973e-14 1.33693882086334e-14  4.5593315165507e-14 1.00506007646097e-09
    33.6447390859365 1.26861196697181e-15 2.70853404713808e-14 2.05479272201835e-14 8.01200850617887e-14 1.87053751990697e-10
    38.3268943249908 1.46213300530589e-15 2.57462198761669e-14  2.1980971161917e-14 3.12638078723824e-14  1.7489523742698e-10
    43.6606396276985 8.92572793963367e-16 2.24052659683787e-14 1.99342333067178e-14 3.51921016182774e-14 1.20718233150886e-10
    49.7366532371709  8.0016715807463e-16 2.12194467203471e-14 3.17364486243138e-14   1.258151198023e-13 1.54496549074235e-10
    56.6582325941287 8.55824474103835e-16  4.8026390315263e-14 4.57874332508728e-14 4.69895120357998e-13 9.71157911387903e-11
    64.5430504819586 6.25995762161529e-16 4.85678661781505e-14 5.94633673119815e-14 2.41633514495883e-13 1.87424981494483e-10
    73.5251555649188 7.31157481986309e-16 3.37322158339294e-14 1.66144540995661e-14 7.71392029965982e-14 1.58108923621055e-09
    83.7572513303596 1.62696415581838e-15 2.68168441156072e-14 4.09778499674627e-14  1.4948603696549e-13 3.42504524923413e-10
     95.413292178932 1.19382468306823e-15 6.15956114406262e-14 4.10590942773214e-14 8.77383193520386e-13 4.46725280216762e-10
     108.69144079854  7.3707054247002e-16 4.40657914724997e-14 4.47922705637126e-14 3.42060696433849e-13 1.03529275491007e-09
    123.817437099935 1.09670664017685e-15 7.10181623472516e-14  3.5036429583932e-14 3.51623993428207e-12 3.87138952815569e-09
    141.048435988735 6.60417879650995e-16 3.08822050422674e-14  4.4525664019135e-14 1.78317515724879e-05 3.68188071727637e-05
    160.677379219302 9.67725369745436e-16 2.93765073928855e-14 2.90064624601714e-14    0.139515025973001    0.984414315320987
    183.037975655719 1.03449667259456e-15 3.61818315557547e-14 7.99132268070585e-14    0.127250065861095     1.36025046369756
    208.510374608594 8.42244649545322e-16 7.98948246975076e-14 3.25507053151942e-14    0.384162493845265    0.356528928154261
    237.527628699261 8.17664057721752e-16 1.46765177007067e-14 4.81567880825956e-14    0.944883384885544    0.534563260291463
    270.583056125634 5.91961268502663e-16 9.57322565175754e-15 2.09439347266577e-14    0.660951485900174    0.326823181704473
    308.238627494519 1.14908550223693e-15 1.42657488324663e-14  5.1087765032763e-15     1.17224231664593    0.910281032413832
    351.134519803746 8.07847037579154e-16 2.02611212574084e-14 2.09468980890685e-14    0.583803875810852    0.382842211083837
                 400 1.38966673620886e-15 5.60712779442867e-15 8.99253825526253e-15    0.862476477135728    0.731475009529931
