                   x                    y                0.001 2.29924399102774e-11 2.98158774542121e-19
 0.00113916455785539 1.28465152435395e-11 1.00094631082083e-18
 0.00129769588987387 2.58646647127495e-11 2.89440366342625e-18
 0.00147828916461893 9.47723218509295e-12 1.24685091198208e-18
 0.00168401462259554 1.71217607332672e-11 8.67379212002826e-19
 0.00191836977297106  1.0350475277363e-11 1.51794738295081e-18
 0.00218533885422973 6.94047287057913e-12 1.89367045998908e-18
 0.00248946056964282  4.6019929593855e-12 3.15172300510391e-18
  0.0028359052491156 4.14713063798645e-12 3.80146133941444e-18
 0.00323056274922856 5.55998989934393e-12  1.8431935180194e-18
 0.00368014258584905 1.81103643814398e-12 1.08423525920515e-18
 0.00419228800165354 1.72377294924032e-12 2.27684031798624e-18
 0.00477570590780612 1.01001153290406e-12 1.40956462739924e-18
 0.00544031490891334 9.85567283375871e-13 8.24520689290778e-18
 0.00619741392780637 5.45380923938769e-13 2.82052152804799e-18
 0.00705987429691639 7.36642448426628e-13 1.07398290492902e-17
 0.00804235858196141 6.32624400847757e-13 8.00756756795711e-18
 0.00916156985813459 3.58750207649625e-13 6.50978540591875e-18
  0.0104365356767032 7.00252460017997e-13 1.60158445258658e-17
  0.0118889315496936 4.60987898612574e-13 6.07540308257977e-18
  0.0135434494521798 1.83570191970033e-13 1.35253518801954e-17
  0.0154282176070292 1.20415968123759e-13  6.9407994663853e-18
  0.0175752786888082 9.21056627364111e-14 1.30256267720129e-17
  0.0200211345767215 9.11019110151927e-14 1.91558151820423e-17
  0.0228073669178543 4.89452968368814e-14 1.22988866595238e-17
  0.0259813440508232 6.20205611656756e-14 2.80413474854588e-17
  0.0295970263081448  3.9153238354946e-14 2.64331856795661e-17
  0.0337158833881522 3.86947145410533e-14 4.64456238509263e-17
  0.0384079393925683 3.75763497899594e-14  1.0444418402013e-17
  0.0437529632962719 1.70549936944062e-14 2.35874708630548e-17
  0.0498418250882607 1.15088295035907e-14 3.14171783662769e-17
  0.0567780406393744 6.76385101973843e-15 4.10235511893504e-17
  0.0646795315608484 9.41091532706578e-15  2.6379777400251e-17
  0.0736806299728077 7.43750907248715e-15 4.95984561374746e-17
  0.0839343622654803 4.99602656373896e-15 3.15534351526551e-17
  0.0956150506790302 3.37919389022593e-15 3.70843396535165e-17
   0.108921276931098 2.47934827558982e-15 2.79715755706988e-17
   0.124079258276259 1.21364904153028e-15 4.65475153733864e-17
     0.1413466933933 2.27285193173377e-15  5.7219584981528e-17
     0.1610171434837 2.02465540577424e-15 7.07631108375459e-17
   0.183425023063748 6.56998634975186e-16 1.51987095958108e-16
    0.20895128529803 1.00717139404251e-15 1.78403224504064e-16
   0.238029898529846 6.80834981507576e-16 1.50151315050795e-16
   0.271155224115116 6.71024431386264e-16 2.15552916724275e-16
   0.308890420989276 8.44285287389323e-16 1.88758321594477e-16
   0.351877019852015 8.57394422160744e-16 2.27295118201398e-16
   0.400845829739193 7.04581000045694e-16 6.54365581506782e-16
   0.456629362403026 4.65439649559383e-16 5.30259259752375e-16
   0.520175985725633   6.093625903904e-16 6.24500451351651e-16
   0.592566046786134 1.08896702323893e-15 1.11181444744708e-15
   0.675030238687244 5.01328041643068e-16 6.71554551551015e-15
   0.768970523393174 5.35155304166575e-16 1.00554827547449e-14
   0.875983966285015 4.19789968604881e-16 1.10413788163328e-15
   0.997889887641482 4.65075346870291e-16 5.07799458110524e-15
    1.13676079264348 6.22068174903124e-16  1.1978744676508e-14
    1.29495760573905 6.90799685735752e-16 1.30995596962121e-14
     1.4751698083832 9.99697184341134e-16  2.1203087509893e-14
    1.68046116252848 6.13487202471877e-16 3.89521745385104e-14
    1.91432179720491 6.30493213735396e-16 4.63665084297137e-14
    2.18072754370587 8.76832256082625e-16 4.68619905328367e-14
    2.48420752812878 6.52303659220562e-16 3.72878925163965e-14
    2.82992117040185 8.87026859004103e-16 2.57950980250979e-14
    3.22374589884644 3.75645083585046e-16 4.77701128087209e-14
    3.67237707149754 5.85579698517726e-16 1.61238634351975e-14
    4.18344180293078 6.86898186056235e-16 1.90093513332648e-14
    4.76562863174941 6.05781093023574e-16 6.43058859992022e-14
    5.42883523318982 7.87475582120027e-16 3.67440906835467e-14
    6.18433668808646 7.90209967103721e-16 6.12932976292706e-14
    7.04497716891289 1.20103515251569e-15 5.65312305789875e-14
    8.02538830172599 1.50623398374675e-15 1.69513346515744e-13
    9.14223791635352 1.38518263985449e-15 1.48710389724756e-13
    10.4145134137917 1.16143918072908e-15  2.6030440019343e-13
     11.863844568301 7.58027210647627e-16 5.66508487018333e-13
    13.5148712521137 1.27452742512309e-15 1.74577018758827e-12
    15.3956623343867 1.70343595342841e-15 5.38599503910838e-13
    17.5381928760426 1.28650643227593e-15 5.59215947788113e-12
    19.9788877332196 1.25588686548649e-15 2.97749974213263e-12
    22.7592408110556 2.13097319995252e-15 5.84645602026483e-12
    25.9265204956506 2.86734820686904e-15 1.35082299310077e-11
    29.5345732571566 1.79345960315558e-15 1.01637634220443e-11
    33.6447390859365 3.07682611302876e-15 1.39474259671296e-11
    38.3268943249909 2.71127691636816e-15 2.99500464162396e-11
    43.6606396276986  1.3600493390455e-15 7.51997895052319e-12
    49.7366532371709 1.86294390408301e-15 1.74146295638553e-11
    56.6582325941288 2.81070955561293e-15 1.92807224183356e-11
    64.5430504819587 2.85498800891733e-15 5.19607113232507e-11
    73.5251555649188 1.62126668057353e-15  7.4195797210956e-11
    83.7572513303597 3.35408064632239e-15 8.77029356638775e-11
    95.4132921789321 3.71925212641237e-15 1.61229090053064e-10
     108.69144079854 3.55890453469039e-15 1.19923086922993e-10
    123.817437099935 3.02137886822087e-15 5.89614600473172e-10
    141.048435988735 5.06839697215781e-15 5.51001200713946e-10
    160.677379219302 5.71306461843958e-15 1.94201537452011e-10
     183.03797565572 5.47300480811502e-15 9.67094057541097e-10
    208.510374608594 8.44576644737348e-15 5.25228500841414e-10
    237.527628699261 6.17351264520072e-15 2.93450382436367e-09
    270.583056125634 4.46416413785519e-15   3.340012551551e-09
    308.238627494519 1.36592799519325e-14 5.31472240893205e-09
    351.134519803747 6.33939203736097e-15   1.952436494589e-09
                 400 1.19641229131887e-14 7.87014657732969e-09
