                   x                    y                0.001  1.9118616889944e-10 1.09608646689512e-08 5.46223954271658e-09 8.08648564889214e-16 5.63550667928056e-07
 0.00113916455785539 9.36825904085841e-11 9.01334890670271e-09 2.49965211388347e-09 2.54891592334455e-15  4.8684095458339e-07
 0.00129769588987387 1.68418947484748e-10 6.08902091005051e-09 4.34816865126692e-09 1.25107554997909e-15 6.80343242346862e-07
 0.00147828916461893 7.33590121539476e-11 3.29553409931222e-09 4.23677466832497e-09 9.03359277419001e-16 8.73258548796192e-07
 0.00168401462259554 7.40381013155985e-11 2.09592141135569e-09 1.60154897728268e-09 5.32299743760285e-16 1.87448516990401e-07
 0.00191836977297106 7.58901161590363e-11  2.3962998631852e-09 1.24271178131094e-09 1.04010409470928e-15 2.25461302788535e-07
 0.00218533885422973 3.69130339360481e-11 2.45030405514085e-09 1.37768582322417e-09 9.12857754533353e-16 1.61164143269321e-07
 0.00248946056964282 3.27566970650765e-11 1.66812818175918e-09 9.88477110944538e-10 1.61959946897614e-15 1.92753036333863e-07
  0.0028359052491156 2.39016575674484e-11 1.00288677712309e-09 6.20243274351441e-10 9.95221512783183e-16 3.45365322049409e-07
 0.00323056274922856 1.30230442044308e-11 8.22025328470819e-10 5.74349880060515e-10 1.51479375653632e-15 7.42394170056993e-08
 0.00368014258584905 9.05295352322439e-12 7.06876272013157e-10 4.19841432231028e-10 1.38077515860285e-15 3.26649830480696e-07
 0.00419228800165354 2.83534507394258e-11 6.57774088217061e-10 2.71429870422239e-10 9.46451152224356e-16 6.11230478032491e-08
 0.00477570590780612 5.88873828604569e-12 4.17504426196855e-10 3.17716946719537e-10  1.8514948648988e-15 1.70614281387419e-07
 0.00544031490891334 4.97356485494509e-12 4.32574011197688e-10 2.49881397696507e-10 2.24689776859444e-15 2.16845970691362e-07
 0.00619741392780637 6.23024751117958e-12 3.12162340669073e-10 1.46946468023784e-10 3.02199556749321e-15 1.71115182076161e-07
 0.00705987429691639 3.40142538686569e-12 2.02833052893641e-10 1.95955846908992e-10 2.42578517666187e-15 8.36601193700906e-08
 0.00804235858196141 5.12899769079858e-12 2.26032617483256e-10 1.21925279342565e-10 3.98351142123522e-15 6.49673189053101e-08
 0.00916156985813459 5.11623900927174e-12 2.18854301821479e-10 8.78424541616436e-11  2.3697005957135e-15 1.20794652691859e-07
  0.0104365356767032 2.14229035128967e-12 1.78954508813932e-10 1.36978900238741e-10 3.51030597461152e-15 6.43294113044644e-08
  0.0118889315496936 2.80343069687801e-12 1.07914246192407e-10 8.47273315023527e-11 3.91793150854543e-15 7.06619544781369e-08
  0.0135434494521798 1.38505133795025e-12 9.25269206081219e-11 7.24969379516046e-11 2.69756732833952e-15 2.33930709781322e-08
  0.0154282176070292 1.13298887301843e-12 1.95726237568913e-10 1.16651078772037e-10 5.89491481265591e-15 3.85475157750684e-08
  0.0175752786888082 1.00593299537269e-12 8.35620294719415e-11 5.89750083878138e-11 4.35383650297381e-15 2.27762375162775e-08
  0.0200211345767215 1.12956419223633e-12 5.31841669461653e-11 6.28755439347429e-11 7.37652730861065e-15  1.7682220189005e-08
  0.0228073669178543 8.75971258044922e-13 3.35711568740009e-11 5.26211517381084e-11 1.66128107421394e-15 4.20572666499199e-08
  0.0259813440508231 5.04966114785535e-13 8.18685353866057e-11 4.01535193627259e-11 5.26098233776756e-15 3.19359728308619e-08
  0.0295970263081448 3.29685266132958e-13 5.15967507301763e-11 3.49773392850789e-11 8.53149583402818e-15 1.84049106031574e-08
  0.0337158833881522 3.52323887808199e-13 6.28908076085988e-11  3.3685342364717e-11  4.6250857049078e-15  1.1337579721413e-08
  0.0384079393925684 2.05941433843353e-13 3.89754219152202e-11 1.30271804089071e-11 6.26131347748727e-15 5.45703487490626e-09
  0.0437529632962718 1.47894015181164e-13 3.30899213651084e-11 1.57336308688091e-11 5.58671567716009e-15 3.67693174576043e-09
  0.0498418250882607 6.77686165192764e-14   3.741667598384e-11 2.88835940036905e-11 8.22391212540963e-15 6.12581109695178e-09
  0.0567780406393743 5.23171199823681e-14  2.1821111040027e-11  2.3456014332122e-11  1.9990160727937e-14 2.73320295817537e-09
  0.0646795315608484 7.51396661223487e-14 2.27238219496967e-11 1.54975136110571e-11 2.87402410878013e-14 4.17177146863975e-09
  0.0736806299728077 5.83973461371989e-14 3.25075592145328e-11 2.28102743508257e-11 1.97506125969085e-14 1.83694683287959e-09
  0.0839343622654803 5.11613576113385e-14 3.58605553012323e-11 1.13479794121836e-11 3.81405229781496e-14 2.21222949977794e-09
  0.0956150506790302 1.93502375933149e-14 2.00188861932011e-11 1.84623407400644e-11 2.58729438523681e-14 3.42557118266411e-09
   0.108921276931098  3.4961008094449e-14 5.65580293229252e-11 1.38824427950756e-11 3.91844767335096e-14  3.5724294315466e-09
   0.124079258276259 3.28902902092512e-14  4.1282554125737e-11 4.05957314159551e-11 5.85241741725666e-14 7.37116898222628e-09
     0.1413466933933 1.89579609901231e-14  8.8131094618245e-11 1.49036953983813e-10 2.13381884932497e-13 1.52026962852214e-07
     0.1610171434837 2.41017304740935e-14 1.53412903448952e-11 2.33356503641621e-11 7.20605167535285e-14 4.12047176148498e-09
   0.183425023063748 5.21799169744204e-15 2.18702235001706e-11 1.58566060047341e-11 1.08959654817323e-13  7.1371111649609e-09
    0.20895128529803 7.88182011283587e-15 1.95953559079127e-11 6.40152844771402e-12 4.74581861567207e-14 3.84538220133541e-09
   0.238029898529846 6.49956742506457e-15 5.43973711983041e-12 2.84015836421254e-12 1.93018316523368e-14 2.80303100044702e-09
   0.271155224115116 6.37150412700058e-15 3.54768026727246e-12 1.51744325350139e-12 2.39805209929943e-14 1.12325286684061e-09
   0.308890420989276 2.54734575276231e-15 2.37483296962511e-12 9.01453951921684e-13  1.9584511122902e-14 6.78142619822941e-10
   0.351877019852015 2.90993907931945e-15 2.86366128997709e-12 1.03133471906806e-12 1.10841763178401e-14 3.29371342808928e-10
   0.400845829739193 3.88567623908822e-15 1.64659582833184e-12 8.23432828938644e-13 9.22930586564971e-15 1.58398035994785e-09
   0.456629362403026 2.04954542046602e-15 2.22151853055293e-12 5.26384779403056e-13 9.02268231322974e-15 2.10649059660627e-09
   0.520175985725633 2.71999833902329e-15 1.27480103153337e-12 1.70548141543031e-12 1.49316867442783e-14  9.9786988055411e-11
   0.592566046786134 2.14041152734545e-15 1.21023232020358e-12 1.30834329123652e-12 1.29605394051006e-14 8.20233520459975e-10
   0.675030238687244 8.45190862223226e-15  7.6706889785198e-13 1.20831964776719e-12 9.17944298813688e-15 5.28243893383429e-09
   0.768970523393174 7.03791600004168e-16 7.86412602375551e-13 1.15292350438195e-12 6.90308094874722e-15 3.30338548993276e-09
   0.875983966285015 1.48633010937567e-15 9.54019423158702e-13 2.78686182308211e-12 2.92552723543286e-14 5.89600618640717e-09
   0.997889887641482 3.44405136790592e-15 1.29197864968877e-12 2.98114623034618e-12 1.11773013541004e-14 7.04439290770886e-09
    1.13676079264348 1.53258204925663e-15 1.64418730504459e-12 7.32879677663603e-13 3.02951562116657e-14 2.70955968497902e-10
    1.29495760573905 6.35498726984861e-16  4.4391798166107e-13  2.4784243147291e-13 1.66580700557417e-14 1.30057977869561e-09
     1.4751698083832 5.17058690740782e-16 2.61331236851828e-13 8.35249532376863e-14 7.86963111919441e-15 8.00408945195449e-10
    1.68046116252848 8.69359983164511e-16 2.37614250445519e-13 9.47750986101819e-14 1.33650327252837e-14 2.20488981762148e-10
    1.91432179720491 5.55580214295925e-16 1.64413649798336e-13 5.71507704562895e-14 1.06674727766746e-14 3.93763511619871e-10
    2.18072754370587 6.50875980992046e-16 9.10841659416066e-14 4.84266162896422e-14 2.19525145266525e-14 9.10106200237175e-11
    2.48420752812878 5.68795411175226e-16 8.16704514045829e-14 3.60234601552141e-14 8.65575220298685e-15 1.19465312028166e-10
    2.82992117040185 4.94940455359289e-16  4.1818282360182e-14 2.34556790847631e-14 7.46234110384868e-15 1.48501908202883e-10
    3.22374589884644 5.77640598895421e-16 4.15434937531796e-14 1.53555036968021e-14 7.34804800063561e-14 3.51692399198473e-11
    3.67237707149754 8.44407184570562e-16 3.70988302864866e-14 2.77473204973114e-14 2.39695069544249e-14 5.07931826314866e-11
    4.18344180293078   9.047425872102e-16 4.58078909835399e-14 3.81153774566485e-14 3.05445861417085e-14 4.17165909371001e-11
    4.76562863174941 7.94333875390508e-16 2.94910619911385e-14 3.17775623111659e-14 3.18756364692569e-14 2.53663710459514e-10
    5.42883523318982 8.20503412301462e-16 4.15177456367148e-14 2.08678181660519e-14  1.0775065049751e-14 8.01872583777904e-11
    6.18433668808646 5.17981644343897e-16 2.30078960157821e-14 1.14501839221115e-14 1.13479253305432e-14 5.90998920086527e-10
    7.04497716891289 6.34106313588259e-16 3.29603519796451e-14 2.28541802222457e-14 1.12350375050418e-14 2.34529811148342e-10
    8.02538830172599 6.70443579151771e-16 3.10604868255635e-14 2.72665984677491e-14 2.37909190730777e-14 2.30142923954928e-10
    9.14223791635352 1.09892846761136e-15 2.52507630263219e-14 1.59597637477956e-14 1.12321408977789e-14 6.74571570686696e-11
    10.4145134137917 8.78808483031259e-16 2.26284696742243e-14 1.60266294268092e-14 5.30304550275952e-14 1.36245378666093e-10
     11.863844568301 1.15333824692195e-15 1.44704328730639e-14 2.21005526424591e-14 1.89871793258481e-14 1.23469283041616e-10
    13.5148712521137 1.28444143799941e-15 3.03951788340908e-14 2.06185318778823e-14 1.99124175259989e-13 5.50732062178581e-11
    15.3956623343867 1.23038230445723e-15 3.94685203481148e-14 1.47620793562498e-14 2.39619433677226e-13 2.87594043713193e-11
    17.5381928760426 1.34015870071855e-15 2.31895746729718e-14 2.62781949194253e-14 4.26871794914048e-14 1.57073295629289e-10
    19.9788877332196 1.36287434561875e-15 4.36355891173624e-14   3.450781814644e-14 4.53249382776085e-14  5.9531580417073e-10
    22.7592408110556 1.04520627081289e-15 2.98920638530511e-14  4.8279074179079e-14 3.54568833360287e-13 1.32714360495298e-11
    25.9265204956506 7.84895058233856e-16 3.29987138270601e-14 1.90481488144844e-14 1.14196019956033e-13 7.14872264642508e-11
    29.5345732571566 1.60767168585713e-15 4.27939874447718e-14 3.63081438370877e-14 1.52164833858145e-13 2.95425144291803e-10
    33.6447390859365 1.80812042471359e-15 7.57974239702482e-14 8.99191756437377e-15 1.37505971216855e-13 7.96163286146156e-10
    38.3268943249909 1.32434641341575e-15 6.67104235807354e-14 6.24222324230738e-14 3.19715493077801e-13 8.94252778494779e-10
    43.6606396276986 1.28378297798828e-15 6.28780310678066e-14 1.93247926844956e-14 1.72793182785652e-13 8.06960590617729e-10
    49.7366532371709 1.14657974940932e-15 3.52177205331647e-14 3.26765606164056e-14 5.53831013606708e-11 6.00286295337929e-12
    56.6582325941288 1.72835625389505e-15 5.53608909085212e-14 6.34576328065709e-14 2.89886947915284e-13 5.10065464086279e-11
    64.5430504819586 1.28669733929208e-15 9.08413724486882e-14 4.45571312192164e-14 3.62923322266088e-13 2.87560130066057e-09
    73.5251555649188 8.13136978617765e-16 3.14593326850079e-14 2.02420618874555e-14 1.54941824416271e-13 8.50942272771723e-10
    83.7572513303597  7.9742419273271e-16 6.67148578485587e-14  2.8128656562626e-14 8.46773629713831e-11 5.95421683685899e-12
    95.4132921789321 9.27255761281001e-16 4.35576890423446e-14 3.62503159281203e-14 2.60048451240414e-13 1.68073318955497e-09
     108.69144079854 2.34450988660273e-15 5.93083160899261e-14 5.14989907681911e-14 2.50406629362123e-13 9.52555917112961e-10
    123.817437099935 1.08946050976782e-15 3.48407001023368e-14  4.6226287414262e-14 1.39876056957532e-13 1.06600032102667e-09
    141.048435988735 9.16893132295665e-16 8.38552492327481e-14 5.50646201013689e-14 0.000113473992330599 0.000317712520159566
    160.677379219302 9.25706321559642e-16 1.60442268630589e-14 2.31185744260419e-14   0.0746010377748788    0.329106990970115
     183.03797565572 1.49114431429253e-15 1.24348382969345e-14 1.69125964689844e-14    0.137936360088579    0.302877066103087
    208.510374608594 9.27634557723449e-16 6.70013373688834e-15   1.195415159696e-14     0.30012681224457    0.626035215724569
    237.527628699261 1.27185631542038e-15 1.35666295218971e-14 7.50807688955018e-15    0.977893820937496    0.398393723906391
    270.583056125634 1.54741580445027e-15 3.93109013602571e-15 1.35327616000701e-14     1.02978854932761    0.759122410872632
    308.238627494519 1.01487704912252e-15 6.14275450238522e-15 7.51916589626095e-15    0.488418918720108    0.911795525906891
    351.134519803746 1.72165882913644e-15  3.6380309315645e-15 5.47226604217571e-15    0.522420432269558    0.826103347135291
                 400  1.0561105595106e-15 2.19890733674197e-15 2.33947421572482e-15     1.14301174818998    0.371284941452481
