                   x                    y                0.001 5.95078055546524e-10 5.37676565974212e-08 3.90776771030759e-08 9.13441766187315e-13 5.74229793382168e-07
 0.00113916455785539 3.27716750862782e-10 6.72874657636821e-08 2.75249196614914e-08 2.04658619621954e-13 2.96763871713909e-07
 0.00129769588987387 1.26683069774521e-10  3.4318792136755e-08 2.05051360593026e-08 1.51373494630209e-13 2.70757757184767e-07
 0.00147828916461893 7.89300543472472e-11 3.40589176748906e-08 3.85429419126865e-08 1.59455993882151e-13 2.91796469207831e-07
 0.00168401462259554 2.16213423735248e-10 1.86963351348826e-08 1.05652684977826e-08 1.39974664867217e-13 8.99124100319699e-08
 0.00191836977297106 1.09527434699748e-10 1.54393360097087e-08 6.93560845116435e-09 2.15407976749264e-13 4.22584817931591e-07
 0.00218533885422973 7.57275877616133e-11 1.51041989513126e-08 7.29192624316278e-09 1.97744004188237e-13 3.16887985745908e-07
 0.00248946056964282  5.0521001983041e-11 1.16627866267296e-08 4.49199148691956e-09 2.76883312846908e-13 2.67477190622853e-07
  0.0028359052491156 2.17974901025368e-11 7.48072356980031e-09 2.64002245388989e-09 1.24668215314213e-13 1.98712258731018e-07
 0.00323056274922856 3.30689318608052e-11 3.67214798477743e-09 4.50688095297797e-09 2.06944242534955e-13 1.82547453769061e-07
 0.00368014258584905 5.03683260033556e-11 3.68793954253456e-09 1.83969272366784e-09 9.39250485825406e-13 2.06477002252332e-07
 0.00419228800165354 1.93035575776346e-11 3.28784564833767e-09 1.49504329209107e-09 3.90229002044259e-13 2.10525222866285e-07
 0.00477570590780612 8.68780690674932e-12 1.99403641229424e-09 1.78009608228521e-09 2.75361806945535e-13 1.26112789264568e-07
 0.00544031490891334 2.30838333416179e-11   1.780482861566e-09 1.29494625350846e-09 2.74284828923592e-13 1.10602824115375e-07
 0.00619741392780637 5.90246513835935e-12 1.79063244124817e-09 1.53560225013327e-09 2.55842106436615e-13  8.1630683344502e-08
 0.00705987429691639 5.89868945627585e-12 9.35501717399169e-10 6.57393703563636e-10 6.22746539028265e-13 4.86545365152139e-08
 0.00804235858196141 4.45024571425259e-12 1.18522631140027e-09 4.79615908353701e-10 5.17250618063914e-13 3.96857130108145e-08
 0.00916156985813459  2.4488800012408e-12 3.55292967574111e-10 3.75980615432971e-10 7.36532990758292e-13 7.60454217885189e-08
  0.0104365356767032 5.64592889302162e-12 3.39781364667995e-10 2.95212408944854e-10 3.11492039813485e-13 6.14825546194598e-08
  0.0118889315496936 3.45748227683932e-12 5.99513671593217e-10 2.22540601970374e-10 2.76907954998102e-13 6.53829267976394e-08
  0.0135434494521798 2.14516425065424e-12 2.32679041638986e-10  2.0459909844226e-10 1.85067664598328e-13 1.47073850015362e-08
  0.0154282176070292 2.61394910949303e-12 2.37895583421094e-10 2.17101057259566e-10 1.62305960526371e-13  2.7782871587362e-08
  0.0175752786888082 2.12287606026091e-12 1.98280048477001e-10 1.16239547178379e-10 2.13312509362427e-13 4.45037196187572e-08
  0.0200211345767215 4.08361697540479e-13  1.9078217618873e-10 9.37966213559274e-11 5.61231329334522e-13 1.64505936987148e-08
  0.0228073669178543 4.55031932554043e-13 1.02179803998718e-10 6.32793904395285e-11 7.92088954459733e-13 1.78555220047928e-08
  0.0259813440508232 8.80175490494224e-13 8.69464802229127e-11 2.59610199388209e-11 2.39116446545305e-13 1.61405118544507e-08
  0.0295970263081448 3.62162047052898e-13 8.99404918789739e-11 4.47258420190748e-11 3.97412898115876e-13 1.89193733051368e-08
  0.0337158833881522  4.6668792045191e-13  1.0178903057321e-10 2.85344021184402e-11 1.86164121726384e-13 8.47543001475433e-09
  0.0384079393925684 3.24905111596658e-13 3.29171999597241e-11 1.77691531004646e-11 5.74189496256304e-13 5.65812124784655e-09
  0.0437529632962718   1.519271407821e-13 2.86589020886639e-11 1.96532234639694e-11 1.94477313520501e-13 7.93583015107351e-09
  0.0498418250882607 2.23036219904287e-13 1.49783700590325e-11 2.33692155736318e-11 1.93167556395954e-13 8.19613156603888e-09
  0.0567780406393743 2.31990480976416e-13 1.14744863418472e-11 1.16552815166787e-11 1.88192832549246e-13 3.60007549015314e-09
  0.0646795315608484 1.48921138617393e-13 1.65961071760906e-11 5.25321070608349e-12 3.60759773287549e-13 3.50556065474407e-09
  0.0736806299728078 5.44845343193561e-14 6.46301765292998e-12 4.30026191089173e-12 5.56955900584299e-13 5.98333742118588e-09
  0.0839343622654803  8.7845615540512e-14 7.26721648833788e-12 3.26077952726807e-12 2.10706276130861e-13 2.37538037643417e-09
  0.0956150506790302 6.33974031134033e-14 5.84886278001375e-12 4.84285771000725e-12 3.31278128236875e-13  3.2018937529525e-09
   0.108921276931098 1.99722574930433e-14 4.03013447671826e-12 2.03677466246957e-12  1.6603806137636e-13 1.49254012513552e-09
   0.124079258276259 6.25340879552704e-14 3.62463160542362e-12  1.6714723021344e-12 2.41574007818514e-13  1.0185022764663e-09
     0.1413466933933 3.49973170721716e-14 2.69141786541255e-12 2.00066868492563e-12 1.47619247705417e-13 3.86648535690396e-09
   0.161017143483701 1.55414937034089e-14 2.64698342821422e-12 1.07955502115918e-12 3.38893993327527e-13 1.02054133549836e-09
   0.183425023063748 9.17017488303378e-15 2.40134571253198e-12 1.87843356411424e-12 2.02411735615788e-13  2.7840909529905e-09
    0.20895128529803 7.95052348303019e-15 2.80328294293261e-12  9.6216105290087e-13  2.1480239788648e-13 6.11289604926083e-10
   0.238029898529846 6.31847347411828e-15 1.26571603924585e-12 8.63545457094498e-13 1.00707839720092e-13 2.54503639813254e-10
   0.271155224115116 5.93863076672056e-15 2.24607803541468e-12 9.95464263790808e-13 3.64899546579484e-13 2.20403827496052e-10
   0.308890420989276 2.94317346257536e-15 1.24951039226129e-12 6.67077273500767e-13 2.26551907875035e-13 5.99737592561704e-10
   0.351877019852015 3.69049771396217e-15 1.12166399312517e-12 8.67962927103069e-13 1.71303517738942e-13 3.04255155938081e-09
   0.400845829739193 3.22362997286887e-15 3.45234561631369e-12 2.77028286230655e-12 3.15336255157442e-13 1.31955742211534e-09
   0.456629362403026 2.12410233915148e-15  9.0530846357729e-12 5.69186662323419e-12 7.53891439513198e-13 1.93696641979182e-09
   0.520175985725633 1.52191479779559e-15 1.29648011662126e-11 4.59436373779665e-12 7.59568606183768e-13 1.72604411650281e-09
   0.592566046786134  5.5784520296576e-15 2.36029808507849e-11 9.45387200513254e-12 2.05212705677737e-12 4.06339085717822e-09
   0.675030238687244 1.78108029547761e-15 2.04972043079313e-12  1.3358647907536e-12  1.2794410638411e-11  4.3973628707683e-10
   0.768970523393174 4.67968971512657e-15 1.18327308254836e-12  1.3952269794489e-12 1.99830970907509e-13 1.20716485787657e-09
   0.875983966285015 5.42262784283629e-15 4.94868663175999e-12 4.59786512779751e-12 1.42185849656245e-12 6.29038105315897e-10
   0.997889887641482 1.54455436142041e-15 6.17483816276136e-12 2.20137642914214e-12 3.22167014570834e-12 5.29429227655139e-09
    1.13676079264348 8.33703204803578e-16 3.61596700508775e-12 1.46745738625182e-12 1.55285335023755e-12 2.03726705662241e-09
    1.29495760573905 7.54237176592153e-16 3.61385984448076e-13 1.17180800967409e-13  2.9392701544251e-12 1.31194845095703e-10
     1.4751698083832 7.92182596965309e-16 7.30818902649036e-12 3.30586192280891e-12 2.93187007894437e-12 6.01751873447365e-10
    1.68046116252848 4.97728974598654e-16 6.33610430143634e-12 1.60376235524188e-11 3.06760990036383e-12 2.36198007874809e-10
    1.91432179720491 6.87065695199818e-16 1.62494287051341e-12 1.01925745744826e-12 3.71400712122474e-12 5.22736667386677e-10
    2.18072754370587 6.61057961767805e-16 3.33698764808728e-12 3.86320862570146e-12 2.74478420946958e-12 4.56791091106835e-10
    2.48420752812878 6.70007811294642e-16 8.07222317386569e-13 1.69290405673174e-13 4.03922682368101e-12  3.2431550313667e-10
    2.82992117040185 6.40864061592505e-16 1.60639320283174e-12 2.54210731832396e-12 8.42136562342776e-13 6.04894487770331e-10
    3.22374589884644 7.64885993120834e-16 8.40566866981906e-13 2.52187646720723e-12 3.21403385951314e-12 3.93846916857184e-11
    3.67237707149754 5.65400033054269e-16 1.14912757848046e-12 1.21122431734026e-12 6.88727148260458e-12 1.79707083524421e-10
    4.18344180293078 6.29619823877362e-16 1.05785642705561e-12 1.68377418673194e-12 1.09170771570592e-12 1.84349757908202e-10
    4.76562863174941 8.20093366042747e-16 1.86818028042919e-12 2.20972040703072e-12 2.18578866051515e-12 2.07659256747135e-10
    5.42883523318982 5.26813534472666e-16 3.24377448674243e-13 5.77692994558102e-13 6.48155411294629e-13 4.00872377622764e-10
    6.18433668808646 7.11657194503583e-16 1.40608100156241e-13  2.4703944847754e-13 2.82636236961259e-13 6.70196820733069e-11
    7.04497716891289 6.33372730073944e-16 1.26723739019668e-12 1.74559269925433e-12 7.86958843022327e-12 1.62361075042124e-10
    8.02538830172599  5.6128816386275e-16 2.73976940125717e-13 1.34467559105536e-12 2.71256870517009e-12 1.12963289884179e-10
    9.14223791635352 7.74137985088167e-16 3.97425899778529e-13 1.62881759948723e-12 4.96893142106833e-12 2.87534633543883e-10
    10.4145134137917 1.18090791526814e-15 1.96545524967257e-13 1.26981457773974e-13 1.89535050598106e-11 2.54727011937397e-10
     11.863844568301 8.23404112387457e-16 1.11857182590709e-13 4.75581485405274e-13 1.79664090376367e-12 8.49135325117728e-10
    13.5148712521137 8.53684055502608e-16 9.65331436359204e-14 1.51635785672147e-13 2.69356052656485e-11 4.77843740998403e-11
    15.3956623343867 8.54048022372243e-16 1.11440092613518e-13 2.32526255731383e-13 1.03686857120693e-11   3.170323053698e-10
    17.5381928760426 1.25879807134062e-15 7.51667572017709e-14 4.08610630560277e-13 1.63473373789176e-11 2.17426555108109e-10
    19.9788877332196 7.08180018435321e-16 3.33910473888896e-13 7.92062772467407e-13 7.67759978530012e-11 6.27610080010058e-11
    22.7592408110556 1.03157678810213e-15 3.67018146590811e-13 3.35254908177784e-13 1.28645506913214e-10 2.05461170461925e-10
    25.9265204956506 1.03405709220181e-15  6.3700075491315e-14 6.63625303786684e-14 1.52415315146682e-12 1.59567975466428e-10
    29.5345732571566 1.29757307717461e-15 1.89725658824235e-13 9.97272279056585e-14  7.3440796600069e-11 6.30997759857583e-10
    33.6447390859365 8.97786903420632e-16 4.07323774778661e-14 7.77173182614899e-14 8.37261639181691e-12 4.18165808459858e-10
    38.3268943249909 1.04777797284048e-15 1.96369580402057e-13 3.86962771347163e-13 2.09584843060989e-10 4.22304472399121e-10
    43.6606396276986 8.57564349867451e-16 6.25102324495394e-14 5.24029764265466e-14 8.66188060696628e-12 1.15255276664391e-10
    49.7366532371709 1.69255777319254e-15 1.15943599435962e-13  5.8645474293224e-14 1.19728756478889e-10 2.01314015041561e-10
    56.6582325941288 1.39604571616864e-15 9.33018880066528e-14 1.96683026723633e-13 1.89669512142283e-10 6.51796561695009e-10
    64.5430504819587 1.56297077644146e-15 1.04541435926188e-13 1.04989146038302e-13 3.46037942829569e-10 5.01030444236445e-10
    73.5251555649188 1.77125456722107e-15 4.19980582812642e-13 2.17288612832228e-13 3.23835329000617e-10 3.78255013185483e-10
    83.7572513303597 1.70700678544945e-15 3.36469785378941e-13 1.07143239974306e-12 3.64558459037453e-10 8.09671612796615e-10
    95.4132921789321 4.95842075647645e-16 1.04505969017311e-12 8.20234324495433e-13 3.14443927848442e-10 3.57741618877767e-10
     108.69144079854 8.44253742805848e-16 3.14493146116976e-13 4.09298171946027e-13 1.83305916994662e-10 2.59285275792887e-09
    123.817437099935 1.44755915742035e-15 1.26300884404403e-13 4.92456909290585e-13 1.10348758960115e-08 4.34690737681265e-09
    141.048435988735 1.91390119464819e-15 8.67885465925349e-14 1.07083891110564e-13   0.0320957708641954   0.0318269783903879
    160.677379219302 1.43418900889759e-15 7.13754466140819e-13   1.599980578261e-12    0.702737209086092    0.273658563375447
     183.03797565572 2.73453235553741e-15 2.96352049644103e-14 1.56159447244664e-13    0.707801615875432      0.8986328660854
    208.510374608594 3.69679777539492e-15 3.64900056759925e-14 1.54672938918381e-13     1.02693048855148     0.96476597534257
    237.527628699261 1.30616163011577e-15 9.01714860968503e-15 5.02780803377128e-15    0.697542803708188    0.523054604544763
    270.583056125634 1.44229222742841e-15  1.4418611012917e-15 1.54401388531949e-15     1.14558991071207    0.854801620899283
    308.238627494519 1.03339465808731e-15 1.32022613786023e-14 1.64262465903485e-14     1.10351110933989    0.403182089034108
    351.134519803747 2.48624248625667e-15 1.70543390539653e-15 3.29599903031534e-15    0.830901740243899     1.14517218562566
                 400 3.55753232478666e-15 9.96940878732197e-16 2.54852052004314e-15    0.983128846095417    0.762803079320321
