                   x                    y                0.001 3.31576257467273e-10 5.66383418219268e-08 2.63420144880189e-08 1.05191426838844e-12 0.000116742700555379
 0.00113916455785539  3.2105799751219e-10 3.51462116366963e-08 2.99984876659365e-08 2.45666846802093e-13 3.47114281655528e-05
 0.00129769588987387 1.44371779098323e-10 2.72644343095111e-08 2.41482800637796e-08 1.52735883778439e-13 0.000168000482118373
 0.00147828916461893 6.15204609339489e-11 1.85765172137352e-08 2.10110116255957e-08 2.12803239625528e-13 3.37298091534166e-05
 0.00168401462259554 5.87382003259478e-11 2.03830359802714e-08 1.09921928720785e-08 2.16237053910012e-13 8.93222457873703e-05
 0.00191836977297106 5.61610030554052e-11 1.64485324251373e-08  9.4209326671727e-09  2.1522530853023e-13 1.82415171670894e-05
 0.00218533885422973 5.90858878715769e-11 9.37986341024595e-09 6.21969315946496e-09 2.87709360212217e-13 1.07286276935631e-05
 0.00248946056964282 5.89059932458539e-11 7.86233499869092e-09  4.4793744660308e-09 3.63278736087881e-13 1.09420131077616e-05
  0.0028359052491156 7.24415948645239e-11 6.45060766287389e-09 4.38795114377357e-09 3.32753753743591e-13 1.42422029551501e-05
 0.00323056274922856 3.85680053681559e-11 3.78050251664051e-09 2.26766986725329e-09 1.46045696689002e-13 2.08893064173173e-05
 0.00368014258584905  7.2265301803599e-11 3.87775690856821e-09 1.39396141243229e-09 9.40113110194452e-13 1.02470874101402e-05
 0.00419228800165354 3.07549285963934e-11 3.76065564826909e-09 1.51375779080908e-09 2.25056544959305e-13 8.01839374745782e-06
 0.00477570590780612  1.6714069692209e-11 2.81639460624301e-09 2.38379623272403e-09 1.97544889086659e-13  3.8663070312027e-06
 0.00544031490891334 1.85080887351267e-11 2.05208272441292e-09 1.58972334381502e-09  2.0229021923182e-13 2.03699965654395e-06
 0.00619741392780637 8.84585616219203e-12 1.21701528442501e-09 1.09039227026037e-09 2.34738856046879e-13 2.35847047967356e-06
 0.00705987429691639 5.85055023620666e-12 8.46249026081067e-10 7.43911566881853e-10 6.90102029066589e-13 1.75701650222096e-06
 0.00804235858196141 4.28009976396032e-12 6.49754071402995e-10 6.96678923746442e-10 4.78652701012772e-13 1.06345364608712e-06
 0.00916156985813459 3.37449019925035e-12 3.99620053871657e-10  5.7977836690663e-10 8.40074744114836e-13 2.62092027413518e-06
  0.0104365356767032 7.14901407273692e-12 5.60314944538383e-10  4.2503451762547e-10 1.35391199466971e-13 6.25690571168868e-07
  0.0118889315496936 3.49868978171706e-12 3.21245301836487e-10 4.28757553499962e-10 1.58379746531647e-13 3.67273009744307e-07
  0.0135434494521798  2.0077623352174e-12 2.17020089159478e-10  2.1279568702221e-10 1.38928255017006e-13 3.89883376671314e-07
  0.0154282176070292 7.97764927939893e-13  2.4660228080241e-10 1.50008338229561e-10 1.58667726241549e-13 2.77210841413197e-07
  0.0175752786888082 1.14486563003992e-12 1.97372171368276e-10  1.2037227925987e-10 1.60235771087433e-13 1.86440775038305e-07
  0.0200211345767215 8.59896115970824e-13 1.24023052558419e-10 7.32934635436136e-11 6.24163217734559e-13 5.99506997679386e-07
  0.0228073669178543 1.53985014587668e-12 8.26331704536679e-11 7.48821678204189e-11 8.20153607217485e-13 4.94167896542203e-07
  0.0259813440508232 7.15609142011678e-13 1.42975569620656e-10 5.42502297045488e-11 9.57400314059562e-14 4.20395705961242e-07
  0.0295970263081448 2.18143849914377e-13 6.01659292838117e-11 3.84144285225592e-11 4.08245793952827e-13 3.68999916632318e-07
  0.0337158833881522 5.94076595297925e-13 3.68166366653299e-11 2.29053009428441e-11 1.86477919858685e-13 1.24801662718542e-07
  0.0384079393925684 5.08087282617582e-13 4.76525087355623e-11 2.65469760507927e-11 8.78009522370137e-13 1.10554608300459e-07
  0.0437529632962718 1.64999430671422e-13 3.30528388836991e-11 2.16322490892142e-11 2.91985140735182e-13 3.26400965029754e-08
  0.0498418250882607 1.22428644684881e-13 1.40127754198594e-11 1.66303934197694e-11 1.93312056646877e-13 2.94347714106538e-08
  0.0567780406393743  3.0828140278591e-13 1.54408116984889e-11 1.45152333405766e-11 2.51152087773757e-13 2.63896414251426e-08
  0.0646795315608484 7.02818960332024e-14  1.4891100692794e-11 8.86180603403041e-12 3.43048460624757e-13 5.15405317588003e-08
  0.0736806299728078 8.16739409709895e-14 1.02233160146161e-11 4.58621069053612e-12 4.80054451046402e-13 4.70535431883347e-08
  0.0839343622654803  6.8328518799784e-14 6.73654729967448e-12 3.11647844578866e-12 2.10902407708634e-13 1.63579507692502e-08
  0.0956150506790302 4.13092442687783e-14 4.35722052765919e-12 2.34606040181583e-12 2.12174702528825e-13 1.79964045692244e-08
   0.108921276931098 4.47026414023658e-14 4.51568762400857e-12 2.75975446398545e-12 2.40021104997894e-13 2.20052418590441e-08
   0.124079258276259 3.59259141864605e-14  4.2577609314539e-12 1.29702407248401e-12  2.7199838744608e-13 1.37453575853981e-08
     0.1413466933933 3.07547770894161e-14 3.48538642449969e-12 1.55306881914208e-12 1.90821170340966e-13 3.87612833601223e-09
   0.161017143483701 2.24234604715376e-14 1.94518729706643e-12 1.90300313348459e-12 3.39207634716829e-13 4.54977469131496e-09
   0.183425023063748 1.19242199327472e-14  3.0157294104101e-12 1.14971394862302e-12 1.65398313763966e-13 2.78316724906382e-09
    0.20895128529803 1.02308663657737e-14  1.5427743974177e-12 9.63729488048509e-13  1.8706957923623e-13 5.45446505645121e-09
   0.238029898529846 3.76164052044367e-15 9.74874471522009e-13   9.542098270995e-13 1.61182961509296e-13 1.09471947261078e-09
   0.271155224115116 5.44815348832855e-15 1.51660779697205e-12 6.92821847741123e-13 3.65268353453892e-13 4.00536559818655e-09
   0.308890420989276 4.70977694104925e-15 1.71625974536108e-12  8.0163809952136e-13  3.7927488241623e-13 2.30351458618878e-09
   0.351877019852015 4.86684572000424e-15 1.81169225545491e-12 7.94691209257548e-13 2.25057423955263e-13 2.93350327849698e-09
   0.400845829739193 3.26266626987285e-15 4.57760294875655e-12 4.08942886714496e-12 3.94430723501785e-13 8.85979928281477e-09
   0.456629362403026 1.31987302750428e-15 1.25603742638174e-11 5.38844390208035e-12 1.00032019060102e-12 1.96538512813569e-08
   0.520175985725633 2.71000497141115e-15  9.2836253100479e-12 4.54618929173168e-12 1.09327389121168e-12 1.74649569700191e-08
   0.592566046786134 3.94134548236637e-15 1.89620413597617e-11 9.87025586515023e-12  2.1464510610901e-12 2.03386136481361e-08
   0.675030238687244 2.16162765694782e-15 2.48130273582631e-12 1.39176194278968e-12 1.78445264732774e-11 6.43150693282427e-09
   0.768970523393174 2.84111840132596e-15  1.0489710275127e-12 9.89952177015113e-13 3.18863023377183e-13 1.47507656237232e-09
   0.875983966285015 3.93172999114517e-15 4.33563355156919e-12 3.84337050483718e-12  1.5690479562081e-12  1.9129554153107e-09
   0.997889887641482 1.25352157781011e-15 7.81911947200233e-12 1.52678540563402e-12 3.36402122193914e-12 9.00270739738514e-09
    1.13676079264348 1.07841454860919e-15 2.42408685454605e-12 2.66929071635512e-12 1.57326783643228e-12 1.52848389265549e-08
    1.29495760573905 4.31251602383258e-16 4.22872779021859e-13 1.32733939191863e-13 2.92456101993141e-12 5.34892623777889e-10
     1.4751698083832  3.1687303878843e-16 7.16125753003028e-12 3.73260490637751e-12 2.82826886683565e-12 1.43217219674964e-08
    1.68046116252848 8.62110620270349e-16 7.75897053135343e-12 1.87639135988454e-11 2.96858175913063e-12 9.88709611196556e-08
    1.91432179720491 8.27336655044657e-16 1.16263379912365e-12 1.30899242533127e-12 3.66117164516054e-12 7.55499899816533e-09
    2.18072754370587  7.1741626431598e-16  1.7195347106458e-12 5.39961808427323e-12 2.75319755618902e-12 3.32741554890121e-09
    2.48420752812878 5.55915705486712e-16  5.9620972047033e-13 2.45770132463561e-13 4.49380641066779e-12 1.15022052892511e-09
    2.82992117040185 6.36673590452168e-16 2.68890670641224e-12  4.5349425336389e-12 9.65937379354923e-13 1.41675766845275e-08
    3.22374589884644 6.67158949041974e-16 8.79778300925066e-13 2.00258244838585e-12 3.31047262461624e-12 1.50722180450302e-08
    3.67237707149754 4.51659544208408e-16 5.28532529140727e-13 1.19312493773868e-12 6.57181284581405e-12 5.17244806498066e-08
    4.18344180293078 7.52723149929168e-16 6.32099768605073e-13 1.57971924939196e-12 1.07980989315641e-12 9.60773664525223e-09
    4.76562863174941 6.69122910492708e-16 1.75097379664057e-12 2.39162713153862e-12 2.23103514250212e-12 1.63729346899645e-08
    5.42883523318982  5.4368809281382e-16 3.87648195125155e-13 4.52138367359264e-13 6.64523615233849e-13 1.14264437629173e-09
    6.18433668808646 5.80089875768065e-16  1.4508382422996e-13 2.43144909507066e-13 3.02261840431488e-13 1.12108572368652e-09
    7.04497716891289 6.24755012964168e-16 9.45981205649276e-13 1.78121715591598e-12 7.89902192245363e-12 7.87502739471364e-09
    8.02538830172599 5.06750126491956e-16 1.73084152870072e-13 1.54121315851339e-12 2.68022941361816e-12  6.3602674276635e-09
    9.14223791635352 6.25973812810898e-16 3.47796360037216e-13 1.61088921228046e-12 5.31114398993501e-12 2.85904862757858e-10
    10.4145134137917 7.20892615967181e-16 1.96397231508308e-13 1.49645697771498e-13 1.89789779422532e-11 1.75562486438689e-08
     11.863844568301 8.41083353428348e-16    8.87723425834e-14  4.4039885708603e-13 1.80932439019312e-12 4.19299916070106e-09
    13.5148712521137 1.04286083848186e-15 1.48278235103865e-13 1.70857815887647e-13 2.69600029622482e-11 2.07241497646167e-08
    15.3956623343867 9.19837870747103e-16 7.98964995516249e-14 2.63329585022104e-13 1.03654502095116e-11 1.26982915065216e-08
    17.5381928760426 1.49904912752761e-15 1.23179662230063e-13 5.55443850649553e-13 1.64911132161683e-11 6.40302165438751e-09
    19.9788877332196 9.39734785605688e-16 3.17995568458999e-13 8.06877057439846e-13 7.70548773756036e-11 4.83357516193105e-09
    22.7592408110556 2.28608009015744e-15 4.18088204801645e-13 3.25662845142706e-13 1.29176380800178e-10 3.84040011975867e-09
    25.9265204956506 1.92773576788335e-15 4.98857537240428e-14 9.04386802944625e-14 1.51188776616795e-12 8.09002956328096e-09
    29.5345732571566 1.40538421605255e-15 2.32767232804642e-13 1.43006859406817e-13 7.32445078888692e-11 6.78776009470076e-09
    33.6447390859365 2.26344958655299e-15 4.71943610113382e-14 7.55051685709719e-14 8.32021559635338e-12 1.31061319738914e-08
    38.3268943249909 1.41471612803637e-15 1.29479954789062e-13 4.53489705888371e-13 2.08685193139182e-10 4.40855442791654e-09
    43.6606396276986   1.702715059726e-15 4.04381569746615e-14 5.22206158986487e-14 8.54118357315635e-12 1.62524453247448e-09
    49.7366532371709 2.03610217509252e-15 7.87128836312208e-14 7.44453523456547e-14 1.19489336255834e-10  4.5026251241069e-09
    56.6582325941288 2.40699065949723e-15 1.23400734741565e-13 1.96013248737374e-13 1.89814949037175e-10 9.26440277511695e-09
    64.5430504819587 2.03011017813808e-15 1.18026106268448e-13 6.57843677149972e-14  3.4698628220873e-10 5.01350596388375e-10
    73.5251555649188 3.22042755719723e-15 3.41071468133171e-13 3.18355673653617e-13 3.26439725986668e-10 4.40837933148349e-10
    83.7572513303597 2.96386024602344e-15 2.10435694135726e-13 1.11745079522466e-12 3.63323034197079e-10 3.45047535266342e-08
    95.4132921789321 1.69572673108917e-15 2.17584438711648e-13 1.04852996480136e-12 3.18408162546409e-10 8.14349093176651e-09
     108.69144079854 8.51105657554024e-16  3.8175511285479e-13 4.37705084030441e-13 1.83270442614053e-10  2.5920020779045e-09
    123.817437099935 2.73323361458299e-15 8.04801213002547e-14 4.98338951674133e-13 1.10352132662293e-08 1.25501453279204e-08
    141.048435988735 3.17038651951653e-15 6.39142162927958e-14 5.90139300236498e-14   0.0320957708643646   0.0318269783905104
    160.677379219302 6.79412916062177e-16 7.79097034354919e-13 3.67057589677158e-12    0.702737209085817    0.273658563375413
     183.03797565572 1.59160555256992e-15 1.69737130917234e-14  1.2664424102403e-13    0.707801615885945    0.898632866086442
    208.510374608594 1.32284004294109e-15 1.17610618318366e-13 7.83099868173066e-14     1.02693048855121    0.964765975343127
    237.527628699261 8.90689589559904e-16  3.4650259314055e-15 3.98530782532806e-15    0.697542803689162    0.523054604543276
    270.583056125634 2.87841688796454e-15 3.54894697220158e-15 1.73740581465674e-15     1.14559007685802    0.854801598889318
    308.238627494519 1.94043286796134e-15 1.37204646275643e-14 1.23772335323226e-14     1.10351110933368    0.403182089033563
    351.134519803747 1.65268742456159e-15 1.32520577316715e-15 3.76799085425267e-15    0.830901740242832     1.14517218562591
                 400 2.98360288226383e-15 1.51251112733414e-15 1.96607873406651e-15    0.983128845932164    0.762803079216895
