                   x                    y                0.001 7.92858123080015e-11 2.19109257595468e-08 1.57149364959152e-08 2.02078558495168e-12 2.96284960601352e-07
 0.00113916455785539 1.13273200250411e-10 1.54884896005063e-08 8.78406364066891e-09 7.23201405476159e-12 1.22901511796421e-07
 0.00129769588987387 1.06309689340029e-10 1.80987917179408e-08 2.02428775474128e-09 9.58247704554807e-13 3.27322008771712e-07
 0.00147828916461893 4.85302400131894e-11 2.77379539367577e-08  1.4441633180994e-08 1.26174233144421e-12 1.62512412784832e-07
 0.00168401462259554 5.85401913028708e-11 8.76596761539392e-09 5.90286043702478e-09 1.84593987766882e-12 8.20113757985418e-08
 0.00191836977297106 6.70033744885556e-11 2.31697348442887e-09   3.774438154931e-09  1.6203584702884e-12 5.74011328149498e-08
 0.00218533885422973 2.57248314115869e-11 7.67437499921011e-09 5.44769040756041e-09 7.18274004966391e-12 6.67884502561104e-08
 0.00248946056964282 2.53941137026312e-11 9.60952289349043e-09 5.21057778699031e-09 1.99755417216365e-12 1.09669033031981e-07
  0.0028359052491156 2.28751849408927e-11 5.10653646991218e-09 2.61061948756708e-09 2.11400245584993e-12  5.5546536862974e-08
 0.00323056274922856 1.10253215810126e-11 2.87535337007059e-09 1.68194056286451e-09 2.34648462037712e-12 5.90750311206917e-08
 0.00368014258584905 1.15618489448014e-11 2.56201294968145e-09 1.84840898033845e-09 1.26629953755929e-12 1.25913493115093e-07
 0.00419228800165354 4.21008252148739e-12 2.02555657704836e-09 1.65702087598241e-09 1.11135949574092e-12 4.40262083230094e-08
 0.00477570590780612 4.02312635295076e-12 8.10642998497468e-10  9.8649293982215e-10 1.64957040300167e-12 4.45410448846085e-08
 0.00544031490891334 4.28759933602933e-12 1.37296349374895e-09 9.77992445334862e-10 1.59728682422374e-12 3.71984466726237e-08
 0.00619741392780637 3.27766849635383e-12 6.44722286508014e-10  2.6984119386255e-10  1.6019945503825e-12 4.59205411727263e-08
 0.00705987429691639 1.62082325337408e-12 4.75550024215429e-10 2.91241981871619e-10 2.37162580772927e-12 3.83872077402069e-08
 0.00804235858196141   2.311513741335e-12 2.50001277745129e-10 1.15859633163502e-10 1.23271811616702e-12 6.46503490940607e-08
 0.00916156985813459 7.76745635341715e-13 1.93053926419216e-10 2.39722499187543e-10 1.76022397645152e-12 1.07448485188994e-08
  0.0104365356767032 1.26757726693432e-12 4.14892122765119e-10  2.6480954613125e-10 5.33049231443551e-12 1.10625773193489e-08
  0.0118889315496936  1.2792359274235e-12 7.85718061681534e-11 1.22922647337197e-10 1.02148067132977e-12 2.73520007267126e-08
  0.0135434494521798 5.59779178133286e-13 8.10631112047839e-11 8.53831104435752e-11 2.63195598659309e-12  1.5154392136142e-08
  0.0154282176070292 1.16591590952962e-12 1.04448764069696e-10 7.25126305851364e-11 1.27300509149831e-12 1.49780848940323e-08
  0.0175752786888082 1.57726220968599e-13 2.02856877227645e-10 8.08408535294641e-11 1.25181256815658e-12 1.14152549752129e-08
  0.0200211345767215 2.35829678617862e-13 8.17022406027453e-11 5.82152640104608e-11 6.19786671425316e-12 8.52237043669726e-09
  0.0228073669178543 2.18535559169435e-13 5.33253277609611e-11 3.38733027564227e-11 6.35851306524573e-12 6.94979648320265e-09
  0.0259813440508231 2.13376392791696e-13 3.26935121758225e-11  1.4437661672652e-11 1.10667908496106e-12  1.6501859358379e-08
  0.0295970263081448 1.63440423797049e-13  5.5470344360475e-11 1.66107842310528e-11 1.15235200831563e-12 6.91392533464786e-09
  0.0337158833881522 1.36858149069356e-13 1.42625089250035e-11 9.00017727153397e-12 1.59226200092864e-12 1.99016406728387e-09
  0.0384079393925684 4.60860398425196e-14 1.26618023137396e-11 1.05193611599424e-11 1.72493321283626e-12 2.42503991013166e-09
  0.0437529632962718 1.11243101087354e-13 7.85822986088662e-12 5.38401541403447e-12 2.44701773422768e-12 3.48743242793404e-09
  0.0498418250882607 4.46639407875547e-14 9.96493944581253e-12 7.72555106804702e-12 2.39983405427691e-12  3.2595577701901e-09
  0.0567780406393743 1.07772570291194e-13 6.71388819876947e-12 4.90823618025149e-12 2.02997681989426e-12  1.8846003127727e-09
  0.0646795315608484 5.08347509926895e-14  7.2299490516553e-12 3.01944720663032e-12 3.46843123804045e-12 6.26182921615892e-10
  0.0736806299728077 2.24697023345042e-14 5.26385132126644e-12 4.86140482082629e-12 1.15704806004823e-12 2.29405446945308e-09
  0.0839343622654803 9.37863321406681e-15 3.53914935091083e-12 1.91229521271807e-12 3.89311115191649e-12 1.64384422055247e-09
  0.0956150506790302 2.23705607080947e-14  2.6897100601652e-12 2.46109409475813e-12 3.62658540366952e-12 1.11944866514236e-09
   0.108921276931098 5.78416168177455e-15 3.02218613015282e-12  2.2964935134862e-12 2.76042059827075e-12  1.9253448327335e-09
   0.124079258276259 9.15608262924583e-15 1.34315812527191e-12 1.45900612933233e-12 1.58806889552224e-12  3.0022679703989e-10
     0.1413466933933 8.86182404714417e-15 9.16222382816917e-13 7.37073877843143e-13 1.77909378913441e-12 6.28185174788878e-11
     0.1610171434837 3.11242036142411e-15 1.33037605315333e-12 1.18804787595916e-12 1.18010699282652e-12 4.38741847528137e-10
   0.183425023063748 3.43994877732989e-15 9.68883148505496e-13 6.42203029763894e-13 1.46271453786129e-12 9.47587105107726e-10
    0.20895128529803 3.37760970342725e-15 8.63127366507447e-13 7.75126460079706e-13 1.11374765733051e-12 2.45265877179819e-09
   0.238029898529846 3.39577825769303e-15 1.65634898677222e-11 7.37951589367208e-12 1.28351579733324e-11  2.0253275565837e-10
   0.271155224115116 3.13473200653395e-15 1.60614911909297e-12 2.44290101084252e-12 7.59130241470574e-12   1.573281736698e-09
   0.308890420989276 2.80375174734805e-15 1.57300591923592e-12 4.36499380691827e-12 1.19278962849509e-11 2.30507292547865e-09
   0.351877019852015 3.92166383929927e-15 1.05427614031979e-12 1.36541024906012e-12 9.83679787827466e-12 7.04108217745842e-09
   0.400845829739193 1.47346233223977e-15 1.34941607734667e-12 2.88839071697102e-12 8.46151722979421e-12 6.90541224518018e-09
   0.456629362403026 2.54499944102186e-15 1.10572041211706e-12 1.50705687806922e-12 4.58544971041641e-12  5.0566811778336e-09
   0.520175985725633 1.41448487124535e-15 3.05160503409857e-12 3.66411784420333e-12  3.8297034238595e-11 2.32089181420834e-09
   0.592566046786134 1.75491315804854e-15 6.80259479288577e-13 5.43398341968593e-13 1.70922774756442e-11 1.49784507306586e-09
   0.675030238687244 1.60085460214435e-15  3.3964685482465e-13 1.80395287009903e-13 2.15271831303994e-11 3.85888641781472e-09
   0.768970523393174 5.40028764395545e-16 3.34435986476569e-13 5.68066007971853e-13 1.41167742630726e-11 3.97028058993406e-10
   0.875983966285014 5.34479458949827e-16 8.78572194173615e-13  8.3938579076346e-13 2.58468546939463e-11 6.83079905124765e-10
   0.997889887641482 6.32617499980058e-16 2.25586792950037e-13 1.86902474677272e-13 3.03330753847148e-11 6.66975332667147e-10
    1.13676079264348 6.14479318664757e-16 1.18270662319793e-12 9.95116664075211e-13 3.18726136627749e-10 1.68416139626043e-10
    1.29495760573905 4.71915996496962e-16 2.70675016970898e-12 8.64452456436975e-12 7.22161492727582e-11 2.09411934587972e-10
     1.4751698083832 8.41282398134172e-16 2.49906702991677e-12 3.14019325299672e-12 2.22293805976693e-10  1.8520132292518e-10
    1.68046116252848 5.98528589282768e-16 1.15866335490356e-12 1.65912654712329e-13 7.37318275135455e-11 2.70951635484248e-10
    1.91432179720491 5.37356800513574e-16 1.13905536384414e-12 2.20504458192824e-12 8.09765178325262e-11 1.71067353921938e-10
    2.18072754370587 4.11520724386181e-16 4.37349928680109e-13 9.00564352967054e-13 1.58027805249695e-10 2.43816195735298e-10
    2.48420752812878 7.15332546808984e-16 6.04184539941567e-14 4.01662030098748e-13 1.94953195010292e-10 2.05225752907685e-11
    2.82992117040186 6.78510128368704e-16 5.25641364812501e-13 8.17980678144455e-13 3.79748383119715e-10 3.09414685949738e-10
    3.22374589884644 7.84368144871996e-16 4.23100148281596e-13 7.24247560675766e-13 1.20648951074148e-10 1.50943613022691e-10
    3.67237707149754 5.94032718577331e-16 8.71051110669026e-13 8.34202419197212e-13 3.51996903317905e-10 9.52223249869661e-11
    4.18344180293078 1.01851546801891e-15 9.92799851239914e-14   6.241952858589e-13 2.55751087184999e-10  1.0768060720253e-10
    4.76562863174941 6.12448387491334e-16 1.57796595169738e-13 5.96970646413709e-13 1.58932541383106e-10 3.35434542749225e-10
    5.42883523318981 8.34754668011261e-16 1.58618414006537e-14 1.54743575164903e-14 2.39442867360402e-12 5.14029305983318e-11
    6.18433668808646 5.45943916206181e-16 2.59161103105364e-13  2.7470998291143e-13  4.8808916921547e-10 3.04154042327173e-11
    7.04497716891289 7.94366180275083e-16 1.64092978132124e-13 1.76628601257308e-12 5.03342985043407e-10 1.33751332458816e-11
    8.02538830172598 7.09962074039689e-16 2.45253675317439e-14 7.59678007433481e-14 2.88550731548509e-11 9.33536278140055e-11
    9.14223791635351 9.49459219848352e-16 4.16170726267026e-13 2.09822249224444e-12 1.64641099723224e-10 1.48520919334898e-11
    10.4145134137916 1.41593959370464e-15 6.79058879016945e-14 2.07233416339498e-13 8.29573633960477e-11 7.74435169464915e-10
     11.863844568301 9.78499766924781e-16 5.38267520539062e-13 3.27122772889251e-12 4.21062280982605e-10 2.32590419634544e-10
    13.5148712521137 1.11042130488091e-15 9.56371576728766e-13 1.84474141385608e-13 1.72264107621124e-09  2.3712692395054e-10
    15.3956623343867 1.38448617882561e-15 5.10709507204834e-13 2.56647661873648e-12 4.89677406704283e-10 1.51628433056392e-10
    17.5381928760426 1.12989874165642e-15 4.56043786495624e-13 5.42002066746423e-13 5.14537508277612e-10 1.91530604866096e-10
    19.9788877332196 1.12568415715243e-15 3.70691186050931e-13  4.7605921732185e-14 2.28944728916376e-10 1.05445636607704e-10
    22.7592408110556 1.96262604158357e-15 5.40112626092977e-14 2.48375893530582e-14 1.66684584595709e-10 8.87881656300878e-11
    25.9265204956506 1.15581192595991e-15 1.95911248446087e-13 1.98175366093409e-13 1.09353701124481e-09 4.48366824092886e-10
    29.5345732571566 1.29768653117359e-15 7.20331893157154e-13 3.97932636961312e-12 8.86914711057268e-10  4.4733107203075e-10
    33.6447390859365 1.79984041404385e-15 2.64664745898283e-13 1.23820495422444e-12 5.18820715625879e-10  4.2239086144242e-09
    38.3268943249908 1.58452812069092e-15 4.34221644246468e-14 1.15957852172525e-13 1.33937024965163e-10 1.25764683674618e-10
    43.6606396276985  1.4196547834729e-15 1.04438865730383e-12 2.29448783954783e-13 2.90445530028066e-09 8.61533317987711e-10
    49.7366532371709 2.19867694293506e-15 9.80980691057974e-14 2.01060963176354e-13 3.81804756916089e-10 8.42970457676478e-11
    56.6582325941287 7.68032118650143e-16 4.37839610030425e-13 6.71703393370921e-13 4.96857789729584e-10 1.93925178446405e-09
    64.5430504819586 2.09567262808078e-15 3.38549274017393e-13 3.20618748006642e-13 4.08318959959968e-10  1.7426194774032e-09
    73.5251555649188 2.08908609413723e-15 2.84642760478971e-13  2.2109737343139e-12 4.89645315558735e-10 3.62347032106819e-11
    83.7572513303596 1.95428976696476e-15 3.69726178052902e-13 9.00838096497572e-14 0.000152509269902882  0.00010404474337458
     95.413292178932 1.37315710263777e-15 9.46342215057027e-13 2.58334862207721e-12    0.562780804587932    0.952144979432021
     108.69144079854  2.3824037452275e-15 4.99294654729614e-14 6.37711214664279e-14    0.995378096139652    0.430048954458836
    123.817437099935 1.91934276553646e-15 9.83458722868818e-14 6.42130915185001e-14     1.25776215695976     1.03244471998173
    141.048435988735   1.364693129921e-15   2.565200573996e-14 2.86514544760516e-14    0.838781250379089    0.683450004768766
    160.677379219302 1.24811176662232e-15 1.47231349719436e-15   8.147378574363e-14    0.866078070484179    0.448432997504413
    183.037975655719 6.08415709246892e-15 1.59485764296461e-15 1.43981061486502e-15    0.902469677998568     1.09386317497072
    208.510374608594 6.48207832190661e-16 1.04495491400228e-15 1.20336639377448e-14       1.267718433036    0.335816576473196
    237.527628699261 1.35704735234836e-15 3.14506553520563e-15 1.73768036860922e-14    0.891623821574244    0.815480720291301
    270.583056125634 1.55254713767146e-15 4.12677244571073e-15 3.89777668004659e-15    0.953562373605988     1.00184106697741
    308.238627494519 1.48844894591934e-15 1.70145366087567e-15 2.53017544516523e-15     1.02940837496532    0.939858212713397
    351.134519803746 1.85682387484639e-15 1.91121188857677e-15 2.14403595870537e-15     1.01367503495595    0.765932429638958
                 400 5.64886705484579e-16 1.07360349877715e-15 1.14740668749966e-15    0.973937691273959    0.399153922745686
