    1.4646475805755824e-02
    2.4014933531178626e-01
    7.2592563939321042e-01
    1.4748987075118700e+00
    2.4923341234762901e+00
    3.7856771148704325e+00
    5.3648546196714388e+00
    7.2427349163940882e+00
    9.4357883984591648e+00
    1.1965040709616240e+01
    1.4857473198979690e+01
    1.8148141075193131e+01
    2.1883505877255267e+01
    2.6126957395321163e+01
    3.0968611335452422e+01
    3.6544382808775531e+01
    4.3078370332366127e+01
    5.0998623897742696e+01
    6.1401884038403693e+01
