    9.4430315594372909e-03
    2.2435295462727736e-01
    7.0027727732354050e-01
    1.4398308937192339e+00
    2.4482195767220651e+00
    3.7328427688766506e+00
    5.3035869316153157e+00
    7.1732830932278091e+00
    9.3583663695678343e+00
    1.1879827962834359e+01
    1.4764614365428931e+01
    1.8047743939650179e+01
    2.1775637168901014e+01
    2.6011635106788475e+01
    3.0845791024440786e+01
    3.6413932210398187e+01
    4.2940017720785356e+01
    5.0851833423564074e+01
    6.1245430846636175e+01
