    2.2177579576322608e+00
    8.1485193051078708e-01
    3.7941773015385682e-01
    1.5081052765462488e-01
    4.8120139482905257e-02
    1.1993819532574232e-02
    2.2907266262862424e-03
    3.2930488271476548e-04
    3.4946486036821257e-05
    2.6760997376131429e-06
    1.4380138813739672e-07
    5.2337674117044826e-09
    1.2319326817972186e-10
    1.7618495177820314e-12
    1.4018596690666392e-14
    5.4386014019572135e-17
    8.2898606527914616e-20
    3.3012790947461277e-23
    1.2325894489853138e-27
