    1.7676847491590966e-01
    3.0047814360725517e-01
    2.6759954703817657e-01
    1.5991337213558077e-01
    6.8249379976149688e-02
    2.1239307606544400e-02
    4.8416273511483867e-03
    8.0491274738136759e-04
    9.6524720931535918e-05
    8.2073052580510426e-06
    4.8305667247307757e-07
    1.9049913611232822e-08
    4.8166846309280961e-10
    7.3482588395511068e-12
    6.2022753875726166e-14
    2.5414308430155627e-16
    4.0788612968258945e-19
    1.7077501875938344e-22
    6.7150646499082458e-27
