    1.1487102430668108e-02
    2.3064775375897792e-01
    7.1051733941085049e-01
    1.4538428114856010e+00
    2.4658539106867448e+00
    3.7539684277732861e+00
    5.3280890515976349e+00
    7.2010617447311436e+00
    9.3893357645062867e+00
    1.1913916116646160e+01
    1.4801763260153020e+01
    1.8087910317455357e+01
    2.1818794214195691e+01
    2.6057775517887329e+01
    3.0894932493430208e+01
    3.6466127580791678e+01
    4.2995375649850828e+01
    5.0910568266310612e+01
    6.1308032676897923e+01
