    3.0859694871124996e+00
    8.9689885058126195e-01
    3.9458101024819392e-01
    1.5184561202404998e-01
    4.7391479794825435e-02
    1.1619432013145361e-02
    2.1907720111364990e-03
    3.1165264421132864e-04
    3.2785550069662453e-05
    2.4920366761076190e-06
    1.3305298779930105e-07
    4.8153521429987137e-09
    1.1277830299947210e-10
    1.6056504102034449e-12
    1.2723446683325747e-14
    4.9174638961163288e-17
    7.4688198577493643e-20
    2.9640555811573198e-23
    1.1027435860674962e-27
