    2.0154809220054273e-02
    2.5614445424533133e-01
    7.5173473936982727e-01
    1.5100931947776568e+00
    2.5365443437407600e+00
    3.8385788168638206e+00
    5.4261636954645649e+00
    7.3122042146616391e+00
    9.5132057886900299e+00
    1.2050228277767376e+01
    1.4950287688379097e+01
    1.8248475895878226e+01
    2.1991295328613223e+01
    2.6242184353041498e+01
    3.1091320945671786e+01
    3.6674707854141971e+01
    4.3216582812310179e+01
    5.1145259533469236e+01
    6.1558166587027074e+01
