       -5.2202716905374826
       -4.4285328066037781
       -3.7621873519640219
       -3.1578488183476026
       -2.5911337897945428
       -2.0492317098506194
       -1.5241706193935320
       -1.0103683871343112
       -0.5035201634238881
       -0.0000000000000004
        0.5035201634238882
        1.0103683871343117
        1.5241706193935332
        2.0492317098506194
        2.5911337897945428
        3.1578488183476048
        3.7621873519640201
        4.4285328066037781
        5.2202716905374817
