    3.9886541240798747e+00
    9.5866980277400837e-01
    4.0554263289178161e-01
    1.5266567770247921e-01
    4.6940186975925967e-02
    1.1381735651315467e-02
    2.1273935676561677e-03
    3.0051154104409434e-04
    3.1428559108969386e-05
    2.3770074942858272e-06
    1.2636560095625272e-07
    4.5560775633781578e-09
    1.0634841312639659e-10
    1.5095443833133826e-12
    1.1929063730453337e-14
    4.5987588771984875e-17
    6.9681036157624093e-20
    2.7589565596225447e-23
    1.0239943094495345e-27
