    1.4057554007562651e+00
    7.0138694980688543e-01
    3.5719204215076633e-01
    1.4958388345050483e-01
    4.9476969242610212e-02
    1.2668413983148276e-02
    2.4713335324005772e-03
    3.6144250607702942e-04
    3.8912739390824035e-05
    3.0165525986841627e-06
    1.6382391297794474e-07
    6.0182750868519217e-09
    1.4283669349848527e-10
    2.0580567364140140e-12
    1.6487007625081498e-14
    6.4365047101440591e-17
    9.8690656436069679e-20
    3.9527342268369940e-23
    1.4845672961016089e-27
