        0.0000000000013263
        0.0000000021630510
        0.0000004488243147
        0.0000272091977632
        0.0006708775214072
        0.0079888667777230
        0.0508103869090523
        0.1836327013069970
        0.3916089886130305
        0.5029748882761862
        0.3916089886130298
        0.1836327013069972
        0.0508103869090520
        0.0079888667777230
        0.0006708775214072
        0.0000272091977632
        0.0000004488243147
        0.0000000021630510
        0.0000000000013263
