       -5.3874808900112381
       -4.6036824495507407
       -3.9447640401156212
       -3.3478545673832145
       -2.7888060584281291
       -2.2549740020892748
       -1.7385377121165850
       -1.2340762153953231
       -0.7374737285453945
       -0.2453407083009012
        0.2453407083009014
        0.7374737285453946
        1.2340762153953229
        1.7385377121165877
        2.2549740020892743
        2.7888060584281282
        3.3478545673832150
        3.9447640401156225
        4.6036824495507398
        5.3874808900112363
