    3.9566886158229537e+00
    9.6113424464746910e-01
    4.1630930213447792e-01
    1.6264047360752495e-01
    5.2639249446553370e-02
    1.3642542203706682e-02
    2.7717542726359832e-03
    4.3367971329915934e-04
    5.1333483416298139e-05
    4.5065636973586135e-06
    2.8664918937130326e-07
    1.2837169760336316e-08
    3.9036532268806609e-10
    7.6890676130811080e-12
    9.2058856275319453e-14
    6.1255806076026035e-16
    1.9810830978040039e-18
    2.5010192336715853e-21
    8.1442355786985921e-25
    2.4148358971568534e-29
