    1.9155351587003037e-02
    2.4341829305924734e-01
    7.1423568475097121e-01
    1.4342973313520189e+00
    2.4081469659774126e+00
    3.6421507842489564e+00
    5.1447299848732397e+00
    6.9267048084717757e+00
    9.0017795646444938e+00
    1.1387226532167631e+01
    1.4104863409380963e+01
    1.7182482294866734e+01
    2.0656004977556975e+01
    2.4572868796823158e+01
    2.8997632999172076e+01
    3.4021923611783208e+01
    3.9783793697461192e+01
    4.6510752095657544e+01
    5.4637325627064982e+01
    6.5277173855767089e+01
