    8.9728336483969173e-03
    2.1316226474606684e-01
    6.6521216324851928e-01
    1.3672962980395180e+00
    2.3238531342468249e+00
    3.5411687541188983e+00
    5.0275936234041776e+00
    6.7938830242776671e+00
    8.8536800555558752e+00
    1.1224197792818343e+01
    1.3927194921109825e+01
    1.6990402557397388e+01
    2.0449676689938119e+01
    2.4352379892943691e+01
    2.8762981078761229e+01
    3.3772988808956654e+01
    3.9520288978907985e+01
    4.6232122769734247e+01
    5.4342507486977190e+01
    6.4963770204502737e+01
