    1.3918681753019883e-02
    2.2819437072288451e-01
    6.8964534046334314e-01
    1.4007338287463276e+00
    2.3659513180915299e+00
    3.5916241056339993e+00
    5.0861381635411185e+00
    6.8602813779428580e+00
    8.9277275628993795e+00
    1.1305719492274038e+01
    1.4016045443446286e+01
    1.7086467101113573e+01
    2.0552873424292738e+01
    2.4462664436153812e+01
    2.8880354281488700e+01
    3.3897510323441963e+01
    3.9652102121047911e+01
    4.6371504792365499e+01
    5.4489990581891924e+01
    6.5120553252689120e+01
