    1.3834940175965542e+00
    6.9832944660679597e-01
    3.6445212430148755e-01
    1.5851258250865960e-01
    5.5227917527269417e-02
    1.5124084241508604e-02
    3.2087883975339955e-03
    5.2007835409119429e-04
    6.3399569267242456e-05
    5.7071585054245819e-06
    3.7097870576866426e-07
    1.6933072910543100e-08
    5.2369733358377247e-10
    1.0473142625083498e-11
    1.2713246523862519e-13
    8.5671879481432785e-16
    2.8035911929218643e-18
    3.5791749267687721e-21
    1.1782857428568482e-24
    3.5335050527146252e-29
