    2.1912593381134569e+00
    8.1410859470525754e-01
    3.8830449510655723e-01
    1.6023636994819229e-01
    5.3837400588347233e-02
    1.4347355268590115e-02
    2.9794050340911276e-03
    4.7453178920740401e-04
    5.7008240457983129e-05
    5.0683119522391576e-06
    3.2591860493141507e-07
    1.4736179520047054e-08
    4.5193614598780780e-10
    8.9699988915146279e-12
    1.0814125348661234e-13
    7.2416012815241587e-16
    2.3559198688285463e-18
    2.9909605572082185e-21
    9.7930800068410163e-25
    2.9202724282133773e-29
