    1.0915595264553017e-02
    2.1915218180518226e-01
    6.7496657992190001e-01
    1.3806561861503484e+00
    2.3406807064081097e+00
    3.5613423357444103e+00
    5.0510057729933999e+00
    6.8204393708233226e+00
    8.8832985401461926e+00
    1.1256808258938532e+01
    1.3962739069722497e+01
    1.7028834335039310e+01
    2.0490963248389154e+01
    2.4396503379542313e+01
    2.8809941749558078e+01
    3.3822810457187003e+01
    3.9573028882507160e+01
    4.6287891807339633e+01
    5.4401518556427895e+01
    6.5026502986090989e+01
