    3.0563642077774933e+00
    8.9795107561342058e-01
    4.0456173938523293e-01
    1.6159409115659010e-01
    5.3095944129470198e-02
    1.3916246875597137e-02
    2.8523534592614702e-03
    4.4949209187692297e-04
    5.3523139543813688e-05
    4.7226699410175842e-06
    3.0171437666908388e-07
    1.3563851850677007e-08
    4.1387162814192002e-10
    8.1770577391661431e-12
    9.8173671252182159e-14
    6.5491373126749767e-16
    2.1230984520410305e-18
    2.6863398305420488e-21
    8.7669057265189542e-25
    2.6053869891454180e-29
