    2.1662684999870412e+00
    8.1295999366250415e-01
    3.9629197860924609e-01
    1.6916375301258624e-01
    5.9545513528257966e-02
    1.6852167964428854e-02
    3.7718776430959787e-03
    6.5820732363564818e-04
    8.8258455866542697e-05
    8.9471581952157204e-06
    6.7276722057996572e-07
    3.6665235579825912e-08
    1.4072900543301851e-09
    3.6677124012230095e-11
    6.1884516085487909e-13
    6.3386087139900467e-15
    3.5994080033086687e-17
    9.8925783906427109e-20
    1.0537313257075519e-22
    2.8579087369419009e-26
    6.8616433534497196e-31
