    6.7257817923161545e-02
    3.5477289532351436e-01
    8.7366016677864455e-01
    1.6268699419292112e+00
    2.6186264105455472e+00
    3.8546521381097607e+00
    5.3423692806224308e+00
    7.0911688132196753e+00
    9.1127788542697008e+00
    1.1421771762378382e+01
    1.4036270697873752e+01
    1.6978952692783828e+01
    2.0278509414993735e+01
    2.3971845587151474e+01
    2.8107528600944303e+01
    3.2751497410560852e+01
    3.7997187819260972e+01
    4.3985245757142202e+01
    5.0947351189939951e+01
    5.9325994120229964e+01
    7.0255688628018973e+01
