        0.0000000000000372
        0.0000000000881861
        0.0000000257123018
        0.0000021718848981
        0.0000747839886731
        0.0012549820417264
        0.0114140658374344
        0.0601796466589124
        0.1921203240669977
        0.3816690736135019
        0.4790237031201764
        0.3816690736135022
        0.1921203240669979
        0.0601796466589123
        0.0114140658374344
        0.0012549820417264
        0.0000747839886731
        0.0000021718848981
        0.0000000257123018
        0.0000000000881861
        0.0000000000000372
