    1.3259793769624471e-02
    2.1737415924208150e-01
    6.5682773102412839e-01
    1.3337082463796428e+00
    2.2518782970074658e+00
    3.4167610444177159e+00
    4.8355097611678799e+00
    6.5172671869633767e+00
    8.4735274217291288e+00
    1.0718637308048491e+01
    1.3270497094655527e+01
    1.6151556734987814e+01
    1.9390268114954104e+01
    2.3023271739502590e+01
    2.7098828852388031e+01
    3.1682502044327016e+01
    3.6867230628164187e+01
    4.2792946115582588e+01
    4.9690175708550697e+01
    5.7999204565402522e+01
    6.8848767451735426e+01
