    1.8250336907666295e-02
    2.3189787846886689e-01
    6.8030946463393527e-01
    1.3657858619718570e+00
    2.2922362824622664e+00
    3.4651191656686944e+00
    4.8916188953562187e+00
    6.5809067429242099e+00
    8.5445035982707243e+00
    1.0796782036453058e+01
    1.3355667664283086e+01
    1.6243636190863118e+01
    1.9489166619943266e+01
    2.3128929255142385e+01
    2.7211219779765500e+01
    3.1801643028302724e+01
    3.6993193938264199e+01
    4.2925883949422591e+01
    4.9830369107335819e+01
    5.8147180857251918e+01
    6.9005699346307921e+01
