    3.0283817317821398e+00
    8.9848285911819448e-01
    4.1361449005540069e-01
    1.7086290860772185e-01
    5.8805690303246033e-02
    1.6365298112272938e-02
    3.6147740666157896e-03
    6.2403296449810796e-04
    8.2926350386663719e-05
    8.3424070448668955e-06
    6.2314435011467509e-07
    3.3763678077538991e-08
    1.2892428753755849e-09
    3.3445177456506672e-11
    5.6194854991256605e-13
    5.7337600920841108e-15
    3.2443861308248742e-17
    8.8871760763788614e-20
    9.4363480455583118e-23
    2.5513386752022369e-26
    6.1056599787251164e-31
