       -5.5503518732646775
       -4.7739923434112166
       -4.1219955474918368
       -3.5319728771376773
       -2.9799912077045994
       -2.4535521245128371
       -1.9449629491862543
       -1.4489342506507319
       -0.9614996344183692
       -0.4794507070791078
       -0.0000000000000001
        0.4794507070791078
        0.9614996344183693
        1.4489342506507326
        1.9449629491862541
        2.4535521245128376
        2.9799912077045980
        3.5319728771376773
        4.1219955474918377
        4.7739923434112184
        5.5503518732646793
