    3.9264305941145792e+00
    9.6299332254679360e-01
    4.2612863711903542e-01
    1.7214842453411422e-01
    5.8353136034381900e-02
    1.6056219714987687e-02
    3.5150634779143436e-03
    6.0244019479637043e-04
    7.9574467328827567e-05
    7.9641181585499985e-06
    5.9224535833069185e-07
    3.1964479606836146e-08
    1.2163227334740330e-09
    3.1455692168288773e-11
    5.2703698411031606e-13
    5.3637281437458520e-15
    3.0277940767194086e-17
    8.2754048554242731e-20
    8.7681118409144462e-23
    2.3657259651955639e-26
    5.6491427054787037e-31
