    8.5472402152299027e-03
    2.0303573922423468e-01
    6.3349957426755243e-01
    1.3017555345615950e+00
    2.2116189107209649e+00
    3.3684773228690896e+00
    4.7794526959972288e+00
    6.4536590249568739e+00
    8.4025634305776364e+00
    1.0640486855764147e+01
    1.3185304042712445e+01
    1.6059439056108374e+01
    1.9291316542933536e+01
    2.2917547096895376e+01
    2.6986357414195329e+01
    3.1563267733221526e+01
    3.6741161625255202e+01
    4.2659890534578054e+01
    4.9549852627221256e+01
    5.7851086444603595e+01
    6.8691680553120776e+01
