    1.3625760281113526e+00
    6.9503125823873368e-01
    3.7085972909443843e-01
    1.6691238142400142e-01
    6.0945239372419524e-02
    1.7729385960853959e-02
    4.0552967777504724e-03
    7.2031411208136340e-04
    9.8028694474710409e-05
    1.0064061716135765e-05
    7.6508708448423088e-07
    4.2099569671094309e-08
    1.6297334556463568e-09
    4.2801369585510302e-11
    7.2721425462428407e-13
    7.4961378387661434e-15
    4.2818578175720356e-17
    1.1833372435257324e-19
    1.2671168179361441e-22
    3.4544636742063203e-26
    8.3388816734986558e-31
