    1.0398260654103948e-02
    2.0874896135452850e-01
    6.4281241373999776e-01
    1.3145216230045798e+00
    2.2277108263997802e+00
    3.3877818815639511e+00
    4.8018692779214796e+00
    6.4790985328421629e+00
    8.4309475811185148e+00
    1.0671747745459395e+01
    1.3219383988457658e+01
    1.6096290746278992e+01
    1.9330903576033133e+01
    2.2959845049466558e+01
    2.7031355694799323e+01
    3.1610972704415190e+01
    3.6791601960287146e+01
    4.2713126950416452e+01
    4.9605997478341315e+01
    5.7910350771922104e+01
    6.8754533975523685e+01
