    1.7426982416667659e-02
    2.2141947387467112e-01
    6.4946750620650595e-01
    1.3035519040142267e+00
    2.1870607307147449e+00
    3.3047110785439946e+00
    4.6626849936259589e+00
    6.2688304897484777e+00
    8.1329377049480520e+00
    1.0267115166251228e+01
    1.2686305332607386e+01
    1.5409000544301556e+01
    1.8458257299598461e+01
    2.1863171483046706e+01
    2.5661096956853779e+01
    2.9901125521350988e+01
    3.4649845118825972e+01
    4.0001552361800982e+01
    4.6098136975088728e+01
    5.3173291652881701e+01
    6.1673362806071822e+01
    7.2742981250560717e+01
