    1.5470198763989376e-01
    2.7417508232856674e-01
    2.6340970153563042e-01
    1.7593460926307275e-01
    8.7125622172210510e-02
    3.2752687896538728e-02
    9.4249002569983514e-03
    2.0773357526546179e-03
    3.4916737149229932e-04
    4.4382193140661433e-05
    4.2142299011045969e-06
    2.9406682461301495e-07
    1.4761938263897509e-08
    5.1864230257248444e-10
    1.2305262515544033e-11
    1.8804655096314600e-13
    1.7355641391268164e-15
    8.8314023083277497e-18
    2.1607186468181890e-20
    2.0311199675833264e-23
    4.7979035209907892e-27
    9.7802465066837356e-32
