    3.8977184195257433e+00
    9.6434369989647517e-01
    4.3510051391906368e-01
    1.8120115629538616e-01
    6.4049874932650727e-02
    1.8603461492028926e-02
    4.3561700683509052e-03
    8.1020147701557155e-04
    1.1802695579627571e-04
    1.3269528178528415e-05
    1.1323410516809771e-06
    7.1917856774089914e-08
    3.3200314919549735e-09
    1.0818021921421002e-10
    2.3971122166768777e-12
    3.4410987900251991e-14
    2.9976635992870039e-16
    1.4453218967211759e-18
    3.3606593284989120e-21
    3.0082984281532738e-24
    6.7709004480373689e-28
    1.3117480922090979e-32
