    8.1601916614661950e-03
    1.9382837252655893e-01
    6.0467961082437094e-01
    1.2422390499199119e+00
    2.1098104595369169e+00
    3.2120479772169443e+00
    4.5550781797734441e+00
    6.1466982582978771e+00
    7.9966507662585968e+00
    1.0116998781012679e+01
    1.2522640385942683e+01
    1.5232023470551834e+01
    1.8268158638846579e+01
    2.1660092665324875e+01
    2.5445124604052751e+01
    2.9672282002720145e+01
    3.4408073006138686e+01
    3.9746688078957632e+01
    4.5829863235518886e+01
    5.2891042056024986e+01
    6.1376093206875780e+01
    7.2428393668683057e+01
