    9.9277446459498670e-03
    1.9928934838783000e-01
    6.1358919239868959e-01
    1.2544620713009489e+00
    2.1252287555340059e+00
    3.2305560338078823e+00
    4.5765816381282178e+00
    6.1711129817329882e+00
    8.0239021870074687e+00
    1.0147021467630729e+01
    1.2555377823474378e+01
    1.5267428071330809e+01
    1.8306192027749255e+01
    2.1700726320304334e+01
    2.5488340994010770e+01
    2.9718076475704489e+01
    3.4456456899024218e+01
    3.9797693990472823e+01
    4.5883554545833121e+01
    5.2947532023582532e+01
    6.1435590735768955e+01
    7.2491358672169653e+01
