    2.1426380429609111e+00
    8.1148417358586755e-01
    4.0348105699544168e-01
    1.7760935106941311e-01
    6.5212700255235678e-02
    1.9487316441747463e-02
    4.6663927018752291e-03
    8.8387432436042436e-04
    1.3073757299648397e-04
    1.4890842291642315e-05
    1.2850758165508151e-06
    8.2428306942325544e-08
    3.8387228569504453e-09
    1.2606741217424228e-10
    2.8133837955841367e-12
    4.0649485174875910e-14
    3.5623551311474665e-16
    1.7271756130120682e-18
    4.0371580574879899e-21
    3.6321046528839930e-24
    8.2156271912901858e-28
    1.5999678836318027e-32
