    3.0018664215459165e+00
    8.9858307730233700e-01
    4.2183956957152074e-01
    1.7966570301515941e-01
    6.4488816802611898e-02
    1.8946637763599197e-02
    4.4766502990252902e-03
    8.3873686817422779e-04
    1.2293466552314706e-04
    1.3893621515827221e-05
    1.1909660890635264e-06
    7.5941614803225537e-08
    3.5181303151800073e-09
    1.1499676657930713e-10
    2.5554281293608872e-12
    3.6779190748858756e-14
    3.2116552177695092e-16
    1.5519573201596649e-18
    3.6162072690815217e-21
    3.2435897929109792e-24
    7.3150243028364831e-28
    1.4201295625837437e-32
