    1.3428659858890535e+00
    6.9155432929490335e-01
    3.7651651195478547e-01
    1.7480507802042358e-01
    6.6597415146480848e-02
    2.0461633010343587e-02
    5.0084362216191941e-03
    9.6583195263317070e-04
    1.4502286352290972e-04
    1.6731151171150626e-05
    1.4600398592747814e-06
    9.4570032938463208e-08
    4.4425295871506395e-09
    1.4703636217502348e-10
    3.3045278407644435e-12
    4.8054002649428118e-14
    4.2363129131855458e-16
    2.0653196375444483e-18
    4.8527753717108483e-21
    4.3877791988967013e-24
    9.9740327649347759e-28
    1.9525170772472499e-32
