    1.2660468239699052e-02
    2.0753434193391015e-01
    6.2699855269146065e-01
    1.2728336933008231e+00
    2.1483859850402807e+00
    3.2583411528351798e+00
    4.6088536084356475e+00
    6.2077460458216365e+00
    8.0647848925790342e+00
    1.0192056023598838e+01
    1.2604479774763711e+01
    1.5320526318988710e+01
    1.8363229260023175e+01
    2.1761659975890730e+01
    2.5553144970495246e+01
    2.9786743962515224e+01
    3.4529005041283661e+01
    3.9874171795773279e+01
    4.5964057156986840e+01
    5.3032229348738568e+01
    6.1524796060743967e+01
    7.2585761569320383e+01
