    2.9766834009106495e+00
    8.9832417090998440e-01
    4.2932474061572590e-01
    1.8801947525356988e-01
    7.0119404492967607e-02
    2.1641042372746000e-02
    5.4352079235725874e-03
    1.0964465249139453e-03
    1.7551260702267327e-04
    2.2011988703027638e-05
    2.1324629247337123e-06
    1.5697328432708218e-07
    8.6093592697573188e-09
    3.4351344967044845e-10
    9.6796653137449078e-12
    1.8550704116542144e-13
    2.3020523427257487e-15
    1.7313247643042717e-17
    7.1890354490705501e-20
    1.4335938850900439e-22
    1.0928648336341807e-25
    2.0686385940277308e-29
    3.2801861093927913e-34
