    9.4979667416462011e-03
    1.9065044903586506e-01
    5.8691283397560690e-01
    1.1996737485914568e+00
    2.0318283963095607e+00
    3.0874371949921349e+00
    4.3718210236650439e+00
    5.8917161512012850e+00
    7.6554868343495874e+00
    9.6734116755046813e+00
    1.1958069849673334e+01
    1.4524867122805176e+01
    1.7392763667732744e+01
    2.0585302845958807e+01
    2.4132105543242542e+01
    2.8071115808797487e+01
    3.2452121901313156e+01
    3.7342581638593266e+01
    4.2837954091702585e+01
    4.9081818172918517e+01
    5.6310610755870982e+01
    6.4975948593001803e+01
    7.6236303734022741e+01
