    6.1532037757518129e-02
    3.2451132915455033e-01
    7.9887396869298244e-01
    1.4868863342222018e+00
    2.3917558297927650e+00
    3.5177974425035252e+00
    4.8705603687334511e+00
    6.4569913067677414e+00
    8.2856518925980041e+00
    1.0367009043445767e+01
    1.2713825028162592e+01
    1.5341687572888512e+01
    1.8269742393895982e+01
    2.1521727850814166e+01
    2.5127477130115498e+01
    2.9125175108751026e+01
    3.3564896563116449e+01
    3.8514459677180710e+01
    4.4069807814871211e+01
    5.0375226603043764e+01
    5.7668304350434127e+01
    6.6402873068345173e+01
    7.7743227284712304e+01
