        0.0000000000000010
        0.0000000000034083
        0.0000000013596297
        0.0000001555339329
        0.0000072492959180
        0.0001655616991419
        0.0020695678749606
        0.0152070840044841
        0.0688902894290871
        0.1986448985780222
        0.3721438248775656
        0.4581965855932128
        0.3721438248775648
        0.1986448985780224
        0.0688902894290872
        0.0152070840044840
        0.0020695678749606
        0.0001655616991419
        0.0000072492959180
        0.0000001555339329
        0.0000000013596297
        0.0000000000034083
        0.0000000000000010
