    3.8704118360191080e+00
    9.6526466607126027e-01
    4.4331255038027717e-01
    1.8981386055681648e-01
    6.9703336362214291e-02
    2.1265598463042736e-02
    5.2925598253867204e-03
    1.0597813476360834e-03
    1.6859449676196958e-04
    2.1032804395930668e-05
    2.0282881224488017e-06
    1.4870584294932654e-07
    8.1268863498736779e-09
    3.2322831204747778e-10
    9.0817928923027228e-12
    1.7359137733771430e-13
    2.1489771210712879e-15
    1.6125767654206530e-17
    6.6818955460676554e-20
    1.3298112216116504e-22
    1.0118036624962329e-25
    1.9115579292747504e-29
    3.0250176427996260e-34
