    1.3242471061994283e+00
    6.8794749049038295e-01
    3.8151048093432355e-01
    1.8221497385230020e-01
    7.2159493636874433e-02
    2.3299250360886762e-02
    6.0642788274269032e-03
    1.2595693849367744e-03
    2.0661484175504667e-04
    2.6459484168534785e-05
    2.6101664450175791e-06
    1.9521804431895483e-07
    1.0859215436132618e-08
    4.3880367247036010e-10
    1.2507213362484837e-11
    2.4221280513594734e-13
    3.0347578602590351e-15
    2.3028092140190862e-17
    9.6421995065037984e-20
    1.9380720246975268e-22
    1.4887641770765568e-25
    2.8394397453030962e-29
    4.5385911096591356e-34
