    1.2112977825359411e-02
    1.9854736002818882e-01
    5.9976654944348817e-01
    1.2172970218716546e+00
    2.0540569494751706e+00
    3.1141236679299635e+00
    4.4028329447188588e+00
    5.9269346823716482e+00
    7.6948058780320290e+00
    9.7167372529785361e+00
    1.2005319732282198e+01
    1.4575970727248430e+01
    1.7447662253042829e+01
    2.0643950083467203e+01
    2.4194468582825458e+01
    2.8137177052836773e+01
    3.2521881858854933e+01
    3.7416063549912593e+01
    4.2915211699716096e+01
    4.9162949682305808e+01
    5.6395786756287279e+01
    6.5065478872156532e+01
    7.6330863864388988e+01
