    1.6674712649248233e-02
    2.1184772573803612e-01
    6.2130662091412581e-01
    1.2467667604602541e+00
    2.0911840734509899e+00
    3.1586639279781061e+00
    4.4545667643081899e+00
    5.9856650797571245e+00
    7.7603569909890204e+00
    9.7889533155234147e+00
    1.2084064471015070e+01
    1.4661127196214007e+01
    1.7539133169758657e+01
    2.0741658784995259e+01
    2.4298360807343503e+01
    2.8247223898933065e+01
    3.2638084542930685e+01
    3.7538461111136023e+01
    4.3043893944662798e+01
    4.9298080432964518e+01
    5.6537650350529695e+01
    6.5214591422166151e+01
    7.6488350562248741e+01
