    2.1202404726706066e+00
    8.0974406608709903e-01
    4.0995964147686559e-01
    1.8559288734361709e-01
    7.0813380101501178e-02
    2.2232721377588853e-02
    5.6597655407617260e-03
    1.1544121223065109e-03
    1.8650598595900550e-04
    2.3575823363751243e-05
    2.2996189593785460e-06
    1.7029606257548834e-07
    9.3899080514817763e-09
    3.7644889286853337e-10
    1.0653589206664600e-11
    2.0497655440299067e-13
    2.5528752943920212e-15
    1.9264143839419486e-17
    8.0242835402071252e-20
    1.6049272335576413e-22
    1.2269952434016053e-25
    2.3291521685041887e-29
    3.7044031979773402e-34
