    7.8066784521277884e-03
    1.8542037578919221e-01
    5.7837297987608804e-01
    1.1879493200862283e+00
    2.0170292620742671e+00
    3.0696619245515384e+00
    4.3511582313045869e+00
    5.8682453320948031e+00
    7.6292789622230961e+00
    9.6445296196546266e+00
    1.1926568623410366e+01
    1.4490793955515592e+01
    1.7356157875453238e+01
    2.0546195452913420e+01
    2.4090518572128424e+01
    2.8027061098815462e+01
    3.2405599205512708e+01
    3.7293575540165499e+01
    4.2786428821108629e+01
    4.9027708297503068e+01
    5.6253802554817476e+01
    6.4916235491061869e+01
    7.6173235158821001e+01
