    1.3066180629516986e+00
    6.8424940508558629e-01
    3.8591797798514454e-01
    1.8916757909817367e-01
    7.7612072991963460e-02
    2.6222101196712862e-02
    7.2177420704025537e-03
    1.6037068860723261e-03
    2.8497881726175905e-04
    4.0092682019413725e-05
    4.4142643924898771e-06
    3.7523812452246235e-07
    2.4232488077658391e-08
    1.1658797123941949e-09
    4.0801395500061720e-11
    1.0080729517702930e-12
    1.6927749003806470e-14
    1.8384572236113963e-16
    1.2078167897470361e-18
    4.3683057897179283e-21
    7.5532601724254062e-24
    4.9571007373174716e-27
    7.9784350043601051e-31
    1.0478803589903512e-35
