    2.0989648326855850e+00
    8.0779073009822044e-01
    4.1580448017975030e-01
    1.9313581303921840e-01
    7.6327253867468456e-02
    2.5069496130155165e-02
    6.7476940836754947e-03
    1.4720191727633765e-03
    2.5758199023359396e-04
    3.5764384109523463e-05
    3.8929676798030389e-06
    3.2761734503767917e-07
    2.0969225942872402e-08
    1.0008360543253458e-09
    3.4772957188060883e-11
    8.5348195093882034e-13
    1.4245285896472740e-14
    1.5384776737036955e-16
    1.0054661044481696e-18
    3.6185970664941184e-21
    6.2276336542178772e-24
    4.0685627584247047e-27
    6.5187236899542890e-31
    8.5205330149650488e-36
