       -6.0159255614257443
       -5.2593829276680388
       -4.6256627564237869
       -4.0536644024481499
       -3.5200068130345272
       -3.0125461375655633
       -2.5238810170114276
       -2.0490035736616981
       -1.5842500109616937
       -1.1267608176112449
       -0.6741711070372120
       -0.2244145474725155
        0.2244145474725153
        0.6741711070372123
        1.1267608176112454
        1.5842500109616942
        2.0490035736616989
        2.5238810170114263
        3.0125461375655638
        3.5200068130345250
        4.0536644024481516
        4.6256627564237869
        5.2593829276680450
        6.0159255614257434
