    3.8443884055739028e+00
    9.6582170916009380e-01
    4.5084172842645470e-01
    1.9800395162415249e-01
    7.5292412308788539e-02
    2.4024931620263982e-02
    6.3206389529507339e-03
    1.3533854931954145e-03
    2.3315259163661395e-04
    3.1943555536508806e-05
    3.4370907740648618e-06
    2.8633003819131105e-07
    1.8162171162679218e-08
    8.5988523961554424e-10
    2.9658489292137611e-11
    7.2312593771442643e-13
    1.1996096981629222e-14
    1.2882729995162597e-16
    8.3752375573296038e-19
    2.9992780848512775e-21
    5.1374584489373258e-24
    3.3410218804576839e-27
    5.3287027401318121e-31
    6.9314631127589784e-36
