    2.9527150729983709e+00
    8.9776558090379643e-01
    4.3614691562024149e-01
    1.9594325368328677e-01
    7.5676658946545586e-02
    2.4430345009874632e-02
    6.4865779516358581e-03
    1.3993658805791312e-03
    2.4259129804122737e-04
    3.3415212764768407e-05
    3.6121690692903852e-06
    3.0214389634062623e-07
    1.9234693916410886e-08
    9.1361891452300063e-10
    3.1604215054349000e-11
    7.7262346243424396e-13
    1.2848626463218084e-14
    1.3829536565948917e-16
    9.0097669230144675e-19
    3.2329286854116855e-21
    5.5481697141662672e-24
    3.6147388228397816e-27
    5.7758003392203150e-31
    7.5276119725579464e-36
