    7.4825231036771888e-03
    1.7771192058169097e-01
    5.5426404448079158e-01
    1.1382241748206694e+00
    1.9321178317138248e+00
    2.9394904198947427e+00
    4.1649776401781748e+00
    5.6144272544556548e+00
    7.2950655030566232e+00
    9.2157188546040452e+00
    1.1387108950099826e+01
    1.3822247570539034e+01
    1.6536972205927135e+01
    1.9550685071733199e+01
    2.2887395978690595e+01
    2.6577235627653032e+01
    3.0658728482884797e+01
    3.5182355569872982e+01
    4.0216448427038245e+01
    4.5857642899838908e+01
    5.2251237964813697e+01
    5.9636476121280815e+01
    6.8470375541541713e+01
    7.9925609421196100e+01
