    9.1038556853469035e-03
    1.8272983455074970e-01
    5.6246367998251134e-01
    1.1494892184803673e+00
    1.9463458770385145e+00
    2.9565891993952076e+00
    4.1848638123890654e+00
    5.6370256534668117e+00
    7.3203085939807284e+00
    9.2435463392472546e+00
    1.1417467508773921e+01
    1.3855090742077255e+01
    1.6572260420142854e+01
    1.9588385862895855e+01
    2.2927484429292065e+01
    2.6619695124834305e+01
    3.0703551926729627e+01
    3.5229547277125469e+01
    4.0266027180047537e+01
    4.5909647036271537e+01
    5.2305734484915263e+01
    5.9693578865512038e+01
    6.8530288629212507e+01
    7.9988774447953190e+01
