    1.1610876466983871e-02
    1.9030687702096130e-01
    5.7480603668665786e-01
    1.1664229135133288e+00
    1.9677177668848296e+00
    2.9822613259849331e+00
    4.2147115694614410e+00
    5.6709366593429120e+00
    7.3581818771343457e+00
    9.2852917500937497e+00
    1.1463005335641217e+01
    1.3904351534152800e+01
    1.6625185038666917e+01
    1.9644925803440447e+01
    2.2987602489023129e+01
    2.6683366538280364e+01
    3.0770766178790836e+01
    3.5300310958496773e+01
    4.0340368559432633e+01
    4.5987623692007816e+01
    5.2387446959621897e+01
    5.9779197918935616e+01
    6.8620120362042854e+01
    8.0083480978876594e+01
