    1.5984702710750649e-02
    2.0306976504905253e-01
    5.9549109703291792e-01
    1.1947420208185582e+00
    2.0034170360298731e+00
    3.0251120411189936e+00
    4.2645071463738331e+00
    5.7274907770543244e+00
    7.4213271315345466e+00
    9.3548786841475753e+00
    1.1538901808782036e+01
    1.3986442435337462e+01
    1.6713372378541315e+01
    1.9739129257053484e+01
    2.3087760512263308e+01
    2.6789438263845163e+01
    3.0882734439386894e+01
    3.5418187045470404e+01
    4.0464199839917896e+01
    4.6117506320461288e+01
    5.2523548618938193e+01
    5.9921803205627036e+01
    6.8769739235058893e+01
    8.0241216237446210e+01
