        0.0000000000000002
        0.0000000000006585
        0.0000000003046254
        0.0000000401897117
        0.0000021582457049
        0.0000568869163640
        0.0008236924826884
        0.0070483558100727
        0.0374454705032307
        0.1277396217845592
        0.2861795353464429
        0.4269311638686993
        0.4269311638686997
        0.2861795353464434
        0.1277396217845587
        0.0374454705032307
        0.0070483558100727
        0.0008236924826884
        0.0000568869163640
        0.0000021582457049
        0.0000000401897117
        0.0000000003046254
        0.0000000000006585
        0.0000000000000002
