       -6.1642724340524513
       -5.4136363552800377
       -4.7853203673522202
       -4.2186094443865567
       -3.6902828769983587
       -3.1882949244251031
       -2.7053202371730278
       -2.2364201302672817
       -1.7780011243371470
       -1.3272807020730839
       -0.8819827562138212
       -0.4401472986453081
       -0.0000000000000000
        0.4401472986453085
        0.8819827562138218
        1.3272807020730857
        1.7780011243371467
        2.2364201302672817
        2.7053202371730247
        3.1882949244251058
        3.6902828769983556
        4.2186094443865585
        4.7853203673522238
        5.4136363552800359
        6.1642724340524548
