    2.9298583318959026e+00
    8.9695637958796837e-01
    4.4237363093942750e-01
    2.0345713658739942e-01
    8.1144133057033635e-02
    2.7297634651178536e-02
    7.6260656967596192e-03
    1.7490702196613556e-03
    3.2601797880725509e-04
    4.8888139453051188e-05
    5.8339095026200748e-06
    5.4725136917947709e-07
    3.9785752884555140e-08
    2.2045230601180144e-09
    9.1248338605896414e-11
    2.7530473582332493e-12
    5.8729209564504739e-14
    8.5223505723889663e-16
    7.9994469899648859e-18
    4.5383709402774177e-20
    1.4145499692622898e-22
    2.0998616944395072e-25
    1.1752610195263558e-28
    1.5936281778865619e-32
    1.7170943527554853e-37
