    2.0787140120373717e+00
    8.0566582174179113e-01
    4.2108271496071709e-01
    2.0026036993748608e-01
    8.1738479389336371e-02
    2.7980139485750382e-02
    7.9250440091721587e-03
    1.8382272599647832e-03
    3.4588850919483824e-04
    5.2288394823581643e-05
    6.2835535967541025e-06
    5.9307179338901729e-07
    4.3353425715318554e-08
    2.4140127677383589e-09
    1.0036306425912848e-10
    3.0402866876234384e-12
    6.5097100006320429e-14
    9.4787409891528846e-16
    8.9254770850180878e-18
    5.0788501752718877e-20
    1.5874783463835440e-22
    2.3629344571742313e-25
    1.3259741372087766e-28
    1.8027189001075183e-32
    1.9478288472217623e-37
