    1.2898904350926221e+00
    6.8049079271038027e-01
    3.8980537276912564e-01
    1.9568871190673617e-01
    8.2940393393855782e-02
    2.9211666442072667e-02
    8.4629028313161336e-03
    1.9996898923682728e-03
    3.8217212917330482e-04
    5.8548184025530331e-05
    7.1176897411427111e-06
    6.7867316566154249e-07
    5.0061565012454526e-08
    2.8102359694673797e-09
    1.1769599218415042e-10
    3.5892456086991137e-12
    7.7323517638810925e-14
    1.1322941546295213e-15
    1.0718346598273192e-17
    6.1292467711698781e-20
    1.9247734253891573e-22
    2.8778407707970546e-25
    1.6219640727037299e-28
    2.2147598063353471e-32
    2.4041820853670672e-37
