    1.1148744388632384e-02
    1.8272353897852520e-01
    5.5184369345385220e-01
    1.1196457607826664e+00
    1.8883883719291794e+00
    2.8612168471844934e+00
    4.0422228564915885e+00
    5.4365425280669841e+00
    7.0504889276949845e+00
    8.8917266020654679e+00
    1.0969500767098546e+01
    1.3294939651035714e+01
    1.5881457324421438e+01
    1.8745298184264307e+01
    2.1906286756890321e+01
    2.5388884470128254e+01
    2.9223721990148427e+01
    3.3449899771529289e+01
    3.8118593597120096e+01
    4.3299019056527264e+01
    4.9089011147506390e+01
    5.5635630887903254e+01
    6.3181005222239961e+01
    7.2187717392421902e+01
    8.3843085909728458e+01
