    1.3752601422934904e-01
    2.5164527376490931e-01
    2.5617600280975300e-01
    1.8621549036243448e-01
    1.0319984810752147e-01
    4.4714161129933865e-02
    1.5305232886395449e-02
    4.1524146328770504e-03
    8.9209907325967636e-04
    1.5115601916424089e-04
    2.0065531801933035e-05
    2.0677743964318608e-06
    1.6346520222911233e-07
    9.7660150621243058e-09
    4.3277207941849302e-10
    1.3896009633894829e-11
    3.1389227925398783e-13
    4.8026148226042248e-15
    4.7358853648072722e-17
    2.8142053798431911e-19
    9.1649543959911891e-22
    1.4189400094972518e-24
    8.2736519440993673e-28
    1.1688817115428013e-31
    1.3158315000591405e-36
