    5.6704775452708377e-02
    2.9901089858699453e-01
    7.3590955543502112e-01
    1.3691831160351911e+00
    2.2013260537214601e+00
    3.2356758035580331e+00
    4.4764966150738363e+00
    5.9290837627004507e+00
    7.5998993099567524e+00
    9.4967492209324398e+00
    1.1629014911778754e+01
    1.4007957976545070e+01
    1.6647125597288788e+01
    1.9562898011469063e+01
    2.2775241986835034e+01
    2.6308772390968898e+01
    3.0194291163316120e+01
    3.4471097571922037e+01
    3.9190608803937423e+01
    4.4422349336162029e+01
    5.0264574993833556e+01
    5.6864967173940137e+01
    6.4466670615954115e+01
    7.3534234792100122e+01
    8.5260155562495939e+01
