    7.1842143225522882e-03
    1.7061914548800736e-01
    5.3208798514461653e-01
    1.0925091529047883e+00
    1.8541096298276187e+00
    2.8200119095196232e+00
    3.9942875994967317e+00
    5.3820544553717413e+00
    6.9896084063874682e+00
    8.8245977813283378e+00
    1.0896252217423251e+01
    1.3215684727383524e+01
    1.5796294233970590e+01
    1.8654309715327415e+01
    2.1809539593180872e+01
    2.5286427965532010e+01
    2.9115586199413503e+01
    3.3336092394403977e+01
    3.7999095239598830e+01
    4.3173775710537534e+01
    4.8957921704347974e+01
    5.5498524866246555e+01
    6.3037598397365613e+01
    7.2037505883150445e+01
    8.3684987538993113e+01
