        0.0000000000000000
        0.0000000000001259
        0.0000000000671964
        0.0000000101703825
        0.0000006257032500
        0.0000189159729573
        0.0003150836387455
        0.0031157087201256
        0.0192430989654090
        0.0768889951758087
        0.2036211366781244
        0.3630889892758902
        0.4398687221694845
        0.3630889892758915
        0.2036211366781239
        0.0768889951758085
        0.0192430989654089
        0.0031157087201256
        0.0003150836387455
        0.0000189159729573
        0.0000006257032500
        0.0000000101703825
        0.0000000000671964
        0.0000000000001259
        0.0000000000000000
