    1.5349530447970470e-02
    1.9499072193892777e-01
    5.7173912554695772e-01
    1.1469009745156604e+00
    1.9227660937707240e+00
    2.9025024995346747e+00
    4.0902217987166560e+00
    5.4910783730351307e+00
    7.1114023158065676e+00
    8.9588742932809478e+00
    1.1042755011646307e+01
    1.3374187835010337e+01
    1.5966601909543574e+01
    1.8836256985231770e+01
    2.2002993632163104e+01
    2.5491290550970422e+01
    2.9331797652405566e+01
    3.3563637692355790e+01
    3.8238013492470515e+01
    4.3424175197032717e+01
    4.9220004835254564e+01
    5.5772632708419479e+01
    6.3324299372299230e+01
    7.2337807486146701e+01
    8.4001053245789024e+01
