    8.7411484124354615e-03
    1.7544144930395714e-01
    5.3997350870991778e-01
    1.1033495560525186e+00
    1.8678092402680500e+00
    2.8364841922856101e+00
    4.0134540570858492e+00
    5.4038439527122382e+00
    7.0139566757461633e+00
    8.8514470537861278e+00
    1.0925550966088576e+01
    1.3247387521118076e+01
    1.5830361709409203e+01
    1.8690708684568250e+01
    2.1848243317476950e+01
    2.5327416644926711e+01
    2.9158847760169007e+01
    3.3381623711242227e+01
    3.8046904031354515e+01
    4.3223883548816019e+01
    4.9010369009324151e+01
    5.5553379817870571e+01
    6.3094974688827371e+01
    7.2097605098961111e+01
    8.3748242655484475e+01
