    3.8195406500807825e+00
    9.6606926113360714e-01
    4.5775581274673482e-01
    2.0579009615874480e-01
    8.0800269454456536e-02
    2.6864935331194620e-02
    7.4359928751107311e-03
    1.6926151067864165e-03
    3.1349998868090891e-04
    4.6756940690070799e-05
    5.5534263742623407e-06
    5.1879444086653298e-07
    3.7578934953065419e-08
    2.0754177131413439e-09
    8.5650036499590237e-11
    2.5771728253914883e-12
    5.4841433137503824e-14
    7.9400135727573142e-16
    7.4370122292403214e-18
    4.2108820018419331e-20
    1.3100044442851703e-22
    1.9411624512632508e-25
    1.0845349864536590e-28
    1.4680269191842434e-32
    1.5788058592565600e-37
