    1.3261688414760289e-01
    2.4486736801628842e-01
    2.5339202212712658e-01
    1.8864598364175994e-01
    1.0791234164258881e-01
    4.8656565448922134e-02
    1.7482137978489600e-02
    5.0249838368313440e-03
    1.1552691607496170e-03
    2.1179115830035966e-04
    3.0792526041715226e-05
    3.5234400910243995e-06
    3.1415563253592631e-07
    2.1554568144037196e-08
    1.1204781176704838e-09
    4.3290024051369242e-11
    1.2136891598371933e-12
    2.3960742232612780e-14
    3.2052185598316439e-16
    2.7624941506079404e-18
    1.4330643640727457e-20
    4.0648446941134433e-23
    5.4595133227992667e-26
    2.7432209871354254e-29
    3.3002304781518990e-33
    3.0837522695855585e-38
