    2.9080223097653777e+00
    8.9593730521142001e-01
    4.4806431908394317e-01
    2.1058161177352594e-01
    8.6509039275096053e-02
    3.0227357647752116e-02
    8.8483866853535011e-03
    2.1465380574915830e-03
    4.2751490194734584e-04
    6.9265623725634341e-05
    9.0411858618004650e-06
    9.4060102931504000e-07
    7.7042196753016915e-08
    4.8976391319073310e-09
    2.3759094464606438e-10
    8.6183811273302681e-12
    2.2803117909595904e-13
    4.2672104166057020e-15
    5.4310672580884901e-17
    4.4677772299392708e-19
    2.2180413728533701e-21
    6.0337884321806993e-24
    7.7844882152801679e-27
    3.7605591502646340e-30
    4.3486650947956817e-34
    3.8947491265446685e-39
