    3.7957737395933839e+00
    9.6605282774263024e-01
    4.6411458031964137e-01
    2.1319151800087952e-01
    8.6213685574046531e-02
    2.9770364869389988e-02
    8.6336140026791637e-03
    2.0784956766588020e-03
    4.1131882637429769e-04
    6.6277425618814568e-05
    8.6100964073133159e-06
    8.9201693753279275e-07
    7.2792141375042607e-08
    4.6120942169469038e-09
    2.2306752668049822e-10
    8.0694632326908625e-12
    2.1297327960561331e-13
    3.9762295518905742e-15
    5.0498794680483103e-17
    4.1458794173229592e-19
    2.0543523103771173e-21
    5.5784879155800015e-24
    7.1846919624885717e-27
    3.4649714227229748e-30
    4.0000849248884635e-34
    3.5760796454044313e-39
