    5.4564482717909771e-02
    2.8770797910612222e-01
    7.0801601947863968e-01
    1.3170813660438379e+00
    2.1171209446284616e+00
    3.1110938788779272e+00
    4.3027708760403627e+00
    5.6968188261694630e+00
    7.2989099630701864e+00
    9.1158628972942211e+00
    1.1155824954937502e+01
    1.3428509032459194e+01
    1.5945503948143319e+01
    1.8720686145460284e+01
    2.1770774608541441e+01
    2.5116093662316729e+01
    2.8781646873450175e+01
    3.2798673218409995e+01
    3.7206982629612831e+01
    4.2058615924434541e+01
    4.7423899356281566e+01
    5.3402185197253260e+01
    6.0142775690076888e+01
    6.7891479705451218e+01
    7.7117999069332939e+01
    8.9028402750410976e+01
