    2.0594025732489971e+00
    8.0340349419371848e-01
    4.2585321705929780e-01
    2.0698893319929357e-01
    8.7034946407627253e-02
    3.0948627239501900e-02
    9.1860973834676368e-03
    2.2539383988811699e-03
    4.5321004937475912e-04
    7.4030758627041484e-05
    9.7319441797341398e-06
    1.0187966009004587e-06
    8.3910518845811329e-08
    5.3608195811476071e-09
    2.6123009731964666e-10
    9.5146554237003114e-12
    2.5268964919950657e-13
    4.7450093663204248e-15
    6.0585785486646342e-17
    4.9989504521781684e-19
    2.4887597124990653e-21
    6.7884129917006216e-24
    8.7806686945389932e-27
    4.2524900290746188e-30
    4.9299784917790085e-34
    4.4273520333604731e-39
