    6.9087792981558805e-03
    1.6407108500413592e-01
    5.1162095273182351e-01
    1.0503363881524985e+00
    1.7821910375550913e+00
    2.7099496010779447e+00
    3.8372085321513718e+00
    5.1684740957826589e+00
    6.7092682683586196e+00
    8.4662673251845106e+00
    1.0447481986922661e+01
    1.2662492116097109e+01
    1.5122754793168108e+01
    1.7842013468837489e+01
    2.0836849846146023e+01
    2.4127442864652714e+01
    2.7738637535623020e+01
    3.1701494025921715e+01
    3.6055612766027352e+01
    4.0852778123020151e+01
    4.6162985998450083e+01
    5.2085136209270345e+01
    5.8767861394345644e+01
    6.6455868984638698e+01
    7.5616729709449743e+01
    8.7450897445465728e+01
