    1.2739866521366228e+00
    6.7669612361710929e-01
    3.9323050292395972e-01
    2.0180388287120488e-01
    8.8133546448621494e-02
    3.2251117535056516e-02
    9.7932686624277471e-03
    2.4482750873768030e-03
    5.0008880203387008e-04
    8.2796061667709660e-05
    1.1012408433691697e-05
    1.1647821631190397e-06
    9.6816969764411970e-08
    6.2364045138767690e-09
    3.0616260893087314e-10
    1.1226894037976305e-11
    3.0001795375611987e-13
    5.6660723670456242e-15
    7.2731746220603684e-17
    6.0310155216382374e-19
    3.0166702295323374e-21
    8.2650488919100059e-24
    1.0736481903642701e-26
    5.2214630350540560e-30
    6.0787856018529905e-34
    5.4836222722888039e-39
