    1.0721991670291033e-02
    1.7572171269644035e-01
    5.3064842849773664e-01
    1.0764881851125276e+00
    1.8152435876123896e+00
    2.7496999936793869e+00
    3.8834719950178935e+00
    5.2210824703739824e+00
    6.7680688864264589e+00
    8.5311221561628727e+00
    1.0518267017934912e+01
    1.2739096956564969e+01
    1.5205082513624104e+01
    1.7929980700373026e+01
    2.0930387188089547e+01
    2.4226495678448895e+01
    2.7843167249944617e+01
    3.1811480155338042e+01
    3.6171055979758286e+01
    4.0973704947832758e+01
    4.6289456229878098e+01
    5.2217255165184774e+01
    5.8905801715878397e+01
    6.6599914002005974e+01
    7.5767376858742722e+01
    8.7609208233150909e+01
