    8.4062352186475443e-03
    1.6871246335014842e-01
    5.1921557316744105e-01
    1.0607830861808083e+00
    1.7954002374380096e+00
    2.7258399946230267e+00
    3.8557060769578251e+00
    5.1895114065447174e+00
    6.7327841670480311e+00
    8.4922064991385184e+00
    1.0475794739915262e+01
    1.2693134209310088e+01
    1.5155687379942217e+01
    1.7877203133787646e+01
    2.0874268767680423e+01
    2.4167069132085889e+01
    2.7780455670901929e+01
    3.1745495790909661e+01
    3.6101798389989526e+01
    4.0901158183995051e+01
    4.6213584388299338e+01
    5.2137995036265259e+01
    5.8823049705845435e+01
    6.6513500118314582e+01
    7.5677002672122143e+01
    8.7514236940968388e+01
