    1.4762908385774060e-02
    1.8753027341014070e-01
    5.4981238142997835e-01
    1.1027567636273998e+00
    1.8483945649070492e+00
    2.7895316901755667e+00
    3.9298007614342763e+00
    5.2737411671874721e+00
    6.8269057684560348e+00
    8.5960000288857703e+00
    1.0589062625986248e+01
    1.2815700595956034e+01
    1.5287397877166296e+01
    1.8017924982739139e+01
    2.1023891498131320e+01
    2.4325505836747755e+01
    2.7947645096585134e+01
    3.1921405570104906e+01
    3.6286429951023635e+01
    4.1094554273678817e+01
    4.6415840924634281e+01
    5.2349280703355390e+01
    5.9043640813845208e+01
    6.6743849943113915e+01
    7.5917906809207352e+01
    8.7767392856491838e+01
