    8.0960392102918926e-03
    1.6248082448867693e-01
    4.9999687131967041e-01
    1.0213889472380000e+00
    1.7284249459838110e+00
    2.6235722539666297e+00
    3.7100306708377704e+00
    4.9917961003939189e+00
    6.4737464823691733e+00
    8.1617533514476790e+00
    1.0062825453103390e+01
    1.2185293731761067e+01
    1.4539050958658503e+01
    1.7135865108203284e+01
    1.9989794528473723e+01
    2.3117747043426334e+01
    2.6540248077590945e+01
    3.0282521678798126e+01
    3.4376056695562333e+01
    3.8860957118192673e+01
    4.3789625093087274e+01
    4.9232853791598004e+01
    5.5290636556422882e+01
    6.2113226081673297e+01
    6.9947996538266906e+01
    7.9267680470272126e+01
    9.1286334587653585e+01
