    2.0409549855616254e+00
    8.0103187213191096e-01
    4.3016772857848606e-01
    2.1334355835146351e-01
    9.2207648882669080e-02
    3.3960431754566860e-02
    1.0524763327050535e-02
    2.7194767691560021e-03
    5.8116017415284617e-04
    1.0190590570704470e-04
    1.4539392102835627e-05
    1.6722382927706063e-06
    1.5341425823334380e-07
    1.1090178888391742e-08
    6.2270938613949657e-10
    2.6699390327003850e-11
    8.5638954023262224e-13
    2.0040348489482066e-14
    3.3164271263215911e-16
    3.7307544184015616e-18
    2.7097156943817157e-20
    1.1856166861838293e-22
    2.8345689476667363e-25
    3.2000994447191263e-28
    1.3434743577628534e-31
    1.3342221548738232e-35
    1.0009279039932138e-40
