    3.7730036069637611e+00
    9.6581065600337213e-01
    4.6997088039434548e-01
    2.2022750563988389e-01
    9.1522470051874250e-02
    3.2727294747565777e-02
    9.9080965471052083e-03
    2.5115201261703408e-03
    5.2814399623834737e-04
    9.1341549246034740e-05
    1.2876949729561059e-05
    1.4655115490736741e-06
    1.3319581468371450e-07
    9.5481150997361054e-09
    5.3207152503416388e-10
    2.2656236955375162e-11
    7.2212342688421486e-13
    1.6800185855395318e-14
    2.7652357599735906e-16
    3.0950574812119811e-18
    2.2373805132787858e-20
    9.7457697265630327e-23
    2.3200874730691360e-25
    2.6085076036735154e-28
    1.0906980475653488e-31
    1.0787871371292598e-35
    8.0577045213322071e-41
