    1.2588383272925507e+00
    6.7288492066349059e-01
    3.9624389533282844e-01
    2.0753788489506514e-01
    9.3183796587019932e-02
    3.5325314387629161e-02
    1.1202005450122340e-02
    2.9495923860243457e-03
    6.4042507191685671e-04
    1.1383694423474402e-04
    1.6435097370854229e-05
    1.9100789618642128e-06
    1.7686634058432722e-07
    1.2892301433085235e-08
    7.2936280892659094e-10
    3.1487168483227456e-11
    1.0163168773033691e-12
    2.3920824710575678e-14
    3.9799028523255115e-16
    4.4996025762357188e-18
    3.2835564901301276e-20
    1.4431050217493745e-22
    3.4648527841506079e-25
    3.9277187738480748e-28
    1.6555825518564625e-31
    1.6508536760128260e-35
    1.2438659416935703e-40
