    2.8871265413910008e+00
    8.9474234947467224e-01
    4.5327140156860185e-01
    2.1733707947364450e-01
    9.1761651154921006e-02
    3.3205348865270864e-02
    1.0147867679303110e-02
    2.5921976573821956e-03
    5.4864794733205436e-04
    9.5414420557665846e-05
    1.3515958288732245e-05
    1.5447536806192456e-06
    1.4092625018892782e-07
    1.0136343041661923e-08
    5.6657169707224919e-10
    2.4192169663811005e-11
    7.7303567100357394e-13
    1.8026727169757792e-14
    2.9735533697986394e-16
    3.3349541051793654e-18
    2.4153768229468173e-20
    1.0539991933054003e-22
    2.5134575089178737e-25
    2.8305832213544713e-28
    1.1854707004552339e-31
    1.1744380089673376e-35
    8.7875205937779175e-41
