    6.6536842885553922e-03
    1.5800728133270592e-01
    4.9267242894229024e-01
    1.0113082892640888e+00
    1.7156721122327270e+00
    2.6082237759084697e+00
    3.6921564879316162e+00
    4.9714601104466816e+00
    6.4510069502928502e+00
    8.1366632250622928e+00
    1.0035432600634214e+01
    1.2155641105126099e+01
    1.4507176681045541e+01
    1.7101802479563805e+01
    1.9953571936826023e+01
    2.3079387762031153e+01
    2.6499769916462490e+01
    3.0239936440803309e+01
    3.4331369357281169e+01
    3.8814164603347116e+01
    4.3740714409655418e+01
    4.9181799112192017e+01
    5.5237394407285407e+01
    6.2057726800867449e+01
    6.9890127306121911e+01
    7.9207244873682271e+01
    9.1222915861372343e+01
