    1.0326705271988293e-02
    1.6923694820536339e-01
    5.1102351559877690e-01
    1.0365444270387714e+00
    1.7475835343491439e+00
    2.6466194795247620e+00
    3.7368619282707467e+00
    5.0223158216747628e+00
    6.5078675242569357e+00
    8.1993965235325135e+00
    1.0103919163531428e+01
    1.2229773744189471e+01
    1.4586860262587653e+01
    1.7186953912215177e+01
    2.0044120394531390e+01
    2.3175275192138511e+01
    2.6600951911742051e+01
    3.0346383599745220e+01
    3.4443069332199094e+01
    3.8931125166690528e+01
    4.3862968110589186e+01
    4.9309410574209167e+01
    5.5370472352884818e+01
    6.2196445400545493e+01
    7.0034768590644646e+01
    7.9358299794710888e+01
    9.1381426089121547e+01
