        0.0000000000000000
        0.0000000000000045
        0.0000000000031341
        0.0000000006155032
        0.0000000489540041
        0.0000019152809006
        0.0000414675800438
        0.0005367696156881
        0.0043812798357925
        0.0234159336253419
        0.0841730810840521
        0.2073704807510094
        0.3545173040997541
        0.4235772880150607
        0.3545173040997539
        0.2073704807510096
        0.0841730810840519
        0.0234159336253420
        0.0043812798357925
        0.0005367696156881
        0.0000414675800438
        0.0000019152809006
        0.0000000489540041
        0.0000000006155032
        0.0000000000031341
        0.0000000000000045
        0.0000000000000000
