    5.2579898206362156e-02
    2.7722910598770478e-01
    6.8216391137801113e-01
    1.2688141807507596e+00
    2.0391592782504908e+00
    2.9958355818751690e+00
    4.1421944825632506e+00
    5.4823717160490739e+00
    7.0213760246055550e+00
    8.7652027168507161e+00
    1.0720979045996843e+01
    1.2897150901909754e+01
    1.5303724197068924e+01
    1.7952580164010666e+01
    2.0857892743471169e+01
    2.4036690385983114e+01
    2.7509627633675770e+01
    3.1302070792021063e+01
    3.5445670666132877e+01
    3.9980722621126716e+01
    4.4959864785337984e+01
    5.0454196152727704e+01
    5.6564130901518347e+01
    6.3440546684688819e+01
    7.1331848055160080e+01
    8.0712763847096056e+01
    9.2802613525557035e+01
