    1.4219474873657314e-02
    1.8061995669209954e-01
    5.2950793521850825e-01
    1.0618954858837932e+00
    1.7795926754379183e+00
    2.6850968166736822e+00
    3.7816339402038466e+00
    5.0732239749861154e+00
    6.5647672584766967e+00
    8.2621564708392601e+00
    1.0172420564259376e+01
    1.2303910047114895e+01
    1.4666536913506009e+01
    1.7272088346696748e+01
    2.0134642265137746e+01
    2.3271126879957382e+01
    2.6702089401068090e+01
    3.0452777840198671e+01
    3.4554708287677613e+01
    3.9048016881293918e+01
    4.3985145363081458e+01
    4.9436938170828789e+01
    5.5503459142589094e+01
    6.2335065605580319e+01
    7.0179304180147795e+01
    7.9509241450031681e+01
    9.1539814671544903e+01
