    1.2804572690683527e-01
    2.3841884939414759e-01
    2.5049340652300239e-01
    1.9066206759352333e-01
    1.1231094931185037e-01
    5.2539385475131789e-02
    1.9740923275744390e-02
    5.9841135557009558e-03
    1.4641503609227815e-03
    2.8849800396584218e-04
    4.5576544403735253e-05
    5.7357561191909042e-06
    5.7020970171393961e-07
    4.4307691576321362e-08
    2.6561653164938169e-09
    1.2089475247687359e-10
    4.0962644275901734e-12
    1.0083497673165074e-13
    1.7490517511153521e-15
    2.0559670832615065e-17
    1.5562957367238309e-19
    7.0812651779013530e-22
    1.7574720104286874e-24
    2.0570430367976688e-27
    8.9474191153692639e-31
    9.2093109169181485e-35
    7.1797423782947191e-40
