       -6.4519401407534778
       -5.7122555528165364
       -5.0939100031131854
       -4.5369066633724318
       -4.0183186704087346
       -3.5262753401343505
       -3.0535824198222530
       -2.5954163389108200
       -2.1482966453616270
       -1.7095607392603385
       -1.2770668173398578
       -0.8490113420601034
       -0.4238079005438532
       -0.0000000000000003
        0.4238079005438528
        0.8490113420601039
        1.2770668173398585
        1.7095607392603365
        2.1482966453616266
        2.5954163389108191
        3.0535824198222530
        3.5262753401343510
        4.0183186704087372
        4.5369066633724362
        5.0939100031131828
        5.7122555528165373
        6.4519401407534778
