    7.8079214955005137e-03
    1.5669333485511716e-01
    4.8215208526859288e-01
    9.8482424566757965e-01
    1.6662909094814813e+00
    2.5287574365035117e+00
    3.5750784683965504e+00
    4.8088100335462087e+00
    6.2342798003058446e+00
    7.8566777094162950e+00
    9.6821716848283383e+00
    1.1718055206889943e+01
    1.3972936270555898e+01
    1.6456981194567717e+01
    1.9182232627860614e+01
    2.2163030115276413e+01
    2.5416575811903975e+01
    2.8963711117310037e+01
    3.2830009180326556e+01
    3.7047357311857013e+01
    4.1656331418468085e+01
    4.6709916699873574e+01
    5.2279663151554857e+01
    5.8466606863548407e+01
    6.5422550463730417e+01
    7.3397425083003171e+01
    8.2868918923998208e+01
    9.5064154929510096e+01
