        0.0000000000000000
        0.0000000000000008
        0.0000000000006639
        0.0000000001475853
        0.0000000132568250
        0.0000005857719721
        0.0000143455042297
        0.0002106181000240
        0.0019573312944090
        0.0119684232143549
        0.0495148892898981
        0.1413946097869548
        0.2825613912593887
        0.3986047178264516
        0.3986047178264511
        0.2825613912593890
        0.1413946097869547
        0.0495148892898984
        0.0119684232143547
        0.0019573312944090
        0.0002106181000240
        0.0000143455042297
        0.0000005857719721
        0.0000000132568250
        0.0000000001475853
        0.0000000000006639
        0.0000000000000008
        0.0000000000000000
