    6.4167564465235300e-03
    1.5237590817293364e-01
    4.7507923700560356e-01
    9.7508478659749442e-01
    1.6539638382076363e+00
    2.5139149091636823e+00
    3.5577866403336991e+00
    4.7891295583171072e+00
    6.2122662014172141e+00
    7.8323816712376448e+00
    9.6556392768676282e+00
    1.1689328046035307e+01
    1.3942051621237779e+01
    1.6423972003122792e+01
    1.9147127483351447e+01
    2.2125853123794990e+01
    2.5377346363964939e+01
    2.8922443516755663e+01
    3.2786712085476431e+01
    3.7002032910307221e+01
    4.1608974205804834e+01
    4.6660511638068037e+01
    5.2228182795561942e+01
    5.8413006639674911e+01
    6.5366760301112706e+01
    7.3339332806494582e+01
    8.2808330710171546e+01
    9.5000661631964363e+01
