    1.2443848944697276e+00
    6.6907276784265080e-01
    3.9888980060189727e-01
    2.1291453039719849e-01
    9.8086004924290732e-02
    3.8420752866651080e-02
    1.2682123719788394e-02
    3.5032156853905187e-03
    8.0465620542782173e-04
    1.5268034691950759e-04
    2.3763523930012835e-05
    3.0099076740664441e-06
    3.0745680521853395e-07
    2.5064793350395497e-08
    1.6109778712311024e-09
    8.0464388278173847e-11
    3.0700789570474294e-12
    8.7646696226819358e-14
    1.8254484395253503e-15
    2.6877407379373646e-17
    2.6881236435673580e-19
    1.7336968992573146e-21
    6.7228298462327281e-24
    1.4203339311429761e-26
    1.4107754013642005e-29
    5.1753459343004328e-33
    4.4390513320252369e-37
    2.8069270281207216e-42
