    2.0233041766099613e+00
    7.9857420548908109e-01
    4.3407183621961148e-01
    2.1934567666269836e-01
    9.7250147832697489e-02
    3.7002491914642409e-02
    1.1934752188337741e-02
    3.2346494419260409e-03
    7.3115898321753753e-04
    1.3684048701612187e-04
    2.1044846474806963e-05
    2.6376096749148961e-06
    2.6691223932061073e-07
    2.1577098997148239e-08
    1.3762988654203472e-09
    6.8267963550630915e-11
    2.5882427758328459e-12
    7.3459755028513860e-14
    1.5216964681064415e-15
    2.2292082997468649e-17
    2.2189882475481680e-19
    1.4247498790044083e-21
    5.5014239818624419e-24
    1.1575752633987995e-26
    1.1452721302423514e-29
    4.1851381220357878e-33
    3.5756958895244205e-37
    2.2514801576395161e-42
