    3.7511553983940056e+00
    9.6537505062540441e-01
    4.7537154570376700e-01
    2.2691706872786699e-01
    9.6718963931924140e-02
    3.5723108489038966e-02
    1.1253799202518995e-02
    2.9917006889074713e-03
    6.6534136705554813e-04
    1.2280072549381867e-04
    1.8658431401712022e-05
    2.3137345152034856e-06
    2.3193076510503689e-07
    1.8590622687660650e-08
    1.1767372762389490e-09
    5.7962817256404674e-11
    2.1835281708063060e-12
    6.1608896494895826e-14
    1.2692595502514430e-15
    1.8499654783183687e-17
    1.8327268356414500e-19
    1.1714658179330841e-21
    4.5041544917762779e-24
    9.4387328072642925e-27
    9.3015732803177211e-30
    3.3858590134605237e-33
    2.8814540580265193e-37
    1.8066653203468574e-42
