    2.8670994572744606e+00
    8.9340000654128093e-01
    4.5804122539743802e-01
    2.2374352407002951e-01
    9.6894788722365732e-02
    3.6218813825791042e-02
    1.1518613879171830e-02
    3.0859823149208582e-03
    6.9080454000831513e-04
    1.2821517250961498e-04
    1.9575989598144249e-05
    2.4379151297087253e-06
    2.4530902717029596e-07
    1.9730076070765073e-08
    1.2527125111795675e-09
    6.1878248581643118e-11
    2.3370142514083210e-12
    6.6095536906954720e-14
    1.3646764758556884e-15
    1.9930967609066361e-17
    1.9782998923934824e-19
    1.2667942609675418e-21
    4.8790147093600067e-24
    1.0241018911215424e-26
    1.0108195655202466e-29
    3.6852126156949336e-33
    3.1411560797824537e-37
    1.9728457064044686e-42
