    9.9595286944133537e-03
    1.6321398457638223e-01
    4.9280042579320454e-01
    9.9946736301229688e-01
    1.6848106048257312e+00
    2.5510457714196759e+00
    3.6010364872806533e+00
    4.8383470115479525e+00
    6.2673126859744235e+00
    7.8931306897286273e+00
    9.7219758504425045e+00
    1.1761148310414791e+01
    1.4019262577798418e+01
    1.6506491434303147e+01
    1.9234884051735854e+01
    2.2218786687305080e+01
    2.5475408558142721e+01
    2.9025598683074730e+01
    3.2894938668828537e+01
    3.7115325522110290e+01
    4.1727346676991765e+01
    4.6784001622396978e+01
    5.2356858951666887e+01
    5.8546980432390107e+01
    6.5506206917479972e+01
    7.3484532662511597e+01
    8.2959768283696036e+01
    9.5159359555857179e+01
