    1.3714629725788161e-02
    1.7420105709577385e-01
    5.1065190780815850e-01
    1.0239629833128236e+00
    1.7157542604115512e+00
    2.5882583835302677e+00
    3.6443538802384654e+00
    4.8876186622116684e+00
    6.3224007995660285e+00
    7.9539094801956640e+00
    9.7883309876839277e+00
    1.1832976522074173e+01
    1.4096471405479164e+01
    1.6588999153441819e+01
    1.9322619774503877e+01
    2.2311690680987681e+01
    2.5573432829984512e+01
    2.9128707910506115e+01
    3.3003111598154206e+01
    3.7228557031968307e+01
    4.1845650830585605e+01
    4.6907416268462384e+01
    5.2485452901685242e+01
    5.8680865252734108e+01
    6.5645557827781559e+01
    7.3629630005671416e+01
    8.3111096268599212e+01
    9.5317940038933898e+01
