    1.3244403675064046e-02
    1.6822293191441368e-01
    4.9309444477985176e-01
    9.8865440905915758e-01
    1.6563584389473069e+00
    2.4982108431264187e+00
    3.5167912833826391e+00
    4.7152990103436832e+00
    6.0976112436441641e+00
    7.6683577601064874e+00
    9.4330152885955432e+00
    1.1398026761745422e+01
    1.3570952391891904e+01
    1.5960662254399152e+01
    1.8577584025589015e+01
    2.1434025453003375e+01
    2.4544600238361937e+01
    2.7926800384641652e+01
    3.1601781481071534e+01
    3.5595466992241093e+01
    3.9940147441392952e+01
    4.4676879833607231e+01
    4.9859247537831251e+01
    5.5559581011099894e+01
    6.1879995967354141e+01
    6.8973904457076799e+01
    7.7093897861161821e+01
    8.6722825950417885e+01
    9.9101426566204907e+01
