    7.5396059242509930e-03
    1.5130412538628571e-01
    4.6553878305825203e-01
    9.5079391600502050e-01
    1.6084891645380079e+00
    2.4406038810090309e+00
    3.4496959089141583e+00
    4.6389445039051571e+00
    6.0122082409001028e+00
    7.5740993149861433e+00
    9.3300777065740714e+00
    1.1286570223754346e+01
    1.3451121372589084e+01
    1.5832585726806538e+01
    1.8441375432324943e+01
    2.1289782409898777e+01
    2.4392403916609975e+01
    2.7766714489150466e+01
    3.1433850699356160e+01
    3.5419714719310143e+01
    3.9756572471619201e+01
    4.4485451510740063e+01
    4.9659898484875391e+01
    5.5352195829648622e+01
    6.1664392712562375e+01
    6.8749801854235500e+01
    7.6860850311202498e+01
    8.6480068868631108e+01
    9.8847353815484283e+01
