    2.0063903365910822e+00
    7.9604977918658637e-01
    4.3760580151986517e-01
    2.2501589798529734e-01
    1.0215811548267492e-01
    4.0063150344411581e-02
    1.3409716325398625e-02
    3.7988110626257462e-03
    9.0441958907450115e-04
    1.7975515922575349e-04
    2.9620694262120115e-05
    4.0168693729899231e-06
    4.4460379889253049e-07
    3.9791065420736544e-08
    2.8487190977018112e-09
    1.6111212204425385e-10
    7.0930138708195395e-12
    2.3887081353586609e-13
    6.0254391741327024e-15
    1.1095781711564384e-16
    1.4448702060676066e-18
    1.2777725898971834e-20
    7.2810646625949965e-23
    2.4906713794912534e-25
    4.6298909557423854e-28
    4.0295627728004431e-31
    1.2866495437603189e-34
    9.4950725677554601e-39
    5.0404342196109911e-44
