    3.7301621909622478e+00
    9.6477342140869959e-01
    4.8035817482401405e-01
    2.3327870399759840e-01
    1.0179761235381690e-01
    3.8746455524650926e-02
    1.2664978095713668e-02
    3.5186251176162527e-03
    8.2409405312308160e-04
    1.6150488505912262e-04
    2.6289983495807250e-05
    3.5270190441607299e-06
    3.8666512293452530e-07
    3.4309675837997666e-08
    2.4372945161687089e-09
    1.3687277094407731e-10
    5.9869939622361378e-12
    2.0042528941846952e-13
    5.0278391185989272e-15
    9.2112755270682549e-17
    1.1937227918227287e-18
    1.0509080140012528e-20
    5.9627690154341370e-23
    2.0314186916866564e-25
    3.7614353252354220e-28
    3.2612934798257565e-31
    1.0374405943151514e-34
    7.6269069015490957e-39
    4.0320891089803879e-44
