    1.2305724856557136e+00
    6.6527209726080239e-01
    4.0120706941196183e-01
    2.1795649363635880e-01
    1.0283714406690346e-01
    4.1525479934968419e-02
    1.4226627497365906e-02
    4.1082370691517128e-03
    9.9402337792562972e-04
    2.0032438946703543e-04
    3.3411521364285297e-05
    4.5794641606363449e-06
    5.1170306424821899e-07
    4.6187820122771363e-08
    3.3322351000259414e-09
    1.8978388364582066e-10
    8.4091408748799578e-12
    2.8487482319377534e-13
    7.2253728144498535e-15
    1.3373525712181355e-16
    1.7498115506792752e-18
    1.5544187974590288e-20
    8.8952264757449565e-23
    3.0551966482698570e-25
    5.7014454781876989e-28
    4.9809815193321823e-31
    1.5963886494207054e-34
    1.1825569516546288e-38
    6.3033600108798210e-44
