    6.1961217734998646e-03
    1.4713228281571883e-01
    4.5870080065655217e-01
    9.4137326603022109e-01
    1.5965602424207352e+00
    2.4262348263804978e+00
    3.4329493817427168e+00
    4.6198781382368530e+00
    5.9908749833284167e+00
    7.5505476922523140e+00
    9.3043520359339009e+00
    1.1258710770919715e+01
    1.3421164458081586e+01
    1.5800563778696931e+01
    1.8407316980412322e+01
    2.1253712012780824e+01
    2.4354342008184791e+01
    2.7726677123965278e+01
    3.1391849165373266e+01
    3.5375754969425643e+01
    3.9710654296625677e+01
    4.4437567326422311e+01
    4.9610031513486575e+01
    5.5300317272817161e+01
    6.1610457116475374e+01
    6.8693738907025349e+01
    7.6802548580342190e+01
    8.6419337101404594e+01
    9.8783790179322452e+01
