    9.6175664316603664e-03
    1.5760516793347748e-01
    4.7583394364865356e-01
    9.6495825506669031e-01
    1.6264113583985280e+00
    2.4621819894101979e+00
    3.4748361957806115e+00
    4.6675607529228005e+00
    6.0442212477491326e+00
    7.6094364870429949e+00
    9.3686727487698853e+00
    1.1328362903075915e+01
    1.3496057359858316e+01
    1.5880616518740966e+01
    1.8492458361289451e+01
    2.1343880754170907e+01
    2.4449487131348594e+01
    2.7826758588942649e+01
    3.1496838839475128e+01
    3.5485638048660377e+01
    3.9825431373288843e+01
    4.4557257421052057e+01
    4.9734676620427955e+01
    5.5429989426509465e+01
    6.1745269975822445e+01
    6.8833868256857770e+01
    7.6948272977436133e+01
    8.6571134597630518e+01
    9.8942665132257929e+01
