    2.8478771375999004e+00
    8.9193426336589432e-01
    4.6241486482663546e-01
    2.2982029449579189e-01
    1.0190337971798544e-01
    3.9256278004821239e-02
    1.2954644975790498e-02
    3.6273898384904897e-03
    8.5517998102044128e-04
    1.6854533248522640e-04
    2.7570994139813313e-05
    3.7148891037533686e-06
    4.0882857538700634e-07
    3.6401497753970370e-08
    2.5939593610823613e-09
    1.4608411265839572e-10
    6.4065118222847293e-12
    2.1498244004537942e-13
    5.4049602171273923e-15
    9.9225878259327102e-17
    1.2883833241519499e-18
    1.1363002546566259e-20
    6.4583392500338045e-23
    2.2038472382506976e-25
    4.0871141050239940e-28
    3.5490684268007014e-31
    1.1306813889776175e-34
    8.3250618041767128e-39
    4.4084432375064616e-44
