       -6.7286951986088468
       -5.9989712894638192
       -5.3896405219667480
       -4.8413636510591633
       -4.3314782938191509
       -3.8482667922136198
       -3.3846451410922143
       -2.9358825042901264
       -2.4985856910194042
       -2.0701810760534283
       -1.6486229138923154
       -1.2322157550847526
       -0.8194986812709121
       -0.4091646363949290
       -0.0000000000000001
        0.4091646363949285
        0.8194986812709122
        1.2322157550847521
        1.6486229138923161
        2.0701810760534287
        2.4985856910194038
        2.9358825042901260
        3.3846451410922156
        3.8482667922136193
        4.3314782938191509
        4.8413636510591616
        5.3896405219667471
        5.9989712894638236
        6.7286951986088468
