    7.2891188308157320e-03
    1.4627343530255948e-01
    4.5003358616491324e-01
    9.1904264253833812e-01
    1.5545799727982437e+00
    2.3584289255814475e+00
    3.3328906549013340e+00
    4.4808196959371278e+00
    5.8056720537420379e+00
    7.3115666199032514e+00
    9.0033625018956460e+00
    1.0886756017914729e+01
    1.2968402507663120e+01
    1.5256070024150254e+01
    1.7758834702065236e+01
    2.0487331591123596e+01
    2.3454080721005703e+01
    2.6673917344009130e+01
    3.0164569797404475e+01
    3.3947452056966064e+01
    3.8048778000230577e+01
    4.2501174854022246e+01
    4.7346103939382530e+01
    5.2637654050165615e+01
    5.8448817990581986e+01
    6.4882630808070701e+01
    7.2093878381911310e+01
    8.0337426605277500e+01
    9.0100542432314768e+01
    1.0263561896814480e+02
