    3.7099639240689313e+00
    9.6402912265732199e-01
    4.8496780381843579e-01
    2.3933024126423139e-01
    1.0675460126786729e-01
    4.1787186925575572e-02
    1.4135893192090366e-02
    4.0915139260711848e-03
    1.0053956613693970e-03
    2.0828753763690028e-04
    3.6133562158061788e-05
    5.2120573372740687e-06
    6.2034851639656985e-07
    6.0408735512449904e-08
    4.7668054806627463e-09
    3.0146310076525742e-10
    1.5085900866084815e-11
    5.8848159797626704e-13
    1.7579373614851135e-14
    3.9365485057355593e-16
    6.4383526671904142e-18
    7.4468577207242681e-20
    5.8474364619214154e-22
    2.9557718810603485e-24
    8.9543804356468841e-27
    1.4701918148365297e-29
    1.1254715723104086e-32
    3.1399540859042847e-36
    2.0015855787244024e-40
    8.9594486639253000e-46
