    1.9901599242831280e+00
    7.9347463557491305e-01
    4.4080526905810347e-01
    2.3037389105247971e-01
    1.0692895085400193e-01
    4.3132070362019423e-02
    1.4943361361731911e-02
    4.4109289076427723e-03
    1.1019423247711059e-03
    2.3154809357626513e-04
    4.0667540112878198e-05
    5.9301805910987556e-06
    7.1268263817908816e-07
    7.0005366245842540e-08
    5.5676135693781500e-09
    3.5463357580733748e-10
    1.7863203945471415e-11
    7.0103259321623907e-13
    2.1058675515191829e-14
    4.7401965818725880e-16
    7.7904295266666602e-18
    9.0518582030102645e-20
    7.1383491637379872e-22
    3.6230682141622287e-24
    1.1018843181631236e-26
    1.8159648568435305e-29
    1.3952703060703203e-32
    3.9067986178923535e-36
    2.4996172931648445e-40
    1.1233591848080598e-45
