    5.9901554486276529e-03
    1.4223767587724498e-01
    4.4341535770547902e-01
    9.0992055023889817e-01
    1.5430241980811461e+00
    2.3445039131073933e+00
    3.3166558309597831e+00
    4.4623298822039672e+00
    5.7849777759103018e+00
    7.2887143536933516e+00
    8.9783948695014342e+00
    1.0859711939719173e+01
    1.2939317310584732e+01
    1.5224975505681781e+01
    1.7725759146883718e+01
    2.0452299734594554e+01
    2.3417113650555187e+01
    2.6635032324647014e+01
    3.0123780000791285e+01
    3.3904766162860412e+01
    3.8004199622325160e+01
    4.2454701714163193e+01
    4.7297726665227472e+01
    5.2587354380834135e+01
    5.8396565995477161e+01
    6.4828380336131588e+01
    7.2037559017806856e+01
    8.0278927734597644e+01
    9.0039675343044223e+01
    1.0257198885134707e+02
