    1.1604408602039609e-01
    2.2085112475069341e-01
    2.4139982758787557e-01
    1.9463676844641647e-01
    1.2372841596687972e-01
    6.3678780368988289e-02
    2.6860475273380539e-02
    9.3380708816042709e-03
    2.6806968913368782e-03
    6.3512912194087646e-04
    1.2390745990688716e-04
    1.9828788438953076e-05
    2.5893509291314967e-06
    2.7409428405360773e-07
    2.3328311650257842e-08
    1.5807455747783863e-09
    8.4274791230570873e-11
    3.4851612349079407e-12
    1.0990180597534828e-13
    2.5883126649592750e-15
    4.4378380598402804e-17
    5.3659183082124729e-19
    4.3939468922917481e-21
    2.3114097943887125e-23
    7.2745884982937588e-26
    1.2391497014484528e-28
    9.8323750831062958e-32
    2.8423235534027480e-35
    1.8786080317496107e-39
    8.7459804404651472e-45
