       -6.8633452935298909
       -6.1382792201239376
       -5.5331471515674933
       -4.9889189685899433
       -4.4830553570925158
       -4.0039086038612304
       -3.5444438731553523
       -3.0999705295864430
       -2.6671321245356179
       -2.2433914677615041
       -1.8267411436036882
       -1.4155278001981890
       -1.0083382710467232
       -0.6039210586255521
       -0.2011285765488716
        0.2011285765488708
        0.6039210586255520
        1.0083382710467239
        1.4155278001981884
        1.8267411436036884
        2.2433914677615041
        2.6671321245356174
        3.0999705295864439
        3.5444438731553500
        4.0039086038612304
        4.4830553570925185
        4.9889189685899415
        5.5331471515674959
        6.1382792201239385
        6.8633452935298891
