    1.2805353794115433e-02
    1.6264166879734510e-01
    4.7670570044759747e-01
    9.5570591220334933e-01
    1.6009550618010657e+00
    2.4142593935888770e+00
    3.3979400491985303e+00
    4.5548698866343731e+00
    5.8885220013807178e+00
    7.4030313974660791e+00
    9.1032725160159345e+00
    1.0994956408856515e+01
    1.3084752722234317e+01
    1.5380443565176693e+01
    1.7891119066886056e+01
    2.0627428421829183e+01
    2.3601906202539450e+01
    2.6829402905002187e+01
    3.0327663196154248e+01
    3.4118118977148598e+01
    3.8227004348194441e+01
    4.2686970061464663e+01
    4.7539505770792239e+01
    5.2838735776119655e+01
    5.8657699504853419e+01
    6.5099496816848657e+01
    7.2319010553157085e+01
    8.0571267254719814e+01
    9.0343845987652927e+01
    1.0288996351904181e+02
