    9.2983074549685806e-03
    1.5236918553995377e-01
    4.5999826579956848e-01
    9.3275858335809148e-01
    1.5719421460194916e+00
    2.3793409097941893e+00
    3.3572635435513369e+00
    4.5085714726871577e+00
    5.8367271292073371e+00
    7.3458554634905155e+00
    9.0408213483223889e+00
    1.0927326640860352e+01
    1.3012032058401060e+01
    1.5302710936530076e+01
    1.7808444668515016e+01
    2.0539873618187205e+01
    2.3509523277955957e+01
    2.6732234625110852e+01
    3.0225742128735291e+01
    3.4011466494526843e+01
    3.8115629191311307e+01
    4.2570866275789804e+01
    4.7418649702032297e+01
    5.2713081587677088e+01
    5.8527172231059346e+01
    6.4963980997281041e+01
    7.2178330144140432e+01
    8.0425145835553778e+01
    9.0191812119824419e+01
    1.0273103111128292e+02
