    1.2173530000104040e+00
    6.6149280741438665e-01
    4.0322989559065286e-01
    2.2268522747300540e-01
    1.0743589204554288e-01
    4.4628989703958843e-02
    1.5828630370184435e-02
    4.7633405821820018e-03
    1.2095291124564593e-03
    2.5773759391493038e-04
    4.5822919221095857e-05
    6.7542184765797146e-06
    8.1952929730053504e-07
    8.1196418041564544e-08
    6.5081262363266342e-09
    4.1749009641115046e-10
    2.1166392273304479e-11
    8.3564990713853135e-13
    2.5241970094076046e-14
    5.7111978829279351e-16
    9.4315982159096252e-18
    1.1008499669760003e-19
    8.7185717365841626e-22
    4.4431186846354510e-24
    1.3565430780177720e-26
    2.2440368816586454e-29
    1.7304689195817217e-32
    4.8628770764138351e-36
    3.1227737328646687e-40
    1.4090178989022691e-45
