        0.0000000000000000
        0.0000000000000000
        0.0000000000000288
        0.0000000000081062
        0.0000000009178580
        0.0000000510852245
        0.0000015790948873
        0.0000293872522892
        0.0003483101243187
        0.0027379224730676
        0.0147038297048267
        0.0551441768702343
        0.1467358475408902
        0.2801309308392131
        0.3863948895418129
        0.3863948895418144
        0.2801309308392128
        0.1467358475408904
        0.0551441768702343
        0.0147038297048267
        0.0027379224730677
        0.0003483101243187
        0.0000293872522892
        0.0000015790948873
        0.0000000510852245
        0.0000000009178580
        0.0000000000081062
        0.0000000000000288
        0.0000000000000000
        0.0000000000000000
