    2.8294022750362107e+00
    8.9036539059572728e-01
    4.6642880787020569e-01
    2.3558596371167284e-01
    1.0678408792412576e-01
    4.2307515291480767e-02
    1.4450003498418212e-02
    4.2155428150031761e-03
    1.0427710492376333e-03
    2.1726362259526653e-04
    3.7877872430992172e-05
    5.4875513547679905e-06
    6.5567821178362721e-07
    6.4071857700204104e-08
    5.0718044619365905e-09
    3.2167241489142654e-10
    1.6139513625864696e-11
    6.3110439685356209e-13
    1.8894813785419121e-14
    4.2399213852526080e-16
    6.9480169493695109e-18
    8.0510360941251608e-20
    6.3327525993762535e-22
    3.2063313038452011e-24
    9.7286373594819973e-27
    1.5997224196300597e-29
    1.2264284470411352e-32
    3.4265841368449814e-36
    2.1875286444984256e-40
    9.8074686386319515e-46
