        0.0000000000000000
        0.0000000000000000
        0.0000000000000059
        0.0000000000018604
        0.0000000002352492
        0.0000000146119883
        0.0000005043712559
        0.0000104986027577
        0.0001395209039505
        0.0012336833073069
        0.0074827999140352
        0.0318472307313004
        0.0967179481608706
        0.2121327886687647
        0.3387726578941080
        0.3957785560986104
        0.3387726578941075
        0.2121327886687649
        0.0967179481608705
        0.0318472307313004
        0.0074827999140352
        0.0012336833073069
        0.0001395209039505
        0.0000104986027577
        0.0000005043712559
        0.0000000146119883
        0.0000000002352492
        0.0000000000018604
        0.0000000000000059
        0.0000000000000000
        0.0000000000000000
