    5.7974417459230859e-03
    1.3765835142603794e-01
    4.2911691100135629e-01
    8.8050645640892466e-01
    1.4929760553281599e+00
    2.2681329375223851e+00
    3.2080504623330084e+00
    4.3152974822906200e+00
    5.5929784562448468e+00
    7.0447845447577810e+00
    8.6750575971052513e+00
    1.0488869864415392e+01
    1.2492123304487766e+01
    1.4691673716708598e+01
    1.7095486863439127e+01
    1.9712836482076185e+01
    2.2554558115977624e+01
    2.5633378721017333e+01
    2.8964351264345847e+01
    3.2565438157483911e+01
    3.6458311209953052e+01
    4.0669476103674299e+01
    4.5231900497807899e+01
    5.0187456734690819e+01
    5.5590749768249466e+01
    6.1515451315243119e+01
    6.8065541419318535e+01
    7.5397221023007418e+01
    8.3767701950673995e+01
    9.3668810460489368e+01
    1.0636497299744258e+02
