    8.9995634471943999e-03
    1.4747004463124985e-01
    4.4518385847224468e-01
    9.0264348285699192e-01
    1.5210175953413612e+00
    2.3019266194159740e+00
    3.2474554250828573e+00
    4.3601834254730596e+00
    5.6432249347971029e+00
    7.1002804042201211e+00
    8.7357005173255118e+00
    1.0554565999536711e+01
    1.2562787014964083e+01
    1.4767227393904784e+01
    1.7175860851591910e+01
    1.9797969107062727e+01
    2.2644395836210762e+01
    2.5727876423730812e+01
    2.9063472741833785e+01
    3.2669156814597578e+01
    3.6566611079900149e+01
    4.0782353290303419e+01
    4.5349365231108315e+01
    5.0309536346054266e+01
    5.5717493113662421e+01
    6.1646935613841819e+01
    6.8201883424664771e+01
    7.5538596747905075e+01
    8.3914385714102366e+01
    9.3821267708420777e+01
    1.0652417367553981e+02
