    1.2046833270552708e+00
    6.5774275198567456e-01
    4.0498844709647341e-01
    2.2712093229148339e-01
    1.1188229413833663e-01
    4.7722109882382555e-02
    1.7481443524196168e-02
    5.4668728830925481e-03
    1.4519397092496640e-03
    3.2584318161304321e-04
    6.1464791856471852e-05
    9.6897351830499411e-06
    1.2685166815534827e-06
    1.3691607145481979e-07
    1.2084370443197879e-08
    8.6399245066968241e-10
    4.9495941153206884e-11
    2.2431976231400022e-12
    7.9229544283915370e-14
    2.1422989435938139e-15
    4.3403498974780792e-17
    6.4187210083329341e-19
    6.7071457589159517e-21
    4.7523226585059423e-23
    2.1641179165481989e-25
    5.8931204070397708e-28
    8.6703007831334090e-31
    5.9212678292177549e-34
    1.4639172249500626e-37
    8.1782525389372048e-42
    3.1359833466179106e-47
