    2.8116233060012430e+00
    8.8871057847087220e-01
    4.7011554461083166e-01
    2.4105824543530566e-01
    1.1153499985900581e-01
    4.5363464380582384e-02
    1.5998839158781634e-02
    4.8492472323043408e-03
    1.2543756425170884e-03
    2.7519641360063037e-04
    5.0895320736947987e-05
    7.8848363627640786e-06
    1.0163261214500323e-06
    1.0817660524541676e-07
    9.4280354233756541e-09
    6.6636876346778949e-10
    3.7774681989687285e-11
    1.6954570721607711e-12
    5.9348270335284480e-14
    1.5913871711014142e-15
    3.1991457496756814e-17
    4.6965592695025808e-19
    4.8738576436087812e-21
    3.4308535823192536e-23
    1.5526469611254388e-25
    4.2028526116729119e-28
    6.1479055897401306e-31
    4.1750351373250044e-34
    1.0264380563824806e-37
    5.7016111603799795e-42
    2.1727631171760216e-47
