    3.6905065036020575e+00
    9.6316213048359456e-01
    4.8923348320797511e-01
    2.4508874781310142e-01
    1.1158755028452801e-01
    4.4836278564244096e-02
    1.5660891619816566e-02
    4.7092762990314724e-03
    1.2100493592299092e-03
    2.6395263001026295e-04
    4.8572544063730186e-05
    7.4919202963573396e-06
    9.6190287112302369e-07
    1.0202422480087698e-07
    8.8635793734377027e-09
    6.2466118221542861e-10
    3.5316589939491043e-11
    1.5812635884220294e-12
    5.5226099956113159e-14
    1.4777469039672302e-15
    2.9648752311015472e-17
    4.3446326146308660e-19
    4.5008324103564552e-21
    3.1630690333951518e-23
    1.4292217223673937e-25
    3.8629546799351354e-28
    5.6425214646786901e-31
    3.8264098389743271e-34
    9.3940776877797447e-38
    5.2107066743763802e-42
    1.9825955100705078e-47
