       -6.9956801237185395
       -6.2750787049428602
       -5.6739614446185875
       -5.1335955771123745
       -4.6315595063128585
       -4.1562717558181461
       -3.7007434032314692
       -3.2603207323135410
       -2.8316804533902014
       -2.4123177054804201
       -2.0002585489356384
       -1.5938858604721393
       -1.1918269983500462
       -0.7928769769153088
       -0.3959427364714228
        0.0000000000000005
        0.3959427364714231
        0.7928769769153078
        1.1918269983500460
        1.5938858604721389
        2.0002585489356397
        2.4123177054804175
        2.8316804533902062
        3.2603207323135428
        3.7007434032314701
        4.1562717558181426
        4.6315595063128558
        5.1335955771123816
        5.6739614446185893
        6.2750787049428549
        6.9956801237185413
