    4.5901947621105520e-02
    2.4198016382477114e-01
    5.9525389422235508e-01
    1.1066894995329954e+00
    1.7775956928747683e+00
    2.6097034152566754e+00
    3.6051968023400476e+00
    4.7667470844717679e+00
    6.0975545671817439e+00
    7.6014009492331436e+00
    9.2827143134708976e+00
    1.1146649755619295e+01
    1.3199189576245001e+01
    1.5447268315549310e+01
    1.7898929826644768e+01
    2.0563526336715835e+01
    2.3451973482011862e+01
    2.6577081352118253e+01
    2.9953990872346445e+01
    3.3600759532902202e+01
    3.7539164407330439e+01
    4.1795830870182222e+01
    4.6403866806411116e+01
    5.1405314476797741e+01
    5.6854992868715847e+01
    6.2826855908786293e+01
    6.9425277191080383e+01
    7.6807047763862712e+01
    8.5230358607545682e+01
    9.5188939891525621e+01
    1.0795224382757871e+02
