    1.2394479050638195e-02
    1.5741900320378260e-01
    4.6137260234618455e-01
    9.2488795421319203e-01
    1.5491530519884238e+00
    2.3358014660741500e+00
    3.2869295246652777e+00
    4.4051271464303650e+00
    5.6935184478253342e+00
    7.1558131211046563e+00
    8.7963706386176330e+00
    1.0620280158384871e+01
    1.2633460012662011e+01
    1.4842782027656844e+01
    1.7256227839264710e+01
    1.9883087118380491e+01
    2.2734211645726159e+01
    2.5822345208843004e+01
    2.9162558560415555e+01
    3.2772833313516927e+01
    3.6674862511440502e+01
    4.0895175954588069e+01
    4.5466769531124271e+01
    5.0431549761585337e+01
    5.5844164621880822e+01
    6.1778342523200358e+01
    6.8338142537866148e+01
    7.5679884071246391e+01
    8.4060975472707781e+01
    9.3973625089905255e+01
    1.0668326793741824e+02
