    7.0547404017675570e-03
    1.4156662772726683e-01
    4.3552908303653592e-01
    8.8934836851646681e-01
    1.5041813932541133e+00
    2.2816406627715735e+00
    3.2238041448604342e+00
    4.3332449221348392e+00
    5.6130714016436132e+00
    7.0669784659868196e+00
    8.6993115035600077e+00
    1.0515146160181379e+01
    1.2520387680741345e+01
    1.4721895081186931e+01
    1.7127637308894748e+01
    1.9746891297495978e+01
    2.2590495846693262e+01
    2.5671181287012036e+01
    2.9004004150583771e+01
    3.2606930696786087e+01
    3.6501636989242265e+01
    4.0714633540871993e+01
    4.5278893664091079e+01
    5.0236296544756193e+01
    5.5641455749902597e+01
    6.1568054345380254e+01
    6.8120088193434640e+01
    7.5453781946981493e+01
    8.3826386763350058e+01
    9.3729805371272519e+01
    1.0642866606724793e+02
