    1.9745648356698313e+00
    7.9086215194953291e-01
    4.4370187122961141e-01
    2.3543831922713906e-01
    1.1156145717797311e-01
    4.6200141699367148e-02
    1.6529531994269733e-02
    5.0696457889876723e-03
    1.3245153329035446e-03
    2.9308060662849324e-04
    5.4608339561250486e-05
    8.5158422654259349e-06
    1.1041019262648038e-06
    1.1813848067084818e-07
    1.0345310754407648e-08
    7.3437275872799578e-10
    4.1794987150804811e-11
    1.8827612624124383e-12
    6.6127684810033798e-14
    1.7787498545822070e-15
    3.5863020400050474e-17
    5.2794400411305797e-19
    5.4929748559207706e-21
    3.8761838183875336e-23
    1.7582947303544875e-25
    4.7702140491707381e-28
    6.9929882568986260e-31
    4.7589996573317561e-34
    1.1724685880210554e-37
    6.5267605581506751e-42
    2.4930235924098401e-47
