    5.6167414475988128e-03
    1.3336478708431912e-01
    4.1571275434534821e-01
    8.5293857952390395e-01
    1.4460844609139867e+00
    2.1966084266056662e+00
    3.1063891858216452e+00
    4.1777506936077922e+00
    5.4134958957635169e+00
    6.8169495766078914e+00
    8.3920117413767112e+00
    1.0143223701063778e+01
    1.2075849798614989e+01
    1.4195978715574732e+01
    1.6510649669348613e+01
    1.9028010739363491e+01
    2.1757519328269105e+01
    2.4710198820890689e+01
    2.7898971583425389e+01
    3.1339097786012562e+01
    3.5048764287262195e+01
    3.9049891877866706e+01
    4.3369269860739664e+01
    4.8040198706453154e+01
    5.3104954602767762e+01
    5.8618651788213434e+01
    6.4655634112600410e+01
    7.1320819596460197e+01
    7.8771816340775317e+01
    8.7268171830483624e+01
    9.7306254706457977e+01
    1.1016248263759101e+02
