    1.1925246946157142e+00
    6.5402812852095815e-01
    4.0650940280950637e-01
    2.3128256092848920e-01
    1.1617748236722894e-01
    5.0796885256220753e-02
    1.9178640317626432e-02
    6.2169090321497044e-03
    1.7217931519628660e-03
    4.0550606618895355e-04
    8.0820364675194341e-05
    1.3560923593986876e-05
    1.9046155556651404e-06
    2.2247385227506051e-07
    2.1455489427650480e-08
    1.6942300273965971e-09
    1.0849944800578220e-10
    5.5730932006858025e-12
    2.2665822460975129e-13
    7.1888080871913496e-15
    1.7462852983469265e-16
    3.1792436270570385e-18
    4.2246708152845523e-20
    3.9652395980224478e-22
    2.5217159033746373e-24
    1.0293996739254435e-26
    2.5080019231855120e-29
    3.2919994800146637e-32
    1.9972892444939961e-35
    4.3580654356193935e-39
    2.1250949857682837e-43
    6.9509466630383838e-49
