    3.6717410465521461e+00
    9.6218959278602789e-01
    4.9318477420039464e-01
    2.5057047511056935e-01
    1.1629525397414064e-01
    4.7885747895291847e-02
    1.7234471331357023e-02
    5.3705630661567728e-03
    1.4386716178957381e-03
    3.2926340110440029e-04
    6.4006282671266775e-05
    1.0505632505277427e-05
    1.4468177047455691e-06
    1.6604439956434848e-07
    1.5759768710199853e-08
    1.2265013367205490e-09
    7.7506358525708528e-11
    3.9325837185434740e-12
    1.5813309447496105e-13
    4.9627804937088742e-15
    1.1937254940025771e-16
    2.1532829171395329e-18
    2.8365619811242274e-20
    2.6405572213488710e-22
    1.6661975624455216e-24
    6.7510293365907761e-27
    1.6330321107913692e-29
    2.1286505683803676e-32
    1.2827026621468000e-35
    2.7799309569004118e-39
    1.3461877446903914e-43
    4.3700145417557851e-49
