    2.7944936787915680e+00
    8.8698445132820602e-01
    4.7350407203773548e-01
    2.4625395202911293e-01
    1.1615536168241414e-01
    4.8416139380598487e-02
    1.7595472817254106e-02
    5.5270478250939534e-03
    1.4905972465534532e-03
    3.4312622618001831e-04
    6.7038090240911888e-05
    1.1052256670758327e-05
    1.5281324919158449e-06
    1.7600081222923954e-07
    1.6758547176055711e-08
    1.3080540412118248e-09
    8.2881779435004709e-11
    4.2157161236529484e-12
    1.6990553282025424e-13
    5.3435653594041152e-15
    1.2878654238600519e-16
    2.3274118868956140e-18
    3.0713080662717953e-20
    2.8638112784007013e-22
    1.8099111605758196e-24
    7.3443301455241532e-27
    1.7791112513263718e-29
    2.3223057970876021e-32
    1.4013125612715757e-35
    3.0411228238721886e-39
    1.4747218598560608e-43
    4.7945412389105735e-49
