    1.2009151615120381e-02
    1.5252143836660687e-01
    4.4699622457398125e-01
    8.9599989452091711e-01
    1.5006109865712398e+00
    2.2623118258760813e+00
    3.1830022732711680e+00
    4.2650256888125497e+00
    5.5112031336254343e+00
    6.9248764712655966e+00
    8.5099619412235210e+00
    1.0271016410718625e+01
    1.2213319258380755e+01
    1.4342973837193917e+01
    1.6667033833579065e+01
    1.9193661767906860e+01
    2.1932329651033871e+01
    2.4894075870623851e+01
    2.8091838464994943e+01
    3.1540894289529181e+01
    3.5259448346852260e+01
    3.9269441628225408e+01
    4.3597686524122118e+01
    4.8277510677053868e+01
    5.3351223330255330e+01
    5.8873980496580153e+01
    6.4920181251470197e+01
    7.1594820783815180e+01
    7.9055623070320465e+01
    8.7562328047540717e+01
    9.7611678758815458e+01
    1.1048108133793225e+02
