    6.8349651342955123e-03
    1.3715338979009439e-01
    4.2193132439760650e-01
    8.6151703970460336e-01
    1.4569600540791532e+00
    2.2097232604112809e+00
    3.1216896107730472e+00
    4.1951869560923916e+00
    5.4330218801421060e+00
    6.8385225972151087e+00
    8.4155923725055217e+00
    1.0168775640318044e+01
    1.2103339761818440e+01
    1.4225376363027348e+01
    1.6541927564543180e+01
    1.9061144342668833e+01
    2.1792487029773540e+01
    2.4746982018810385e+01
    2.7937554817533304e+01
    3.1379468939927683e+01
    3.5090914879969311e+01
    3.9093817474905777e+01
    4.3414970651621168e+01
    4.8087680321732236e+01
    5.3154229291202952e+01
    5.8669740161371188e+01
    6.4708567836574687e+01
    7.1375645782982431e+01
    7.8828605293430854e+01
    8.7327032369572606e+01
    9.7367370582680834e+01
    1.1022623542528999e+02
