        0.0000000000000000
        0.0000000000000000
        0.0000000000000012
        0.0000000000004215
        0.0000000000593329
        0.0000000040988322
        0.0000001574167793
        0.0000036505851296
        0.0000541658406182
        0.0005362683655280
        0.0036548903266544
        0.0175534288315733
        0.0604581309559126
        0.1512697340766427
        0.2774581423025297
        0.3752383525928026
        0.3752383525928022
        0.2774581423025294
        0.1512697340766426
        0.0604581309559128
        0.0175534288315734
        0.0036548903266544
        0.0005362683655280
        0.0000541658406182
        0.0000036505851296
        0.0000001574167793
        0.0000000040988322
        0.0000000000593329
        0.0000000000004215
        0.0000000000000012
        0.0000000000000000
        0.0000000000000000
