    1.9595617044983311e+00
    7.8822350507426797e-01
    4.4632374549508125e-01
    2.4022681557356410e-01
    1.1605557223870376e-01
    4.9259381409418275e-02
    1.8162276309505326e-02
    5.7733391313525666e-03
    1.5727202182037757e-03
    3.6516511349627030e-04
    7.1882183048570442e-05
    1.1929716707322885e-05
    1.6592256036743341e-06
    1.9211603095856453e-07
    1.8381064230881559e-08
    1.4409839987621275e-09
    9.1671037783729852e-11
    4.6800042219245274e-12
    1.8926246030261343e-13
    5.9712552823360214e-15
    1.4434142964847250e-16
    2.6157694051619169e-18
    3.4608664461232409e-20
    3.2350391675652120e-22
    2.0493338369025296e-24
    8.3345544341171728e-27
    2.0233469496423755e-29
    2.6466381266561669e-32
    1.6002919058196261e-35
    3.4800276403839641e-39
    1.6910787423100440e-43
    5.5104670567153174e-49
