    8.7194185736922582e-03
    1.4287624249411568e-01
    4.3129490696578188e-01
    8.7441642748282777e-01
    1.4733013110332416e+00
    2.2294197537903284e+00
    3.1446610635572112e+00
    4.2213589222971990e+00
    5.4623253572542119e+00
    6.8708937146615785e+00
    8.4509721374694617e+00
    1.0207109733688156e+01
    1.2144578381445392e+01
    1.4269474113932260e+01
    1.6588843397732980e+01
    1.9110841546315246e+01
    2.1844933279047211e+01
    2.4802149493977822e+01
    2.7995420404500585e+01
    3.1440014533988609e+01
    3.5154127823305245e+01
    3.9159691173483431e+01
    4.3483505441300061e+01
    4.8158884693689998e+01
    5.3228121657249886e+01
    5.8746351470074444e+01
    6.4787945609470157e+01
    7.1457860698833798e+01
    7.8913762803104859e+01
    8.7415295674247517e+01
    9.7459015232313476e+01
    1.1032183358271926e+02
