    2.7779712336539313e+00
    8.8519948634478385e-01
    4.7662032798685960e-01
    2.5118898168097065e-01
    1.2064535894718328e-01
    5.1458539043356968e-02
    1.9234443440562424e-02
    6.2472791319938487e-03
    1.7518531081688255e-03
    4.2178240939329443e-04
    8.6731140956778740e-05
    1.5150997105853843e-05
    2.2358376596992077e-06
    2.7702242657801236e-07
    2.8623642305245945e-08
    2.4477856958798222e-09
    1.7176153288324197e-10
    9.7929761045602612e-12
    4.4856123572343987e-13
    1.6290363221450094e-14
    4.6188643153295183e-16
    1.0038824869835053e-17
    1.6361690694458738e-19
    1.9469070783207904e-21
    1.6361582400867976e-23
    9.3116318471034150e-26
    3.3980331857398497e-28
    7.3879762000319118e-31
    8.6305060763041898e-34
    4.6408970735475995e-37
    8.9170426179047982e-41
    3.7867478564466460e-45
    1.0540194157184151e-50
