    1.1808421184474527e+00
    6.5035378915865960e-01
    4.0781641014881453e-01
    2.3518784791838698e-01
    1.2032344363396438e-01
    5.3846462710619138e-02
    2.0914101545379003e-02
    7.0113124014266658e-03
    2.0194111101563307e-03
    4.9752256427117191e-04
    1.0438187673369921e-04
    1.8560776756409581e-05
    2.7826907727445954e-06
    3.4971599981999182e-07
    3.6603064591487370e-08
    3.1670959783281441e-09
    2.2463771352849782e-10
    1.2935154950142069e-11
    5.9794041401195460e-13
    2.1901073276880420e-14
    6.2592419777508769e-16
    1.3705796171063814e-17
    2.2495372054502056e-19
    2.6945456815458076e-21
    2.2787333845518133e-23
    1.3046496640879404e-25
    4.7883566358168390e-28
    1.0468519032831672e-30
    1.2294991670003816e-33
    6.6463532033887215e-37
    1.2837661720167400e-40
    5.4811759351173776e-45
    1.5346841873949602e-50
