        0.0000000000000000
        0.0000000000000000
        0.0000000000000002
        0.0000000000000943
        0.0000000000147398
        0.0000000011289222
        0.0000000480774568
        0.0000012376933672
        0.0000204236840514
        0.0002254427705963
        0.0017184546377609
        0.0092656899706852
        0.0359879823185768
        0.1020690799955419
        0.2134939311502915
        0.3315520007507412
        0.3837852665198647
        0.3315520007507409
        0.2134939311502918
        0.1020690799955415
        0.0359879823185770
        0.0092656899706852
        0.0017184546377609
        0.0002254427705963
        0.0000204236840514
        0.0000012376933672
        0.0000000480774568
        0.0000000011289222
        0.0000000000147398
        0.0000000000000943
        0.0000000000000002
        0.0000000000000000
        0.0000000000000000
