    1.9451113106048707e+00
    7.8556804698030058e-01
    4.4869597759372598e-01
    2.4475598543965452e-01
    1.2041214368025234e-01
    5.2302834412488022e-02
    1.9835892255294005e-02
    6.5201752055564603e-03
    1.8469415497666564e-03
    4.4855544798301511e-04
    9.2937994770821944e-05
    1.6344201649850411e-05
    2.4263376039805509e-06
    3.0224014993176287e-07
    3.1381077562461842e-08
    2.6954704044070509e-09
    1.8990850372496354e-10
    1.0868044847349488e-11
    4.9952318456524750e-13
    1.8199355351240709e-14
    5.1755776624681387e-16
    1.1280363372641612e-17
    1.8433716904081462e-19
    2.1989283456928740e-21
    1.8523230469550698e-23
    1.0565610146015363e-25
    3.8639602061264004e-28
    8.4184647323982862e-31
    9.8541726506286000e-34
    5.3094093775801487e-37
    1.0221701694925717e-40
    4.3495948316769724e-45
    1.2133719566795419e-50
