    1.1647060596097809e-02
    1.4791952489046092e-01
    4.3348964024946351e-01
    8.6886557211850157e-01
    1.4550294309089760e+00
    2.1933304861311251e+00
    3.0854961149877749e+00
    4.1336537773250939e+00
    5.3403599928526466e+00
    6.7086367316103876e+00
    8.2420164284396815e+00
    9.9445973310869338e+00
    1.1821111454818871e+01
    1.3877008149949186e+01
    1.6118557282877621e+01
    1.8552977407956625e+01
    2.1188596249299920e+01
    2.4035053602278126e+01
    2.7103560856552697e+01
    3.0407237477361036e+01
    3.3961554208777940e+01
    3.7784927656523649e+01
    4.1899535194534863e+01
    4.6332460209091714e+01
    5.1117350148058186e+01
    5.6296904217332298e+01
    6.1926772207624388e+01
    6.8082006980219717e+01
    7.4868518355267753e+01
    8.2445404873948874e+01
    9.1074690661069795e+01
    1.0125756381692473e+02
    1.1428316689833493e+02
