    3.6536232405960831e+00
    9.6112627850247978e-01
    4.9684817614545185e-01
    2.5579083594398666e-01
    1.2087746463464975e-01
    5.0928568727781447e-02
    1.8851328296339079e-02
    6.0738157318376970e-03
    1.6916995645928868e-03
    4.0493329571617519e-04
    8.2844547596811545e-05
    1.4407341290632504e-05
    2.1176245087174778e-06
    2.6143626652926684e-07
    2.6925644022375300e-08
    2.2957825272294173e-09
    1.6065984776314782e-10
    9.1372082509877694e-12
    4.1756020791274073e-13
    1.5132045059372015e-14
    4.2818735431718818e-16
    9.2889814010925945e-18
    1.5112915436730781e-19
    1.7953231309780734e-21
    1.5063893507507127e-23
    8.5602126052178598e-26
    3.1193257290289804e-28
    6.7726033390779990e-31
    7.9009770963219223e-34
    4.2429868448752609e-37
    8.1417427158192187e-41
    3.4528290360156840e-45
    9.5965284214489677e-51
