    5.4469651673907521e-03
    1.2933103591541079e-01
    4.0312145060047067e-01
    8.2704803704776975e-01
    1.4020588888668561e+00
    2.1294808069861810e+00
    3.0110216436022506e+00
    4.0487909412244507e+00
    5.2453284852462927e+00
    6.6036404654795344e+00
    8.1272443214957413e+00
    9.8202239448967248e+00
    1.1687297497876241e+01
    1.3733900847301966e+01
    1.5966290609481822e+01
    1.8391672177553570e+01
    2.1018360044390509e+01
    2.3855980522891688e+01
    2.6915731054949781e+01
    3.0210716431065407e+01
    3.3756391663002319e+01
    3.7571156135175443e+01
    4.1677167929718912e+01
    4.6101488260091649e+01
    5.0877738349072771e+01
    5.6048585362895139e+01
    6.1669638458477216e+01
    6.7815896627762356e+01
    7.4593194256329596e+01
    8.2160516439699819e+01
    9.0779698699928403e+01
    1.0095156202644618e+02
    1.1396427961936010e+02
