    6.6284694623730918e-03
    1.3300707808709267e-01
    4.0915777615882304e-01
    8.3537831630078863e-01
    1.4126236437981550e+00
    2.1422250567697483e+00
    3.0258943230758266e+00
    4.0657445818474018e+00
    5.2643189786954547e+00
    6.6246268722173349e+00
    8.1501887129103601e+00
    9.8450912745672419e+00
    1.1714055500088836e+01
    1.3762519962325712e+01
    1.5996743936179257e+01
    1.8423935454967946e+01
    2.1052411665193073e+01
    2.3891801583146520e+01
    2.6953305446767768e+01
    3.0250030987667678e+01
    3.3797436369984801e+01
    3.7613924428144330e+01
    4.1721657108328394e+01
    4.6147700064311849e+01
    5.0925679769873732e+01
    5.6098269805631610e+01
    6.1721087462543515e+01
    6.7869142515122832e+01
    7.4648284447035778e+01
    8.2217521058654555e+01
    9.0838725617550892e+01
    1.0101279258271272e+02
    1.1402808914987763e+02
