    8.4561883516338990e-03
    1.3856008725706076e-01
    4.1824723082708998e-01
    8.4790489301185679e-01
    1.4284983069088721e+00
    2.1613655239701317e+00
    3.0482241786650728e+00
    4.0911927938568295e+00
    5.2928195434397267e+00
    6.6561185274656287e+00
    8.1846147017970097e+00
    9.8823991532879383e+00
    1.1754196986462143e+01
    1.3805450824440848e+01
    1.6042423921977541e+01
    1.8472328265216834e+01
    2.1103484974177412e+01
    2.3945527113766275e+01
    2.7009659109898184e+01
    3.0308993100064132e+01
    3.3858991971414206e+01
    3.7678063727991621e+01
    4.1788376106711368e+01
    4.6217001416422740e+01
    5.0997574001788863e+01
    5.6172777058948824e+01
    6.1798240073086653e+01
    6.7948988984404963e+01
    7.4730895913217054e+01
    8.2303002702423200e+01
    9.0927239214447027e+01
    1.0110461006815846e+02
    1.1412377333614282e+02
