    6.4340850793150528e-03
    1.2910417957777090e-01
    3.9713563518654632e-01
    8.1078205089730793e-01
    1.3709147581534336e+00
    2.0787488341316060e+00
    2.9358451379618939e+00
    3.9441279689032536e+00
    5.1059094321627647e+00
    6.4239201789722644e+00
    7.9013473516837083e+00
    9.5418810423107949e+00
    1.1349771021481578e+01
    1.3329896048707960e+01
    1.5487848808672453e+01
    1.7830040516995176e+01
    2.0363830624049886e+01
    2.3097689000447076e+01
    2.6041400798629187e+01
    2.9206328307793783e+01
    3.2605750301237975e+01
    3.6255308875604214e+01
    4.0173608792639016e+01
    4.4383038813812526e+01
    4.8910925917021764e+01
    5.3791206323929593e+01
    5.9066932735524432e+01
    6.4794203986969649e+01
    7.1048669021083981e+01
    7.7937073185523360e+01
    8.5619772445496608e+01
    9.4360882329340100e+01
    1.0466566278097169e+02
    1.1783400870904744e+02
