    2.7620176749876904e+00
    8.8336635623467841e-01
    4.7948756485940391e-01
    2.5587832613530770e-01
    1.2500593269470592e-01
    5.4484557620095041e-02
    2.0910541072466107e-02
    7.0081117202615362e-03
    2.0383851156461274e-03
    5.1183394222388112e-04
    1.1040389768561506e-04
    2.0356641630959911e-05
    3.1919028872404755e-06
    4.2325074996678858e-07
    4.7173237549579171e-08
    4.3892269712620275e-09
    3.3833761939912984e-10
    2.1419564285369695e-11
    1.1026967600485409e-12
    4.5636901526251323e-14
    1.4983544554902569e-15
    3.8421697341904478e-17
    7.5539109314780717e-19
    1.1136903283861910e-20
    1.1984551612387940e-22
    9.1034620231638518e-25
    4.6786097116573859e-27
    1.5396750697102246e-29
    3.0127639573371489e-32
    3.1583292819477053e-35
    1.5176367475230541e-38
    2.5889759389923765e-42
    9.6566665633096791e-47
    2.3088607393679060e-52
