        0.0000000000000000
        0.0000000000000000
        0.0000000000000000
        0.0000000000000209
        0.0000000000036099
        0.0000000003056252
        0.0000000143877329
        0.0000004097974035
        0.0000074934487833
        0.0000918611898287
        0.0007798175996232
        0.0046984636292666
        0.0204731517270195
        0.0654451341087527
        0.1551104166233092
        0.2746277156351378
        0.3649924469966453
        0.3649924469966442
        0.2746277156351378
        0.1551104166233091
        0.0654451341087529
        0.0204731517270194
        0.0046984636292666
        0.0007798175996232
        0.0000918611898287
        0.0000074934487833
        0.0000004097974035
        0.0000000143877329
        0.0000000003056252
        0.0000000000036099
        0.0000000000000209
        0.0000000000000000
        0.0000000000000000
        0.0000000000000000
