    4.1909920020069359e-02
    2.2091640195235462e-01
    5.4335369455653904e-01
    1.0099677654843224e+00
    1.6217519534739477e+00
    2.3800146262422652e+00
    3.2864001540017647e+00
    4.3429101670516772e+00
    5.5519292890365630e+00
    6.9162567116922560e+00
    8.4391447956883763e+00
    1.0124346108943481e+01
    1.1976170700835036e+01
    1.3999555947016374e+01
    1.6200152028494301e+01
    1.8584427107409883e+01
    2.1159797649874971e+01
    2.3934791306586671e+01
    2.6919252581223652e+01
    3.0124605652367993e+01
    3.3564194916500604e+01
    3.7253733351103342e+01
    4.1211903857730860e+01
    4.5461183306440915e+01
    5.0029000541299311e+01
    5.4949412893952811e+01
    6.0265621684680156e+01
    6.6033914923530773e+01
    7.2330193077791051e+01
    7.9261554487795792e+01
    8.6988886814947406e+01
    9.5777190422188156e+01
    1.0613344848238276e+02
    1.1936210667770354e+02
