    3.6361127983864017e+00
    9.5998494663950629e-01
    5.0024749541908020e-01
    2.6076440318647082e-01
    1.2533471033471727e-01
    5.3958586996598758e-02
    2.0506390102140178e-02
    6.8173110050558277e-03
    1.9694009934383650e-03
    4.9161889347823159e-04
    1.0550204520585523e-04
    1.9365133565699572e-05
    3.0242324416434647e-06
    3.9956866202177244e-07
    4.4388093650863035e-08
    4.1177754173658625e-09
    3.1654646138919298e-10
    1.9989616120992624e-11
    1.0266880705401322e-12
    4.2399323066019217e-14
    1.3892512615852846e-15
    3.5556738978332733e-17
    6.9782349239200871e-19
    1.0270936011955691e-20
    1.1035133481231477e-22
    8.3696305780992675e-25
    4.2952621549990026e-27
    1.4115621224175131e-29
    2.7583825873271596e-32
    2.8878902398788025e-35
    1.3859072811140759e-38
    2.3612267053509852e-42
    8.7955846976916828e-47
    2.0999437529688254e-52
