    1.9311780768255269e+00
    7.8290361063170055e-01
    4.5084098210352991e-01
    2.4904142791140832e-01
    1.2463274229428996e-01
    5.5324476674075106e-02
    2.1544959518934360e-02
    7.3081579973188282e-03
    2.1473791410276904e-03
    5.4393947775449722e-04
    1.1822836823221614e-04
    2.1946811024845538e-05
    3.4619896791584511e-06
    4.6155249462204807e-07
    5.1694518798201504e-08
    4.8314061578459371e-09
    3.7394729331523258e-10
    2.3763205995842868e-11
    1.2276160746215466e-12
    5.0971524830785353e-14
    1.6785599985700559e-15
    4.3164486793930504e-17
    8.5089537790621767e-19
    1.2576450214074408e-20
    1.3565863340741850e-22
    1.0327946032790788e-24
    5.3193950080380577e-27
    1.7541848469417732e-29
    3.4393926309964456e-32
    3.6126130131039690e-35
    1.7392642514088241e-38
    2.9727550330923449e-42
    1.1110024629212489e-46
    2.6621049173240066e-52
