    8.2083857513465652e-03
    1.3449713839036900e-01
    4.0596656835506201e-01
    8.2295679436957692e-01
    1.3863488037525380e+00
    2.0973639333867431e+00
    2.9575684698263807e+00
    3.9688916941788941e+00
    5.1336503668951332e+00
    6.4545795301240592e+00
    7.9348704979610876e+00
    9.5782173534668988e+00
    1.1388873713170433e+01
    1.3371722071849264e+01
    1.5532358773633378e+01
    1.7877198654158221e+01
    2.0413604783739785e+01
    2.3150050696911904e+01
    2.6096325305015640e+01
    2.9263794812109943e+01
    3.2665742137598016e+01
    3.6317813851297956e+01
    4.0238619640934218e+01
    4.4450553816890142e+01
    4.8980949766681441e+01
    5.3863751326489130e+01
    5.9142020535182212e+01
    6.4871868107424135e+01
    7.1128958773984650e+01
    7.8020060032234667e+01
    8.5705561202649307e+01
    9.4449633314174505e+01
    1.0475764439052210e+02
    1.1792977475689086e+02
