    1.1696039352718859e+00
    6.4672349027328702e-01
    4.0893047607936112e-01
    2.3885335462239526e-01
    1.2432282865723472e-01
    5.6864980744809002e-02
    2.2682045059812101e-02
    7.8477882352321910e-03
    2.3449138302484404e-03
    6.0261271730551228e-04
    1.3264364808820539e-04
    2.4898676012046564e-05
    3.9668793180292013e-06
    5.3361598987195101e-07
    6.0251967539759611e-08
    5.6729380410698208e-09
    4.4206402312992678e-10
    2.8267569665594465e-11
    1.4687665703337793e-12
    6.1312313892156838e-14
    2.0292293920911872e-15
    5.2427318029783649e-17
    1.0380601278261975e-18
    1.5406793569172006e-20
    1.6684555966709911e-22
    1.2750023292433856e-24
    6.5904759392711690e-27
    2.1808503442969143e-29
    4.2902026934999268e-32
    4.5209015241456042e-35
    2.1835048915576388e-38
    3.7439698099139276e-42
    1.4038210507394511e-46
    3.3758526121387257e-52
