    1.1306165656660235e-02
    1.4358726718182116e-01
    4.2077615403355029e-01
    8.4332967535509551e-01
    1.4121446551657264e+00
    2.1284528306152617e+00
    2.9938295032949207e+00
    4.0102122253470363e+00
    5.1799254847552660e+00
    6.5057116125021777e+00
    7.9907688483669368e+00
    9.6387979020628496e+00
    1.1454058776859895e+01
    1.3441440171708397e+01
    1.5606544510186483e+01
    1.7955792643114545e+01
    2.0496553657154163e+01
    2.3237307177602414e+01
    2.6187848365810481e+01
    2.9359549936581328e+01
    3.2765701706103805e+01
    3.6421957686559139e+01
    4.0346935762973999e+01
    4.4563039481298858e+01
    4.9097612898876577e+01
    5.3984612529243407e+01
    5.9267115959699261e+01
    6.5001253687323015e+01
    7.1262716735934987e+01
    7.8158309492944625e+01
    8.5848476833895816e+01
    9.4597482229616645e+01
    1.0491087372421151e+02
    1.1808930704129669e+02
