    1.0315038575730014e-01
    2.0093362433727369e-01
    2.2905771330341623e-01
    1.9632330935126729e-01
    1.3527946838507021e-01
    7.7002901308628260e-02
    3.6680933967009964e-02
    1.4718804216281762e-02
    4.9902953926279445e-03
    1.4308099465646764e-03
    3.4670576855407162e-04
    7.0871552163518880e-05
    1.2186620326459164e-05
    1.7561240277004728e-06
    2.1107760990325666e-07
    2.1041408830914232e-08
    1.7279159840337790e-09
    1.1596787831018481e-10
    6.3019775165523723e-12
    2.7428169246147070e-13
    9.4387659042618811e-15
    2.5294403274623464e-16
    5.1837051891586371e-18
    7.9479678599436265e-20
    8.8767890052002854e-22
    6.9856955463838340e-24
    3.7137865397765176e-26
    1.2625667474662793e-28
    2.5494564787229183e-31
    2.7557883418057512e-34
    1.3647603089701598e-37
    2.3994979484592654e-41
    9.2320704761905189e-46
    2.2838380513188114e-51
