       -7.3798909504812453
       -6.6716591360701702
       -6.0816169939363185
       -5.5518613309887828
       -5.0602960186057606
       -4.5955197481081722
       -4.1506656029707791
       -3.7211752324761491
       -3.3038084315644167
       -2.8961389431744315
       -2.4962719408165470
       -2.1026736904673338
       -1.7140625533873375
       -1.3293355518847862
       -0.9475164580334473
       -0.5677172685548749
       -0.1891080605271421
        0.1891080605271426
        0.5677172685548741
        0.9475164580334461
        1.3293355518847867
        1.7140625533873390
        2.1026736904673329
        2.4962719408165466
        2.8961389431744320
        3.3038084315644145
        3.7211752324761527
        4.1506656029707800
        4.5955197481081731
        5.0602960186057633
        5.5518613309887819
        6.0816169939363158
        6.6716591360701702
        7.3798909504812453
