    5.2871513701087591e-03
    1.2553420090043266e-01
    3.9127116833653314e-01
    8.0268597407094711e-01
    1.3606435201554408e+00
    2.0663547164760052e+00
    2.9213768002433813e+00
    3.9276307429428456e+00
    5.0874255391055287e+00
    6.4034889056331341e+00
    7.8790051970507813e+00
    9.5176618384710441e+00
    1.1323706030848017e+01
    1.3302014038212995e+01
    1.5458176100712324e+01
    1.7798601016076276e+01
    2.0330645817154885e+01
    2.3062777927991377e+01
    2.6004779991382019e+01
    2.9168011683101497e+01
    3.2565749009019619e+01
    3.6213631080420548e+01
    4.0130259371891668e+01
    4.4338018942464089e+01
    4.8864232493729801e+01
    5.3742831167621191e+01
    5.9016861436188925e+01
    6.4742414210733543e+01
    7.0995127903712813e+01
    7.7881733089757915e+01
    8.5562563487957902e+01
    9.4301697611439025e+01
    1.0460432332273611e+02
    1.1777014517875793e+02
