    4.0729209061718397e-02
    2.1468745273514991e-01
    5.2801038431934477e-01
    9.8138617345907586e-01
    1.5757259475774530e+00
    2.3122282965132115e+00
    3.1923979394931243e+00
    4.2180641250297262e+00
    5.3914027346738367e+00
    6.7149632799157555e+00
    8.1917017588376329e+00
    9.8250204970927069e+00
    1.1618816388907334e+01
    1.3577539357307797e+01
    1.5706263395762781e+01
    1.8010773287835129e+01
    2.0497671107146630e+01
    2.3174507997799253e+01
    2.6049948710370238e+01
    2.9133979209544432e+01
    3.2438171837677935e+01
    3.5976028769894015e+01
    3.9763434104800268e+01
    4.3819260118606671e+01
    4.8166197974018743e+01
    5.2831925058015607e+01
    5.7850795022134406e+01
    6.3266373675384763e+01
    6.9135413883648184e+01
    7.5534435134729947e+01
    8.2571405523582598e+01
    9.0408523864400749e+01
    9.9312973659441397e+01
    1.0979599094490641e+02
    1.2317325317537596e+02
