    1.0984658545131858e-02
    1.3950163139420266e-01
    4.0878783842087923e-01
    8.1925474033057466e-01
    1.3717234498909558e+00
    2.0673214863671525e+00
    2.9074895330998460e+00
    3.8939973951038889e+00
    5.0289651352241744e+00
    6.3148894690311153e+00
    7.7546761458006097e+00
    9.3516793691473428e+00
    1.1109749644265451e+01
    1.3033291854679572e+01
    1.5127335918046771e+01
    1.7397623105295192e+01
    1.9850712111656588e+01
    2.2494110363058450e+01
    2.5336438011628999e+01
    2.8387634907900278e+01
    3.1659224994782480e+01
    3.5164658803291019e+01
    3.8919764312975509e+01
    4.2943351582970095e+01
    4.7258041256210547e+01
    5.1891428807962164e+01
    5.6877770106434539e+01
    6.2260510550645854e+01
    6.8096249302081546e+01
    7.4461301024416542e+01
    8.1463345870456948e+01
    8.9264148418018365e+01
    9.8130168967907835e+01
    1.0857123454888284e+02
    1.2189930135074319e+02
