    7.9746930883391447e-03
    1.3066574299585523e-01
    3.9438715622378473e-01
    7.9943754037032944e-01
    1.3466231128493789e+00
    2.0370617290827600e+00
    2.8721857128509924e+00
    3.8537571983689500e+00
    4.9838890783012006e+00
    6.2650713029306901e+00
    7.7002031934826176e+00
    9.2926328060603733e+00
    1.1046204727112384e+01
    1.2965318100440340e+01
    1.5054997233363565e+01
    1.7320977864628006e+01
    1.9769813180815873e+01
    2.2409005062585496e+01
    2.5247168011788791e+01
    2.8294236043461424e+01
    3.1561726982827118e+01
    3.5063084840312797e+01
    3.8814130517340267e+01
    4.2833666233525243e+01
    4.7144303754143785e+01
    5.1773628251010678e+01
    5.6755883301104028e+01
    6.2134499177111174e+01
    6.7966055741094891e+01
    7.4326841948586718e+01
    8.1324501822405111e+01
    8.9120745465148318e+01
    9.7981942463519417e+01
    1.0841774312067544e+02
    1.2173963689039387e+02
