    2.7465981198228393e+00
    8.8149421116968585e-01
    4.8212667214987009e-01
    2.6033609254339080e-01
    1.2923862624477173e-01
    5.7488899315777435e-02
    2.2618828458937344e-02
    7.8075933774252090e-03
    2.3502725301672010e-03
    6.1388422713592528e-04
    1.3848477426424622e-04
    2.6857599743741063e-05
    4.4566936356552350e-06
    6.2954778117374675e-07
    7.5284479370092853e-08
    7.5749278120104393e-09
    6.3689836580967861e-10
    4.4404239695409023e-11
    2.5446661844592777e-12
    1.1866728164639739e-13
    4.4514629195501002e-15
    1.3252915955370476e-16
    3.0825917491714259e-18
    5.4980729053201550e-20
    7.3531098646975484e-22
    7.1756546065988773e-24
    4.9399141842261289e-26
    2.2987259009195170e-28
    6.8397748116982230e-31
    1.2076409351877307e-33
    1.1390194553305652e-36
    4.9035954425154298e-40
    7.4468268712529745e-44
    2.4464750368312337e-48
    5.0404455947979132e-54
