    5.1364481503556611e-03
    1.2195399948357107e-01
    3.8009830490161395e-01
    7.7972067467641448e-01
    1.3216121945816628e+00
    2.0068810344339250e+00
    2.8369511287184572e+00
    3.8135769064709857e+00
    4.9388640555884384e+00
    6.2152957280575265e+00
    7.6457647862133333e+00
    9.2336131100844394e+00
    1.0982679340998041e+01
    1.2897356858682594e+01
    1.4982664337607307e+01
    1.7244331963471389e+01
    1.9688907394805376e+01
    2.2323886948881210e+01
    2.5157879460271030e+01
    2.8200813092457114e+01
    3.1464199537698740e+01
    3.4961476271161160e+01
    3.8708457101880803e+01
    4.2723936395898008e+01
    4.7030517026711451e+01
    5.1655773848173816e+01
    5.6633938130671432e+01
    6.2008425003694590e+01
    6.7835795010499837e+01
    7.4192311374904364e+01
    8.1185581958999705e+01
    8.8977262346363219e+01
    9.7833631339355335e+01
    1.0826416238140322e+02
    1.2157987783738287e+02
