    1.1587814046376401e+00
    6.4314009396288729e-01
    4.0987030199901792e-01
    2.4229452418618774e-01
    1.2817879499744961e-01
    5.9847465300580424e-02
    2.4477042907343496e-02
    8.7239307761981400e-03
    2.6982368934903673e-03
    7.2141503009049291e-04
    1.6609554714011151e-04
    3.2798348022096961e-05
    5.5307497703795912e-06
    7.9265764690002814e-07
    9.6041211651722546e-08
    9.7796392808822312e-09
    8.3133120619206834e-10
    5.8548146482386928e-11
    3.3867043320467870e-12
    1.5931194362668796e-13
    6.0247380297957352e-15
    1.8073461428401299e-16
    4.2339154946614274e-18
    7.6025108291402892e-20
    1.0232504962858395e-21
    1.0046129978362999e-23
    6.9560346141325012e-26
    3.2548368536696609e-28
    9.7363013720433235e-31
    1.7279344529645036e-33
    1.6379614711983411e-36
    7.0866307196097267e-40
    1.0815658486347504e-43
    3.5714479586849508e-48
    7.3997205272701132e-54
