    1.9177296391548329e+00
    7.8023675980567908e-01
    4.5277882992766888e-01
    2.5309776983833787e-01
    1.2871950725397693e-01
    5.8319122937917453e-02
    2.3284359638013282e-02
    8.1351725493496990e-03
    2.4740621926332622e-03
    6.5193386180498875e-04
    1.4820371514332535e-04
    2.8938438302338098e-05
    4.8311775452873193e-06
    6.8617746983255419e-07
    8.2462734731833756e-08
    8.3346122895851479e-09
    7.0366903470826710e-10
    4.9246202603778163e-11
    2.8320819373666907e-12
    1.3250263733165125e-13
    4.9856241113390882e-15
    1.4885629467250197e-16
    3.4716511754164610e-18
    6.2076697962375978e-20
    8.3220139759921541e-22
    8.1396589567344124e-24
    5.6157233115180581e-26
    2.6186377348370415e-28
    7.8072529088322867e-31
    1.3811314222914497e-33
    1.3051146178287077e-36
    5.6291259581085494e-40
    8.5646145632721348e-44
    2.8191102167878936e-48
    5.8204673973136789e-54
