    6.2507768206853786e-03
    1.2542386483878987e-01
    3.8580043498089944e-01
    7.8759537716222050e-01
    1.3316058246027132e+00
    2.0189438174451801e+00
    2.8510366475789697e+00
    3.8296418295491725e+00
    4.9568679370185214e+00
    6.2352008451171894e+00
    7.6675360033698885e+00
    9.2572177656289441e+00
    1.1008087154418469e+01
    1.2924539858010858e+01
    1.5011596806714547e+01
    1.7274990409951837e+01
    1.9721270539804362e+01
    2.2357935741075845e+01
    2.5193597117294253e+01
    2.8238185174493793e+01
    3.1503214059956662e+01
    3.5002123864717255e+01
    3.8750731236480767e+01
    4.2767833684407918e+01
    4.7076037640406042e+01
    5.1702922087257278e+01
    5.6682723219831438e+01
    6.2058862226924809e+01
    6.7887907381646215e+01
    7.4246132203330887e+01
    8.1241159022054774e+01
    8.9034665234265887e+01
    9.7892965964500007e+01
    1.0832560541618793e+02
    1.2164379283215511e+02
