    3.6191729903092380e+00
    9.5877665100229148e-01
    5.0340416440046498e-01
    2.6550492367548117e-01
    1.2966814282981950e-01
    5.6970439531970569e-02
    2.2194838486220444e-02
    7.5992006056139543e-03
    2.2718862162438369e-03
    5.8991473521075033e-04
    1.3239318005305213e-04
    2.5559563108218343e-05
    4.2241153209953556e-06
    5.9451980296683054e-07
    7.0861030146526447e-08
    7.1084079047269468e-09
    5.9602614058046379e-10
    4.1449163204784928e-11
    2.3697415240398433e-12
    1.1026875589898847e-13
    4.1279973970000208e-15
    1.2266473352138174e-16
    2.8480389984018237e-18
    5.0711498073569668e-20
    6.7713051025168270e-22
    6.5978591326792724e-24
    4.5355680658977741e-26
    2.1076418467360194e-28
    6.2628404371015763e-31
    1.1043473443893888e-33
    1.0402818049208468e-36
    4.4729517799717224e-40
    6.7843721363791442e-44
    2.2259823258896265e-48
    4.5796998142979384e-54
