    1.0036223741924330e-01
    1.9648238336170681e-01
    2.2601456693434149e-01
    1.9627166789644537e-01
    1.3760074201312755e-01
    8.0030400464140325e-02
    3.9125771428883481e-02
    1.6186726526125655e-02
    5.6853255717742909e-03
    1.6972232991259572e-03
    4.3048506814167192e-04
    9.2634053063652831e-05
    1.6870264869314496e-05
    2.5916721474280197e-06
    3.3446109572663271e-07
    3.6077854386915585e-08
    3.2335690322102295e-09
    2.3913229815921728e-10
    1.4473323990388742e-11
    7.1013552778117063e-13
    2.7933695093215671e-14
    8.6948402143308983e-16
    2.1088459367771850e-17
    3.9129108119233877e-19
    5.4327194067069520e-21
    5.4936947240755368e-23
    3.9126925656367697e-25
    1.8809869282202777e-27
    5.7751551043945505e-30
    1.0511407467806796e-32
    1.0212770131874481e-35
    4.5273473120817601e-39
    7.0802327339256339e-43
    2.3974946333650822e-47
    5.1067238137005084e-53
