        0.0000000000000000
        0.0000000000000000
        0.0000000000000000
        0.0000000000000046
        0.0000000000008723
        0.0000000000814070
        0.0000000042239761
        0.0000001326940517
        0.0000026798156546
        0.0000363527691742
        0.0003423400931996
        0.0022950283295841
        0.0111668065902658
        0.0400247751331004
        0.1068729069554623
        0.2143471905960735
        0.3247287215745701
        0.3728199731907236
        0.3247287215745703
        0.2143471905960739
        0.1068729069554625
        0.0400247751331002
        0.0111668065902657
        0.0022950283295841
        0.0003423400931996
        0.0000363527691742
        0.0000026798156546
        0.0000001326940517
        0.0000000042239761
        0.0000000000814070
        0.0000000000008723
        0.0000000000000046
        0.0000000000000000
        0.0000000000000000
        0.0000000000000000
