    3.6027702426226127e+00
    9.5751099307594645e-01
    5.0633751787867876e-01
    2.7002534239849862e-01
    1.3387941069255599e-01
    5.9959477088408451e-02
    2.3912122972287005e-02
    8.4175463588367812e-03
    2.5991210683870285e-03
    7.0034988038531463e-04
    1.6392717865234530e-04
    3.3181954704610940e-05
    5.7823471885668744e-06
    8.6335851811373084e-07
    1.0988467048554639e-07
    1.1855091007170405e-08
    1.0774436843824529e-09
    8.1919529800744818e-11
    5.1698996670492654e-12
    2.6842226265543910e-13
    1.1349715284654627e-14
    3.8627917424944341e-16
    1.0439257219878571e-17
    2.2048495193903127e-19
    3.5714530081651950e-21
    4.3376448083228434e-23
    3.8429523963887781e-25
    2.4004332742722874e-27
    1.0125462763949526e-29
    2.7272105926093736e-32
    4.3500074834480087e-35
    3.6958213527564369e-38
    1.4272838956975793e-41
    1.9321075002090475e-45
    5.5986323463266677e-50
    9.9556658976999549e-56
