    9.7720748431261190e-02
    1.9221751311006871e-01
    2.2300334469787747e-01
    1.9607084692947169e-01
    1.3972138965259531e-01
    8.2933865664552200e-02
    4.1550462059067213e-02
    1.7691908088602486e-02
    6.4242052543488481e-03
    1.9920097555308006e-03
    5.2741253900151291e-04
    1.1909282938083780e-04
    2.2887388197004953e-05
    3.7327718559925911e-06
    5.1475935569309612e-07
    5.9756785226398882e-08
    5.8088933596193479e-09
    4.6994101350498871e-10
    3.1413614203958483e-11
    1.7206577687919000e-12
    7.6482722525958035e-14
    2.7278333315572049e-15
    7.7039018266509574e-17
    1.6961467171467739e-18
    2.8576496741505988e-20
    3.6027973399487490e-22
    3.3075929467907780e-24
    2.1376100780527363e-26
    9.3167468492951488e-29
    2.5899194522035165e-31
    4.2596906628601109e-34
    3.7293304176389376e-37
    1.4835864068856248e-40
    2.0690565684906498e-44
    6.1828348408080919e-49
    1.1373928334075644e-54
