       -7.6263257540038962
       -6.9255989902599424
       -6.3422433309944086
       -5.8188632795055746
       -5.3335601071130601
       -4.8750399724670839
       -4.4365069701928581
       -4.0134565677494720
       -3.6026938571484783
       -3.2018339457881599
       -2.8090222351311049
       -2.4227660420535622
       -2.0418271835544193
       -1.6651500018434142
       -1.2918109588209234
       -0.9209818015707535
       -0.5519014332904232
       -0.1838533671058125
        0.1838533671058131
        0.5519014332904225
        0.9209818015707535
        1.2918109588209234
        1.6651500018434144
        2.0418271835544211
        2.4227660420535631
        2.8090222351311054
        3.2018339457881591
        3.6026938571484766
        4.0134565677494720
        4.4365069701928554
        4.8750399724670839
        5.3335601071130592
        5.8188632795055755
        6.3422433309944131
        6.9255989902599424
        7.6263257540038953
