    1.1483483678991147e+00
    6.3960573135428411e-01
    4.1065257125873211e-01
    2.4552574200598601e-01
    1.3189487847267817e-01
    6.2789732918323335e-02
    2.6294028655174263e-02
    9.6372641382326749e-03
    3.0791490024153620e-03
    8.5448337771682934e-04
    2.0521700174771926e-04
    4.2495564355866088e-05
    7.5572628702855939e-06
    1.1491792798391577e-06
    1.4870515148446748e-07
    1.6287409232110470e-08
    1.5009091416819204e-09
    1.1558112719404111e-10
    7.3808812410478308e-12
    3.8744367119088257e-13
    1.6550797067784405e-14
    5.6871630014004892e-16
    1.5508599930641079e-17
    3.3034402140971885e-19
    5.3940801094815498e-21
    6.6013677336423332e-23
    5.8910833147563455e-25
    3.7053705859462609e-27
    1.5734342227194225e-29
    4.2652277581765493e-32
    6.8457489596066123e-35
    5.8517964959549381e-38
    2.2735481351806413e-41
    3.0963538021763622e-45
    9.0284192387849357e-50
    1.6165407106317897e-55
