    4.9940980411666506e-03
    1.1857240067220390e-01
    3.6954633993645558e-01
    7.5803516008757865e-01
    1.2847642213555972e+00
    1.9507502839288919e+00
    2.7572988594328116e+00
    3.7060167110769640e+00
    4.7988296867031881e+00
    6.0380052019558654e+00
    7.4261798160650985e+00
    8.9663927044548899e+00
    1.0662126115077465e+01
    1.2517354220326821e+01
    1.4536602191348294e+01
    1.6725017869922659e+01
    1.9088459151549511e+01
    2.1633601203583169e+01
    2.4368069046164926e+01
    2.7300603007298847e+01
    3.0441267416991337e+01
    3.3801717092420773e+01
    3.7395542445988468e+01
    4.1238723700969224e+01
    4.5350239953919946e+01
    4.9752903702907773e+01
    5.4474533541533496e+01
    5.9549651970481740e+01
    6.5022033012987322e+01
    7.0948695630412075e+01
    7.7406514230047677e+01
    8.4503956197536539e+01
    9.2403973678180762e+01
    1.0137500520238733e+02
    1.1193073235303174e+02
    1.2539329158122140e+02
