    1.0680931008147699e-02
    1.3564213518945573e-01
    3.9746431453516429e-01
    7.9651865423999524e-01
    1.3335588220965162e+00
    2.0096195932986243e+00
    2.8260220401304532e+00
    3.7843872129595573e+00
    4.8866543233608617e+00
    6.1351034012232342e+00
    7.5323829916965037e+00
    9.0815437284500682e+00
    1.0786078881263990e+01
    1.2649973294947221e+01
    1.4677762549667653e+01
    1.6874604720623061e+01
    1.9246367853491719e+01
    2.1799737282750808e+01
    2.4542348324601932e+01
    2.7482951861025683e+01
    3.0631623186831298e+01
    3.4000028681277065e+01
    3.7601771149775587e+01
    4.1452844340368003e+01
    4.5572242404141925e+01
    4.9982794965188667e+01
    5.4712340574764220e+01
    5.9795425626101540e+01
    6.5275853634464099e+01
    7.1210681282333539e+01
    7.7676833321885709e+01
    8.4782847996710558e+01
    9.2691784399158010e+01
    1.0167225926883700e+02
    1.1223830148479475e+02
    1.2571296476680745e+02
