    6.0776242232457112e-03
    1.2194761572288083e-01
    3.7509488461906548e-01
    7.6570028895602249e-01
    1.2944948898885869e+00
    1.9624990498406365e+00
    2.7710213989708232e+00
    3.7216715670630940e+00
    4.8163780844107738e+00
    6.0574108989670288e+00
    7.4474089760782372e+00
    8.9894137911423364e+00
    1.0686909804195819e+01
    1.2543873329262029e+01
    1.4564831625911349e+01
    1.6754934588752512e+01
    1.9120042149039346e+01
    2.1666831512891580e+01
    2.4402929764672404e+01
    2.7337079347905540e+01
    3.0479346790041618e+01
    3.3841389224964118e+01
    3.7436799547819582e+01
    4.1281560690886238e+01
    4.5394654765647545e+01
    4.9798897699441873e+01
    5.4522112081613564e+01
    5.9598825195851887e+01
    6.5072816968773864e+01
    7.1001113911731991e+01
    7.7460600508060509e+01
    8.4559758324268927e+01
    9.2461560908360752e+01
    1.0143448245398366e+02
    1.1199227404421760e+02
    1.2545725569182308e+02
