    1.9047364778113147e+00
    7.7757299433720717e-01
    4.5452753075585606e-01
    2.5693870785052875e-01
    1.3267501813348059e-01
    6.1282340165583253e-02
    2.5049286756176885e-02
    8.9990228654723732e-03
    2.8268645399648750e-03
    7.7308074622611247e-04
    1.8330685996308053e-04
    3.7531379795264286e-05
    6.6073434673304187e-06
    9.9563336050402795e-07
    1.2777806381812926e-07
    1.3890435883388396e-08
    1.2712263861814522e-09
    9.7273644454797007e-11
    6.1753503856278711e-12
    3.2239438137959332e-13
    1.3701954250985418e-14
    4.6858137899537416e-16
    1.2720758646575097e-17
    2.6981710989133686e-19
    4.3881591963138914e-21
    5.3499436502988989e-23
    4.7570645657719724e-25
    2.9817623380572289e-27
    1.2619649275801165e-29
    3.4099573683051506e-32
    5.4560299837266863e-35
    4.6496896069928399e-38
    1.8010825378474499e-41
    2.4455114158391705e-45
    7.1085002699246013e-50
    1.2684172895689914e-55
