    2.7316807097978448e+00
    8.7959091183961680e-01
    4.8455645540590409e-01
    2.6457553471352935e-01
    1.3334545782406707e-01
    6.0466997562021181e-02
    2.4354653593425046e-02
    8.6436853108346305e-03
    2.6874458549311737e-03
    7.2846769501460761e-04
    1.7139609183518037e-04
    3.4853303051877158e-05
    6.0985029140032953e-06
    9.1392105290289697e-07
    1.1670851984919852e-07
    1.2629615363623263e-08
    1.1510373076368122e-09
    8.7739742397544571e-11
    5.5503677293150687e-12
    2.8881234742186680e-13
    1.2237007988982933e-14
    4.1727991852884518e-16
    1.1297463808944764e-17
    2.3901784968407755e-19
    3.8778959217863621e-21
    4.7170370176089183e-23
    4.1851663499067748e-25
    2.6178328946511882e-27
    1.1057260301154175e-29
    2.9820243562971469e-32
    4.7623988968473155e-35
    4.0511456951702244e-38
    1.5663974219696955e-41
    2.1229976966921503e-45
    6.1594766289199609e-50
    1.0968092521890330e-55
