    7.7539385839337930e-03
    1.2704664927905038e-01
    3.8345054659478411e-01
    7.7722758435341932e-01
    1.3091173891463566e+00
    1.9801457373888991e+00
    2.7916259339011771e+00
    3.7451719008051740e+00
    4.8427161834189221e+00
    6.0865325194990705e+00
    7.4792634752962472e+00
    9.0239539684177608e+00
    1.0724091769816850e+01
    1.2583656399273732e+01
    1.4607178242794088e+01
    1.6799810268468079e+01
    1.9167415455817288e+01
    2.1716674064098516e+01
    2.4455216269306383e+01
    2.7391787683809834e+01
    3.0536458127017351e+01
    3.3900888203843813e+01
    3.7498674529664349e+01
    4.1345804096460725e+01
    4.5461263534332062e+01
    4.9867873910706798e+01
    5.4593463804590634e+01
    5.9672567669961296e+01
    6.5148974283839109e+01
    7.1079721477151040e+01
    7.7541708840665621e+01
    8.4643439203488484e+01
    9.2547918205205647e+01
    1.0152367351424971e+02
    1.1208456042557339e+02
    1.2555317419318048e+02
