    1.1382809548420774e+00
    6.3612193547624429e-01
    4.1129219662519889e-01
    2.4856039865082022e-01
    1.3547488816441550e-01
    6.5688301669221072e-02
    2.8128297138720504e-02
    1.0585277280107653e-02
    3.4872701266434013e-03
    1.0022858052703401e-03
    2.5047165094500894e-04
    5.4235671575203189e-05
    1.0138540796951603e-05
    1.6296669338611859e-06
    2.2426011302331420e-07
    2.6292010716286432e-08
    2.6119020298665921e-09
    2.1852706442490842e-10
    1.5292698844406054e-11
    8.8819926573433917e-13
    4.2435480938929544e-14
    1.6509058279222599e-15
    5.1688403793241003e-17
    1.2847446717678891e-18
    2.4948536980772315e-20
    3.7140213591908452e-22
    4.1432243041260919e-24
    3.3690424902591114e-26
    1.9295613305203735e-28
    7.4533296963672009e-31
    1.8352097506377133e-33
    2.6700270447144937e-36
    2.0629149701024956e-39
    7.2142421263878020e-43
    8.7884548245937213e-47
    2.2685255202116866e-51
    3.5201752500853128e-57
