    2.7172362762777897e+00
    8.7766322300989907e-01
    4.8679387805073104e-01
    2.6860909031153263e-01
    1.3732881489299081e-01
    6.3414939789459474e-02
    2.6113655096133521e-02
    9.5142935591229546e-03
    3.0497012630702194e-03
    8.5604801322393441e-04
    2.0954947935149782e-04
    4.4552241973194136e-05
    8.1934190344682072e-06
    1.2977781377909207e-06
    1.7622266096027700e-07
    2.0410338808573645e-08
    2.0051085120280038e-09
    1.6604311592196711e-10
    1.1509768006699117e-11
    6.6260028306560246e-13
    3.1396921264127194e-14
    1.2120646741312876e-15
    3.7674354803157525e-17
    9.3003737210331134e-19
    1.7944104125460689e-20
    2.6549669479226821e-22
    2.9445597087634563e-24
    2.3810595855843261e-26
    1.3564542993742163e-28
    5.2127549707328843e-31
    1.2771653263219335e-33
    1.8491875335772761e-36
    1.4219784749034577e-39
    4.9495929890783485e-43
    6.0013186014927409e-47
    1.5415686509930757e-51
    2.3792942939336651e-57
