    4.8594252805982388e-03
    1.1537332096557119e-01
    3.5956487552330096e-01
    7.3752518035950343e-01
    1.2499208821939485e+00
    1.8976871368127604e+00
    2.6820238815358817e+00
    3.6044064685628592e+00
    4.6666010461051490e+00
    5.8706839399014656e+00
    7.2190653556874782e+00
    8.7145180399641831e+00
    1.0360211764737311e+01
    1.2159754755081384e+01
    1.4117243495989225e+01
    1.6237322769023695e+01
    1.8525258319612234e+01
    2.0987025298422445e+01
    2.3629416637079387e+01
    2.6460176932214669e+01
    2.9488169409912789e+01
    3.2723586417541327e+01
    3.6178218108861685e+01
    3.9865800316594530e+01
    4.3802472334603614e+01
    4.8007390706027486e+01
    5.2503570190349059e+01
    5.7319065498536617e+01
    6.2488682232877636e+01
    6.8056544315830081e+01
    7.4080118710605575e+01
    8.0636878250783312e+01
    8.7836133102703954e+01
    9.5842107992371140e+01
    1.0492536257899053e+02
    1.1560371269842605e+02
    1.2921021427659829e+02
