    9.5214651426980004e-02
    1.8812810086693640e-01
    2.2002905155139546e-01
    1.9573734237841911e-01
    1.4165364252361629e-01
    8.5713756436195818e-02
    4.3948621422839118e-02
    1.9228710878364953e-02
    7.2048771703099798e-03
    2.3154716429499961e-03
    6.3833255863661052e-04
    1.5081828949379977e-04
    3.0485618916858736e-05
    5.2586849951351196e-06
    7.7161064001033359e-07
    9.5928412944538757e-08
    1.0057541962375873e-08
    8.8440885796265615e-10
    6.4813973464885773e-11
    3.9295478116928865e-12
    1.9542457901219430e-13
    7.8940023710879296e-15
    2.5604635963498189e-16
    6.5799472096910901e-18
    1.3187193066396968e-19
    2.0228210532348013e-21
    2.3218619944216063e-23
    1.9401615214296514e-25
    1.1406116236356114e-27
    4.5181021486855508e-30
    1.1398881006627484e-32
    1.6981579422488997e-35
    1.3428496035751560e-38
    4.8053496536420880e-42
    5.9909906193811239e-46
    1.5839224439544086e-50
    2.5237731905450316e-56
