    3.5868737903512251e+00
    9.5619633286393368e-01
    5.0906503309603424e-01
    2.7433783344791124e-01
    1.3797055367240046e-01
    6.2921692362017723e-02
    2.5653967451141475e-02
    9.2703507511716111e-03
    2.9509405117783250e-03
    8.2338600188680935e-04
    2.0050366159682684e-04
    4.2432551201700266e-05
    7.7714901248739536e-06
    1.2263897981158513e-06
    1.6597013703550732e-07
    1.9164053271023530e-08
    1.8773914402281352e-09
    1.5506499171505837e-10
    1.0723075237935720e-11
    6.1593952009367344e-13
    2.9125429037866731e-14
    1.1221932217892959e-15
    3.4817344223885850e-17
    8.5803304843723233e-19
    1.6527992703801454e-20
    2.4416797546388387e-22
    2.7040440598264243e-24
    2.1835159961571493e-26
    1.2422512419022424e-28
    4.7677318539689562e-31
    1.1666767205373709e-33
    1.6871677610006409e-36
    1.2958507103544246e-39
    4.5052752652221379e-43
    5.4561405980589217e-47
    1.3998167559388074e-51
    2.1575989957114465e-57
