    1.8921715992140085e+00
    7.7491691945199415e-01
    4.5610327726171218e-01
    2.6057705505815310e-01
    1.3650218933227035e-01
    6.4210367284177741e-02
    2.6835251051821021e-02
    9.8974646323119614e-03
    3.2055203938493697e-03
    9.0784616662714570e-04
    2.2396817157353623e-04
    4.7947194160309189e-05
    8.8722107088331287e-06
    1.4131008123851885e-06
    1.9284806738842563e-07
    2.2438437821300840e-08
    2.2136243543819022e-09
    1.8402092098434771e-10
    1.2801708379809411e-11
    7.3943148421461487e-13
    3.5146422412004034e-14
    1.3607594712278259e-15
    4.2411748842557932e-17
    1.0496804587185175e-18
    2.0301762235115164e-20
    3.0107295868091552e-22
    3.3464553126516196e-24
    2.7117134081537362e-26
    1.5479236709804894e-28
    5.9600452078204191e-31
    1.4629832397940086e-33
    2.1220752619365699e-36
    1.6347239181680716e-39
    5.7001283082323876e-43
    6.9235673279517752e-47
    1.7817245836021099e-51
    2.7555167021820797e-57
