    1.0393547883900357e-02
    1.3199050386690897e-01
    3.8675173102968413e-01
    7.7501256710470900e-01
    1.2974664016930570e+00
    1.9550651973101338e+00
    2.7490233758694003e+00
    3.6808295899700205e+00
    4.7522624347935984e+00
    5.9654099898594612e+00
    7.3226936309753823e+00
    8.8268967808562842e+00
    1.0481199474639293e+01
    1.2289219863866748e+01
    1.4255064098252472e+01
    1.6383386438031611e+01
    1.8679461999976208e+01
    2.1149275283010201e+01
    2.3799628636686702e+01
    2.6638276250317254e+01
    2.9674091239807062e+01
    3.2917276285933696e+01
    3.6379632499350777e+01
    4.0074907519872504e+01
    4.4019253591792733e+01
    4.8231841741045130e+01
    5.2735703272924582e+01
    5.7558912252914006e+01
    6.2736297529844535e+01
    6.8312011800224340e+01
    7.4343558913317096e+01
    8.0908461020731451e+01
    8.8116097794352640e+01
    9.6130798964683621e+01
    1.0522329926699874e+02
    1.1591175582809660e+02
    1.2953012601545069e+02
