    5.9138060663245047e-03
    1.1865891335219095e-01
    3.6496789663468565e-01
    7.4499161597521779e-01
    1.2594021037196759e+00
    1.9091378752019799e+00
    2.6954017699845294e+00
    3.6196718084550654e+00
    4.6837166369723322e+00
    5.8896149406290057e+00
    7.2397791673303944e+00
    8.7369842064446193e+00
    1.0384401889689556e+01
    1.2185642434005965e+01
    1.4144804263428696e+01
    1.6266534060920659e+01
    1.8556099451454561e+01
    2.1019477460278271e+01
    2.3663462907224584e+01
    2.6495802311815311e+01
    2.9525360882223904e+01
    3.2762333036433624e+01
    3.6218511123366810e+01
    3.9907633340836718e+01
    4.3845841576406812e+01
    4.8052295273384729e+01
    5.2550012504093132e+01
    5.7367051854240991e+01
    6.2538223579551691e+01
    6.8107657361898973e+01
    7.4132827547082456e+01
    8.0691216838924262e+01
    8.7892149313642278e+01
    9.5899870710765938e+01
    1.0498497572511627e+02
    1.1566534848989193e+02
    1.2927422532255599e+02
