    3.8556734186015428e-02
    2.0322750994096050e-01
    4.9978706644226656e-01
    9.2882549934693004e-01
    1.4911150120426193e+00
    2.1876690719353169e+00
    3.0197574676425134e+00
    3.9889203029415907e+00
    5.0969845446049975e+00
    6.3460840606495514e+00
    7.7386838135364382e+00
    9.2776089418061893e+00
    1.0966079631310798e+01
    1.2807752912545403e+01
    1.4806772832457760e+01
    1.6967830861609723e+01
    1.9296238948189426e+01
    2.1798018374467595e+01
    2.4480008590749694e+01
    2.7350001619637801e+01
    3.0416909627456462e+01
    3.3690976143426305e+01
    3.7184045639222589e+01
    4.0909912529780513e+01
    4.4884780415154779e+01
    4.9127877806719773e+01
    5.3662301738694261e+01
    5.8516203220150004e+01
    6.3724503575444928e+01
    6.9331470026965945e+01
    7.5394753301696866e+01
    8.1992072000192323e+01
    8.9233082728233398e+01
    9.7282533666349508e+01
    1.0641185731948360e+02
    1.1714057111333496e+02
    1.3080622535164994e+02
