    7.5450767141790592e-03
    1.2362268261679854e-01
    3.7310461661101413e-01
    7.5622037580759094e-01
    1.2736500858872888e+00
    1.9263373128478982e+00
    2.7154892474132497e+00
    3.6425879056741044e+00
    4.7094056734399423e+00
    5.9180247669791770e+00
    7.2708609899087895e+00
    8.7706924388028167e+00
    1.0420694028331573e+01
    1.2224478957086538e+01
    1.4186148551954261e+01
    1.6310352342687086e+01
    1.8602360768627268e+01
    2.1068153662268980e+01
    2.3714528671419298e+01
    2.6549235195848947e+01
    2.9581141412993098e+01
    3.2820444843066198e+01
    3.6278941124181301e+01
    3.9970371998342074e+01
    4.3910883240269300e+01
    4.8119638640135619e+01
    5.2619661236071870e+01
    5.7439015422296073e+01
    6.2612518430812294e+01
    6.8184308578295713e+01
    7.4211871279382407e+01
    8.0772704037031133e+01
    8.7976151784049748e+01
    9.5986491768411369e+01
    1.0507437121922123e+02
    1.1575777667895680e+02
    1.2937021495555697e+02
