    1.1285573302610374e+00
    6.3268974975451298e-01
    4.1180253379149656e-01
    2.5141095311281875e-01
    1.3892282098620132e-01
    6.8540309924541271e-02
    2.9975498467237210e-02
    1.1565453536274225e-02
    3.9220894895444780e-03
    1.1652049373503453e-03
    3.0230269335029136e-04
    6.8271033630985879e-05
    1.3375459470154401e-05
    2.2649874007009544e-06
    3.3019119293186425e-07
    4.1255743174302436e-08
    4.3962768820963977e-09
    3.9735553479301607e-10
    3.0275177260451696e-11
    1.9310129325259242e-12
    1.0229423675833892e-13
    4.4605276684540523e-15
    1.5846209848654662e-16
    4.5323210697087507e-18
    1.0294160050611952e-19
    1.8269427583120077e-21
    2.4855239367442667e-23
    2.5334437844405224e-25
    1.8814253238496132e-27
    9.8341679079847859e-30
    3.4631595742253954e-32
    7.7626027117212362e-35
    1.0259841714631579e-37
    7.1805374464420706e-41
    2.2652947651648296e-44
    2.4740717437582582e-48
    5.6670947428857356e-53
    7.6420572961507537e-59
