    3.5714553762683359e+00
    9.5483996545095029e-01
    5.1160253867753525e-01
    2.7845383515238620e-01
    1.4194391489726593e-01
    6.5853653346825955e-02
    2.7416371246853356e-02
    1.0155583221932869e-02
    3.3270623920414388e-03
    9.5941681279020183e-04
    2.4250871867114086e-04
    5.3518565972590847e-05
    1.0271343259391623e-05
    1.7073570919060053e-06
    2.4474551970320963e-07
    3.0113754166516316e-08
    3.1640874843296634e-09
    2.8229604668666062e-10
    2.1251680853506474e-11
    1.3404216106364434e-12
    7.0272107173279109e-14
    3.0344715040977150e-15
    1.0681818610873938e-16
    3.0289628431461877e-18
    6.8237646023820800e-20
    1.2017185882716646e-21
    1.6229533499951624e-23
    1.6426969843952238e-25
    1.2117769235981668e-27
    6.2933015874425387e-30
    2.2025154969957716e-32
    4.9073141429853149e-35
    6.4481402041377452e-38
    4.4869903240865061e-41
    1.4074986752175919e-44
    1.5284174085924179e-48
    3.4802149952318952e-53
    4.6622651126959574e-59
