    1.0121224425487303e-02
    1.2853038066021677e-01
    3.7660190449970665e-01
    7.5463913590199538e-01
    1.2632814248073332e+00
    1.9034065531818916e+00
    2.6761335345068527e+00
    3.5828327751107558e+00
    4.6251397068661362e+00
    5.8049717174212949e+00
    7.1245487200207016e+00
    8.5864179002732914e+00
    1.0193483344255233e+01
    1.1949041446156766e+01
    1.3856823237588742e+01
    1.5921045096267989e+01
    1.8146469706826561e+01
    2.0538479699740044e+01
    2.3103167141849728e+01
    2.5847443076105357e+01
    2.8779172732594276e+01
    3.1907344046590364e+01
    3.5242280017162599e+01
    3.8795909692850223e+01
    4.2582118950823627e+01
    4.6617212044025649e+01
    5.0920530392500275e+01
    5.5515300381344495e+01
    6.0429824700803906e+01
    6.5699207245786994e+01
    7.1367941624654947e+01
    7.7493969196475575e+01
    8.4155397592903526e+01
    9.1462432164833956e+01
    9.9580650600080958e+01
    1.0878286897835990e+02
    1.1959130234167323e+02
    1.3335062623673599e+02
