    4.7318250844762006e-03
    1.1234236827615414e-01
    3.5010882843393354e-01
    7.1809752627132040e-01
    1.2169224966313881e+00
    1.8474458116279886e+00
    2.6107729771341179e+00
    3.5082619956134251e+00
    4.5415366852728756e+00
    5.7125034620402202e+00
    7.0233718100242992e+00
    8.4766789477176072e+00
    1.0075319384259942e+01
    1.1822580259601672e+01
    1.3722183608153998e+01
    1.5778337001717752e+01
    1.7995794442620515e+01
    2.0379929931100360e+01
    2.2936826878116410e+01
    2.5673387558374845e+01
    2.8597468221986347e+01
    3.1718047495650872e+01
    3.5045438600324530e+01
    3.8591560162690854e+01
    4.2370286773729504e+01
    4.6397910249637818e+01
    5.0693758042341727e+01
    5.5281040517066842e+01
    6.0188041560297144e+01
    6.5449842414807136e+01
    7.1110908580647191e+01
    7.7229145310943750e+01
    8.3882611885226908e+01
    9.1181445428582450e+01
    9.9291120471300871e+01
    1.0848428100634983e+02
    1.1928280652685211e+02
    1.3303048628682416e+02
