    2.7032380501664726e+00
    8.7571697497090895e-01
    4.8885427149128513e-01
    2.7244842150410603e-01
    1.4119136666068338e-01
    6.6329397999509557e-02
    2.7891762024090334e-02
    1.0417295922773078e-02
    3.4367151269944674e-03
    9.9701767767768979e-04
    2.5334181146039532e-04
    5.6169908538180707e-05
    1.0825047636938770e-05
    1.8061349204249958e-06
    2.5978376064317059e-07
    3.2062996768057381e-08
    3.3784555611845152e-09
    3.0220964336442297e-10
    2.2805839381121905e-11
    1.4416807850932342e-12
    7.5739052439114041e-14
    3.2769575783944534e-15
    1.1556646911903645e-16
    3.2827140036874921e-18
    7.4075405240029166e-20
    1.3065512525591074e-21
    1.7671363342037347e-23
    1.7911504482912528e-25
    1.3230657345993312e-27
    6.8801536013612678e-30
    2.4109001110883708e-32
    5.3780860917488580e-35
    7.0750327716053359e-38
    4.9288967412228793e-41
    1.5478860241392877e-44
    1.6828021355187631e-48
    3.8363245868800450e-53
    5.1461149372405396e-59
