    1.8800102607268607e+00
    7.7227238605451820e-01
    4.5752065671921904e-01
    2.6402479006081447e-01
    1.4020418320544578e-01
    6.7100041459551438e-02
    2.8638076523664954e-02
    1.0828233117530783e-02
    3.6096400947542508e-03
    1.0566199158401504e-03
    2.7060128780216359e-04
    6.0414469629621657e-05
    1.1715461223520240e-05
    1.9656402377335509e-06
    2.8416067236461261e-07
    3.5233947197826520e-08
    3.7283311732230593e-09
    3.3481078215937103e-10
    2.5357469734419693e-11
    1.6083730161150065e-12
    8.4761235472408364e-14
    3.6780776154681018e-15
    1.3006995004513181e-16
    3.7042807674545846e-18
    8.3793153804095280e-20
    1.4813886081723738e-21
    2.0080331349910587e-23
    2.0396079218620430e-25
    1.5096293712988912e-27
    7.8655036888644315e-30
    2.7613213247561210e-32
    6.1709126117410956e-35
    8.1323072996745839e-38
    5.6752443120300352e-41
    1.7853241812539926e-44
    1.9442853821851216e-48
    4.4403611946703181e-53
    5.9681665135554917e-59
