    7.3471716514787143e-03
    1.2037847270165619e-01
    3.6330273470510493e-01
    7.3632063831352479e-01
    1.2400589788203429e+00
    1.8753876884754719e+00
    2.6434190365153132e+00
    3.5455172395711720e+00
    4.5833119354621159e+00
    5.7587150384079768e+00
    7.0739412588409829e+00
    8.5315328097945340e+00
    1.0134388999085980e+01
    1.1885801603261482e+01
    1.3789497164129495e+01
    1.5849687664627933e+01
    1.8071131455857230e+01
    2.0459206860294493e+01
    2.3020001623515356e+01
    2.5760422410631879e+01
    2.8688329967687391e+01
    3.1812707581324730e+01
    3.5143873366975825e+01
    3.8693751167489417e+01
    4.2476221222055756e+01
    4.6507581570305575e+01
    5.0807166653311974e+01
    5.5398194851454761e+01
    6.0308959458584070e+01
    6.5574553049484678e+01
    7.1239455185044775e+01
    7.7361589179220786e+01
    8.4019038497369223e+01
    9.1321974390454855e+01
    9.9435922986298053e+01
    1.0863361435166706e+02
    1.1943709581263005e+02
    1.3319059992397749e+02
