    5.7585873476735912e-03
    1.1554297533741144e-01
    3.5537376888468436e-01
    7.2537532204819832e-01
    1.2261667676145986e+00
    1.8586133169826908e+00
    2.6238231819254256e+00
    3.5231568528714878e+00
    4.5582404786667743e+00
    5.7309826774104806e+00
    7.0435950264971563e+00
    8.4986167448376424e+00
    1.0098944263475330e+01
    1.1847866579264227e+01
    1.3749107531681974e+01
    1.5806876458946137e+01
    1.8025929104723076e+01
    2.0411641199856998e+01
    2.2970097890757852e+01
    2.5708203209804836e+01
    2.8633815206910924e+01
    3.1755914374113242e+01
    3.5084815891461425e+01
    3.8632440473364646e+01
    4.2412664971316872e+01
    4.6441783692105759e+01
    5.0739126884539509e+01
    5.5327908121160164e+01
    6.0236415052716879e+01
    6.5499733456216987e+01
    7.1162334457652079e+01
    7.7282130536369351e+01
    8.3937190648575879e+01
    9.1237665572826103e+01
    9.9349050482931844e+01
    1.0854402380869035e+02
    1.1934453219045763e+02
    1.3309454223965591e+02
