    4.6107545660104788e-03
    1.0946662523133774e-01
    3.4113774706233385e-01
    6.9966860331610614e-01
    1.1856259465898775e+00
    1.7998061989549876e+00
    2.5432301380212796e+00
    3.4171506325443635e+00
    4.4230642187851883e+00
    5.5627256920480956e+00
    6.8381658647446688e+00
    8.2517128960483177e+00
    9.8060177535922275e+00
    1.1504084526626665e+01
    1.3349306502150290e+01
    1.5345509159561340e+01
    1.7497001556066635e+01
    1.9808637992076626e+01
    2.2285892402076648e+01
    2.4934948668341285e+01
    2.7762811085335475e+01
    3.0777440636157422e+01
    3.3987924769154269e+01
    3.7404691279798392e+01
    4.1039781184315927e+01
    4.4907201894534190e+01
    4.9023391878217886e+01
    5.3407843597125243e+01
    5.8083956975742851e+01
    6.3080238723935288e+01
    6.8432038846504142e+01
    7.4184156691538135e+01
    8.0394926715540336e+01
    8.7142983360321125e+01
    9.4539275722103341e+01
    1.0275050646112066e+02
    1.1205136877338543e+02
    1.2296773826726375e+02
    1.3685395925950178e+02
