    3.5564889888523412e+00
    9.5344826947878092e-01
    5.1396439688761175e-01
    2.8238408749650590e-01
    1.4580206804903825e-01
    6.8752442116971693e-02
    2.9195605943980282e-02
    1.1071202526423442e-02
    3.7271010079913468e-03
    1.1087686202162195e-03
    2.9031151496972514e-04
    6.6652197591145470e-05
    1.3368565972984904e-05
    2.3335957552173308e-06
    3.5309944601111054e-07
    4.6113666070023722e-08
    5.1735442953912019e-09
    4.9606084707882780e-10
    4.0419497476963632e-11
    2.7809398356187287e-12
    1.6041166543107067e-13
    7.6952909842958212e-15
    3.0421962066368688e-16
    9.8081006057127323e-18
    2.5479846348611261e-19
    5.2597621233789176e-21
    8.4879280489464229e-23
    1.0502974675169297e-24
    9.7374066104603328e-27
    6.5760795780983437e-29
    3.1242583327462894e-31
    9.9915959461822565e-34
    2.0311745145456996e-36
    2.4300683832415427e-39
    1.5351950686535476e-42
    4.3540678227899713e-46
    4.2487180732716640e-50
    8.6058747573500098e-55
    1.0046242917565240e-60
