    7.1593832455987723e-03
    1.1730022260593456e-01
    3.5400305548167216e-01
    7.1744291463640253e-01
    1.2081986557480349e+00
    1.8270740604917137e+00
    2.5750962238952222e+00
    3.4535238193287445e+00
    4.4638588218215185e+00
    5.6078611675715537e+00
    6.8875665569494879e+00
    8.3053078203169814e+00
    9.8637404117999044e+00
    1.1565872752417777e+01
    1.3415102335194254e+01
    1.5415258748609212e+01
    1.7570655091372252e+01
    1.9886149668523228e+01
    2.2367220415239352e+01
    2.5020055246794168e+01
    2.7851662563868725e+01
    3.0870007576337354e+01
    3.4084182136014000e+01
    3.7504618686668692e+01
    4.1143363222309780e+01
    4.5014428569644792e+01
    4.9134259188449434e+01
    5.3522354296326114e+01
    5.8202121592934127e+01
    6.3202076942457296e+01
    6.8557581406648822e+01
    7.4313448084167135e+01
    8.0528029126278440e+01
    8.7279982704528365e+01
    9.4680291433491391e+01
    1.0289570869037527e+02
    1.1220101231543835e+02
    1.2312224299877967e+02
    1.3701418109323913e+02
