    5.6113082579492260e-03
    1.1258653339210065e-01
    3.4627149265821017e-01
    7.0676706755317931e-01
    1.1946448454427354e+00
    1.8107041872792655e+00
    2.5559683979096985e+00
    3.4316926699378461e+00
    4.4393757176460262e+00
    5.5807743952932745e+00
    6.8579214729969751e+00
    8.2731469807953779e+00
    9.8291036831585856e+00
    1.1528797404134478e+01
    1.3375623115079215e+01
    1.5373407940838868e+01
    1.7526462556915622e+01
    1.9839642867156570e+01
    2.2318424407810415e+01
    2.4968992675750798e+01
    2.7798353609251812e+01
    3.0814469883378820e+01
    3.4026430709066595e+01
    3.7444665742262629e+01
    4.1081217991429007e+01
    4.4950097035447534e+01
    4.9067743739984358e+01
    5.3453653270245091e+01
    5.8131228661931047e+01
    6.3128980287846694e+01
    6.8482262576897156e+01
    7.4235880378896510e+01
    8.0448175230026195e+01
    8.7197791066206705e+01
    9.4595690393961036e+01
    1.0280859616461171e+02
    1.1211123543885888e+02
    1.2302954987122627e+02
    1.3691805822846504e+02
