    9.8628070982816878e-03
    1.2524708149898409e-01
    3.6697159234533666e-01
    7.3531104086926358e-01
    1.2308561884861868e+00
    1.8544181689162218e+00
    2.6070303782178068e+00
    3.4899572724942978e+00
    4.5047062423669821e+00
    5.6530423422285558e+00
    6.9370061388559439e+00
    8.3589351136050958e+00
    9.9214891882807041e+00
    1.1627681098178403e+01
    1.3480912526082506e+01
    1.5485017154416111e+01
    1.7644312109274821e+01
    1.9963659687131198e+01
    2.2448541811480734e+01
    2.5105150418951681e+01
    2.7940498005437110e+01
    3.0962553997134865e+01
    3.4180414639337059e+01
    3.7604517014495904e+01
    4.1246912085062725e+01
    4.5121618083455729e+01
    4.9245085452336959e+01
    5.3636820155921995e+01
    5.8320237659513346e+01
    6.3323862971527639e+01
    6.8683068199663538e+01
    7.4442680180687319e+01
    8.0661068745871816e+01
    8.7416915778053010e+01
    9.4821237385519368e+01
    1.0304083762666535e+02
    1.1235057892780384e+02
    1.2327666694866873e+02
    1.3717431778206461e+02
