    1.8682297315013361e+00
    7.6964260740826540e-01
    4.5879283481733191e-01
    2.6729310658495392e-01
    1.4378433878920852e-01
    6.9948730850405885e-02
    3.0453894516409525e-02
    1.1789066660373037e-02
    4.0387255153061389e-03
    1.2197166388481129e-03
    3.2359945843226387e-04
    7.5166563416791254e-05
    1.5234272468891538e-05
    2.6843520588312413e-06
    4.0964564163865880e-07
    5.3915615800592332e-08
    6.0921097602227011e-09
    5.8798574061185154e-10
    4.8201778353523149e-11
    3.3351661201713833e-12
    1.9339732394226658e-13
    9.3235534046017309e-15
    3.7030078665072396e-16
    1.1990745500499427e-17
    3.1278569569840653e-19
    6.4820241646191460e-21
    1.0499193712308356e-22
    1.3037677959606492e-24
    1.2128214619804359e-26
    8.2172356654279816e-29
    3.9161329765166528e-31
    1.2561775596146470e-33
    2.5611226306324658e-36
    3.0728266095235479e-39
    1.9466985494616418e-42
    5.5365319825884461e-46
    5.4177524374781294e-50
    1.1005790937991480e-54
    1.2889379607073773e-60
