    1.1191574741921602e+00
    6.2930981688862231e-01
    4.1219556604641638e-01
    2.5408899493028198e-01
    1.4224279244979285e-01
    7.1343442765154239e-02
    3.1831627784596653e-02
    1.2575295213557682e-02
    4.3829830070383127e-03
    1.3435397214694705e-03
    3.6112895441262380e-04
    8.4858459644641962e-05
    1.7377083192027706e-05
    3.0905543863199197e-06
    4.7563391232532024e-07
    6.3085127922821415e-08
    7.1788108962096221e-09
    6.9740400392357916e-10
    5.7518015051005705e-11
    4.0021821548842150e-12
    2.3329474118957204e-13
    1.1302271352554721e-14
    4.5096099170975036e-16
    1.4666095251421921e-17
    3.8414485390185230e-19
    7.9918080411029223e-21
    1.2992494700524660e-22
    1.6190624784741021e-24
    1.5111914438221884e-26
    1.0271823586230268e-28
    4.9104980587201138e-31
    1.5798638818802431e-33
    3.2304360265658551e-36
    3.8868759753312211e-39
    2.4692926583271017e-42
    7.0423074395668741e-46
    6.9105222415845943e-50
    1.4079067419654194e-54
    1.6541786206162020e-60
