    2.6896614094837754e+00
    8.7375719875883728e-01
    4.9075151809043988e-01
    2.7610445723691412e-01
    1.4493599182447314e-01
    6.9207565172115126e-02
    2.9685189429973866e-02
    1.1350564779848726e-02
    3.8480582980052265e-03
    1.1516987712688815e-03
    3.0315171094910974e-04
    6.9926705038364124e-05
    1.4084102072443323e-05
    2.4677718467874231e-06
    3.7467870628551509e-07
    4.9084477844741049e-08
    5.5225955166638878e-09
    5.3092512921364837e-10
    4.3365806804185318e-11
    2.9904148139900765e-12
    1.7285935024339793e-13
    8.3088362293990452e-15
    3.2908500151964410e-16
    1.0628317416495653e-17
    2.7656232298416345e-19
    5.7179596560929321e-21
    9.2410530894794788e-23
    1.1451078604041559e-24
    1.0630762280241826e-26
    7.1887092674916138e-29
    3.4195754013524848e-31
    1.0949215418415633e-33
    2.2284492346219477e-36
    2.6691262801627826e-39
    1.6881107977678310e-42
    4.7930953380477358e-46
    4.6823807939744846e-50
    9.4953357560104718e-55
    1.1098910339458362e-60
