    3.6604291956602086e-02
    1.9292946677486417e-01
    4.7443065146261076e-01
    8.8161852175043132e-01
    1.4151534029644339e+00
    2.0759000544414681e+00
    2.8649400871242339e+00
    3.7835828044507882e+00
    4.8333778104884555e+00
    6.0161301557274287e+00
    7.3339184964215987e+00
    8.7891167619757322e+00
    1.0384419922696534e+01
    1.2122874592146708e+01
    1.4007915384768109e+01
    1.6043408191605707e+01
    1.8233701853349203e+01
    2.0583690127440644e+01
    2.3098886403465166e+01
    2.5785514374838570e+01
    2.8650618908103997e+01
    3.1702202788744916e+01
    3.4949397055097165e+01
    3.8402675557525413e+01
    4.2074128674236121e+01
    4.5977817557450933e+01
    5.0130240188495137e+01
    5.4550956176108414e+01
    5.9263442771504351e+01
    6.4296297777645421e+01
    6.9684981277416171e+01
    7.5474429567805473e+01
    8.1723153393237993e+01
    8.8510023667782548e+01
    9.5946323568541786e+01
    1.0419926132320360e+02
    1.1354437396417612e+02
    1.2450918289601377e+02
    1.3845237953106133e+02
