        0.0000000000000000
        0.0000000000000000
        0.0000000000000000
        0.0000000000000000
        0.0000000000000026
        0.0000000000003543
        0.0000000000264400
        0.0000000011961664
        0.0000000349150884
        0.0000006884420409
        0.0000094942995361
        0.0000940772794677
        0.0006840575952186
        0.0037112302317141
        0.0152219808372894
        0.0476900713316353
        0.1150350457997695
        0.2148960767774646
        0.3121628488671697
        0.3534426357067998
        0.3121628488671692
        0.2148960767774643
        0.1150350457997701
        0.0476900713316354
        0.0152219808372894
        0.0037112302317142
        0.0006840575952186
        0.0000940772794677
        0.0000094942995361
        0.0000006884420409
        0.0000000349150884
        0.0000000011961664
        0.0000000000264400
        0.0000000000003543
        0.0000000000000026
        0.0000000000000000
        0.0000000000000000
        0.0000000000000000
        0.0000000000000000
