       -7.9830347727197815
       -7.2926336708657198
       -6.7184385064440928
       -6.2037579977281014
       -5.7269654517821040
       -5.2769133152304262
       -4.8469005687435276
       -4.4324928825930359
       -4.0305528146024701
       -3.6387464248745354
       -3.2552672359922297
       -2.8786703113749561
       -2.5077666938913197
       -2.1415530119868804
       -1.7791625828543143
       -1.4198301576857355
       -1.0628655672811786
       -0.7076332733485726
       -0.3535358469963296
       -0.0000000000000001
        0.3535358469963292
        0.7076332733485719
        1.0628655672811789
        1.4198301576857353
        1.7791625828543141
        2.1415530119868809
        2.5077666938913179
        2.8786703113749557
        3.2552672359922306
        3.6387464248745349
        4.0305528146024701
        4.4324928825930385
        4.8469005687435240
        5.2769133152304262
        5.7269654517821049
        6.2037579977280997
        6.7184385064440892
        7.2926336708657198
        7.9830347727197832
