    5.4713748049036457e-03
    1.0977764427658511e-01
    3.3762416485506003e-01
    6.8909098927135015e-01
    1.1647068533404679e+00
    1.7652117945226482e+00
    2.4915527085920504e+00
    3.3448901604799786e+00
    4.3266085354719204e+00
    5.4383288006109165e+00
    6.6819239904687118e+00
    8.0595377468567868e+00
    9.5736063692545397e+00
    1.1226884959712185e+01
    1.3022478397271037e+01
    1.4963878067016903e+01
    1.7055005512964463e+01
    1.9300264501878239e+01
    2.1704603404352159e+01
    2.4273590359120028e+01
    2.7013504443351231e+01
    2.9931447109161773e+01
    3.3035479590080513e+01
    3.6334794022375455e+01
    3.9839928964089324e+01
    4.3563044307157305e+01
    4.7518277048040687e+01
    5.1722209330050376e+01
    5.6194495894580378e+01
    6.0958723729830574e+01
    6.6043620100489974e+01
    7.1484801728285291e+01
    7.7327399989317897e+01
    8.3630176957041840e+01
    9.0472340901086383e+01
    9.7965651839507828e+01
    1.0627803985478882e+02
    1.1568624707218028e+02
    1.2672014550436059e+02
    1.4074463527910254e+02
