    4.4957250146278188e-03
    1.0673446496462817e-01
    3.3261523113597224e-01
    6.8216322144535169e-01
    1.1559025782970289e+00
    1.7545705830342049e+00
    2.4791117671408394e+00
    3.3306845214903875e+00
    4.3106711927198731e+00
    5.4206908197249266e+00
    6.6626146031549016e+00
    8.0385844321145399e+00
    9.5510349231076717e+00
    1.1202719554257673e+01
    1.2996741629454657e+01
    1.4936590997267123e+01
    1.7026187693570353e+01
    1.9269933994747184e+01
    2.1672776787503100e+01
    2.4240282720936438e+01
    2.6978729363206636e+01
    2.9895216622507760e+01
    3.2997804135399498e+01
    3.6295682366480179e+01
    3.9799388100988693e+01
    4.3521079323938494e+01
    4.7474890948682877e+01
    5.1677402804363645e+01
    5.6148267013851687e+01
    6.0911067542049899e+01
    6.5994528084034613e+01
    7.1434261039572561e+01
    7.7275392399041834e+01
    8.3576677293969723e+01
    9.0417314672508269e+01
    9.7909051373510934e+01
    1.0621979752464355e+02
    1.1562626193392789e+02
    1.2665825162330691e+02
    1.4068049505959954e+02
