    9.6172572458668969e-03
    1.2212738647010683e-01
    3.5782187485405564e-01
    7.1694972593194106e-01
    1.2000578928307388e+00
    1.8078974580046150e+00
    2.5414247603102131e+00
    3.4018090326357595e+00
    4.3904427824980967e+00
    5.5089546569443275e+00
    6.7592249948899328e+00
    8.1434044193887498e+00
    9.6639359341319846e+00
    1.1323581111048531e+01
    1.3125451105714067e+01
    1.5073043426840560e+01
    1.7170285630045047e+01
    1.9421587424012635e+01
    2.1831903096498795e+01
    2.4406806727472283e+01
    2.7152583413794567e+01
    3.0076340767760311e+01
    3.3186146395983521e+01
    3.6491199107214690e+01
    4.0002044536983902e+01
    4.3730850191515032e+01
    4.7691761386476763e+01
    5.1901369508623993e+01
    5.6379339759974876e+01
    6.1149271207927008e+01
    6.6239905380712727e+01
    7.1686876271525222e+01
    7.7535336780692660e+01
    8.3844076727138969e+01
    9.0692341638447473e+01
    9.8191944211965975e+01
    1.0651089429474305e+02
    1.1592606719176115e+02
    1.2696759470655184e+02
    1.4100106315577119e+02
