    2.6764836589931291e+00
    8.7178823984941256e-01
    4.9249821087334122e-01
    2.7958743585921270e-01
    1.4856571903926347e-01
    7.2047097369015156e-02
    3.1490430747062301e-02
    1.2311986179764386e-02
    4.2832098754280387e-03
    1.3203446809699983e-03
    3.5933662019658092e-04
    8.6045870657266437e-05
    1.8067879176166569e-05
    3.3153345138866995e-06
    5.2966788101536141e-07
    7.3389384502218420e-08
    8.7814458917476467e-09
    9.0317765803216162e-10
    7.9435396851147722e-11
    5.9401754290258061e-12
    3.7527363053595648e-13
    1.9885566318753326e-14
    8.7668596110069337e-16
    3.1861343265122632e-17
    9.4455062520976612e-19
    2.2566583097628375e-20
    4.2843273538696683e-22
    6.3581562195724400e-24
    7.2336573033840690e-26
    6.1636024729366817e-28
    3.8233609697591079e-30
    1.6670356511452856e-32
    4.8870726511496002e-35
    9.0927686593900159e-38
    9.9353231744441989e-41
    5.7158597656789012e-44
    1.4702521545668525e-47
    1.2932865237109159e-51
    2.3380263014099979e-56
    2.3872742375926063e-62
