    6.9809551009771317e-03
    1.1437551243708891e-01
    3.4516792060346696e-01
    6.9951033176874622e-01
    1.1779383884831238e+00
    1.7811962751726103e+00
    2.5102344339937144e+00
    3.3662166866145586e+00
    4.3505304706337711e+00
    5.4647996394000078e+00
    6.7108999725901350e+00
    8.0909777355810260e+00
    9.6074717471515267e+00
    1.1263139540414025e+01
    1.3061088352630637e+01
    1.5004811869457830e+01
    1.7098233893190397e+01
    1.9345760422487771e+01
    2.1752342050325698e+01
    2.4323549146643295e+01
    2.7065663049056475e+01
    2.9985787522653055e+01
    3.3091986193639002e+01
    3.6393453703121764e+01
    3.9900731265772770e+01
    4.3625981631394616e+01
    4.7583344918628001e+01
    5.1789406739553591e+01
    5.6263825760821874e+01
    6.1030193502952464e+01
    6.6117242582255301e+01
    7.1560596200324696e+01
    7.7405393808343376e+01
    8.3710407888483360e+01
    9.0554860687344302e+01
    9.8050531984747025e+01
    1.0636538178513690e+02
    1.1577620217287655e+02
    1.2681296261446280e+02
    1.4084082064375167e+02
