    3.5419506333419055e+00
    9.5202683250110176e-01
    5.1616366297689054e-01
    2.8613867046614855e-01
    1.4954775709313525e-01
    7.1615598942384534e-02
    3.0988209022113848e-02
    1.2015175534526471e-02
    4.1505802377350583e-03
    1.2717018099293203e-03
    3.4426143428592092e-04
    8.2048656458853827e-05
    1.7156191132822592e-05
    3.1361340775098636e-06
    4.9931830773856355e-07
    6.8967467771490431e-08
    8.2286158821930683e-09
    8.4407581646864741e-10
    7.4055178165717890e-11
    5.5252137409285564e-12
    3.4831568626155715e-13
    1.8420332602988545e-14
    8.1057101864308399e-16
    2.9406686817265389e-17
    8.7033188492528704e-19
    2.0760675086130328e-20
    3.9355812442329221e-22
    5.8322901060937807e-24
    6.6263675355436004e-26
    5.6388032848671177e-28
    3.4934511318513393e-30
    1.5213563495418322e-32
    4.4548032473764995e-35
    8.2791112880203187e-38
    9.0362553598642218e-41
    5.1929522263171833e-44
    1.3342992849768776e-47
    1.1724106053996530e-51
    2.1170883852754425e-56
    2.1589463589552401e-62
