    1.8568090839194227e+00
    7.6703025654017365e-01
    4.5993171570093822e-01
    2.7039246257619287e-01
    1.4724611351267630e-01
    7.2754273625586022e-02
    3.2279134111496570e-02
    1.2777726193570461e-02
    4.4921848429767298e-03
    1.3973779291093177e-03
    3.8333250803746470e-04
    9.2439369226021922e-05
    1.9532732312136548e-05
    3.6044760655157506e-06
    5.7882793838730432e-07
    8.0577823683178555e-08
    9.6831572541199793e-09
    9.9987792087033783e-10
    8.8263884699246010e-11
    6.6229421981382904e-12
    4.1974244200362693e-13
    2.2308344696888379e-14
    9.8625416778250356e-16
    3.5937957780312665e-17
    1.0680593132197509e-18
    2.5577579130648611e-20
    4.8668521054407247e-22
    7.2380582311834777e-24
    8.2514900233198626e-26
    7.0445812607616567e-28
    4.3780289931764648e-30
    1.9123246706995160e-32
    5.6159544870696974e-35
    1.0466652084434942e-37
    1.1455497940923871e-40
    6.6012002149576040e-44
    1.7007441048066557e-47
    1.4984953599998952e-51
    2.7136382915115361e-56
    2.7760591559918960e-62
