    1.1100629906273531e+00
    6.2598245187140023e-01
    4.1248206438481100e-01
    2.5660530421734901e-01
    1.4543898082387413e-01
    7.4095865670295982e-02
    3.3693011992273203e-02
    1.3612343778519463e-02
    4.8692298987743415e-03
    1.5375082460496316e-03
    4.2734166751473183e-04
    1.0425667990197601e-04
    2.2259964288607065e-05
    4.1464239978356509e-06
    6.7154562168216756e-07
    9.4213917611663736e-08
    1.1402842311522723e-08
    1.1852198324427595e-09
    1.0526399746721253e-10
    7.9434070379193772e-12
    5.0609624610439259e-13
    2.7031205859741244e-14
    1.2006152316800407e-15
    4.3940801502988977e-17
    1.3113061567930031e-18
    3.1525894147055097e-20
    6.0210173204741781e-22
    8.9862923893641764e-24
    1.0279177082767562e-25
    8.8041330702174450e-28
    5.4885832044060643e-30
    2.4046109071145661e-32
    7.0821694427548104e-35
    1.3236555726118496e-37
    1.4527078361369454e-40
    8.3939467198593470e-44
    2.1684802214620163e-47
    1.9158344149492844e-51
    3.4792685504337518e-56
    3.5705445970222429e-62
