    1.8457290110960176e+00
    7.6443754783131601e-01
    4.6094808163326095e-01
    2.7333262794677909e-01
    1.5059303571273794e-01
    7.5514922918456823e-02
    3.4110510289400181e-02
    1.3792011235696408e-02
    4.9693465551283430e-03
    1.5897752183616539e-03
    4.5014440112074993e-04
    1.1246915964505232e-04
    2.4721152797888494e-05
    4.7654284164523782e-06
    8.0296889266444907e-07
    1.1784656149090976e-07
    1.5006526193077532e-08
    1.6510168056491454e-09
    1.5620874794361616e-10
    1.2644356874512128e-11
    8.7061428210430562e-13
    5.0663607263414404e-14
    2.4738027602621432e-15
    1.0052711311450260e-16
    3.3683678695724781e-18
    9.2080541088233901e-20
    2.0287484165208303e-21
    3.5518385205929316e-23
    4.8601220578576116e-25
    5.0967893730415237e-27
    4.0013128701035492e-29
    2.2854044961780821e-31
    9.1670147554350844e-34
    2.4693321522866288e-36
    4.2148670581766428e-39
    4.2160143139953312e-42
    2.2139954160471626e-45
    5.1772538480381468e-49
    4.1153492544800498e-53
    6.6574208982083977e-58
    5.9632087333422612e-64
