    3.5278181310252585e+00
    9.5058055721276391e-01
    5.1821222480843832e-01
    2.8972704234837848e-01
    1.5318384652454561e-01
    7.4441071528086489e-02
    3.2790975148300622e-02
    1.2985492835740988e-02
    4.5969460377809279e-03
    1.4484130793237116e-03
    4.0468574895333371e-04
    9.9924245427275061e-05
    2.1733045932019913e-05
    4.1497402565363309e-06
    6.9321356166027240e-07
    1.0093949284002301e-07
    1.2760914807708561e-08
    1.3946184027084143e-09
    1.3113720463693340e-10
    1.0554142357314364e-11
    7.2281150938981644e-13
    4.1852125276274319e-14
    2.0339574652769648e-15
    8.2287699233053907e-17
    2.7457035420816711e-18
    7.4762069370564493e-20
    1.6409994476143327e-21
    2.8627223661264271e-23
    3.9038242679413915e-25
    4.0805719718649033e-27
    3.1934912721853194e-29
    1.8185132164627351e-31
    7.2730506837673671e-34
    1.9536304099459725e-36
    3.3254721795542783e-39
    3.3174394467507565e-42
    1.7375012988790644e-45
    4.0522795456163303e-49
    3.2125053079257101e-53
    5.1824147793863567e-58
    4.6276355639516452e-64
