    2.6636838371490241e+00
    8.6981385410229173e-01
    4.9410579324026160e-01
    2.8290694718978193e-01
    1.5208367802128669e-01
    7.4846061277891826e-02
    3.3304247873061570e-02
    1.3299475612275870e-02
    4.7415702797957548e-03
    1.5031425813897398e-03
    4.2223042829925739e-04
    1.0475146996833735e-04
    2.2879639221557575e-05
    4.3853770241539127e-06
    7.3511784460327698e-07
    1.0738010091476242e-07
    1.3614579514396033e-08
    1.4918985047454888e-09
    1.4063234683156041e-10
    1.1344408186297726e-11
    7.7860354302754181e-13
    4.5173262268247062e-14
    2.1995051321559784e-15
    8.9143415844027323e-17
    2.9794501405393073e-18
    8.1255554960217143e-20
    1.7862176645597913e-21
    3.1205252821835183e-23
    4.2612075020475829e-25
    4.4599672947932382e-27
    3.4947932234478040e-29
    1.9924928403930093e-31
    7.9781717852628137e-34
    2.1454580997458636e-36
    3.6560223995838173e-39
    3.6511226878469455e-42
    1.9143001384079254e-45
    4.4693476195830195e-49
    3.5469424857485894e-53
    5.7283204787780001e-58
    5.1214574667542281e-64
