    6.8112043936366020e-03
    1.1159313168654009e-01
    3.3676334753243226e-01
    6.8245354803231451e-01
    1.1491603207838046e+00
    1.7375740121315388e+00
    2.4485758880832424e+00
    3.2832442807675921e+00
    4.2428635562031793e+00
    5.3289353315401771e+00
    6.5431920415453515e+00
    7.8876131275682146e+00
    9.3644442247256396e+00
    1.0976219824601214e+01
    1.2725790010675770e+01
    1.4616352012997266e+01
    1.6651487518498065e+01
    1.8835206918239376e+01
    2.1172001992341787e+01
    2.3666908955007539e+01
    2.6325584345205048e+01
    2.9154397010352564e+01
    3.2160540474853278e+01
    3.5352171438843037e+01
    3.8738582208025065e+01
    4.2330417814294663e+01
    4.6139952930316156e+01
    5.0181450198049198e+01
    5.4471631611385511e+01
    5.9030310432341331e+01
    6.3881256960820828e+01
    6.9053415195010174e+01
    7.4582664578151906e+01
    8.0514464192257634e+01
    8.6907998842388935e+01
    9.3843044784879979e+01
    1.0143216545720878e+02
    1.0984450779780539e+02
    1.1935884602953284e+02
    1.3050901644765480e+02
    1.4467039000326821e+02
