       -8.2130008955982774
       -7.5289454645396221
       -6.9603584006367427
       -6.4509845971747604
       -5.9793650041651345
       -5.5344413406134452
       -5.1095696265331316
       -4.7003568963041173
       -4.3036987671546472
       -3.9172898548377835
       -3.5393499373637121
       -3.1684594539419857
       -2.8034549614843169
       -2.4433595531234107
       -2.0873346819187240
       -1.7346456088220297
       -1.3846357891600329
       -1.0367072529242065
       -0.6903050523302082
       -0.3449044630154327
       -0.0000000000000002
        0.3449044630154322
        0.6903050523302077
        1.0367072529242061
        1.3846357891600329
        1.7346456088220275
        2.0873346819187248
        2.4433595531234102
        2.8034549614843187
        3.1684594539419861
        3.5393499373637112
        3.9172898548377821
        4.3036987671546481
        4.7003568963041165
        5.1095696265331316
        5.5344413406134425
        5.9793650041651381
        6.4509845971747577
        6.9603584006367383
        7.5289454645396159
        8.2130008955982738
