    4.3862953024556119e-03
    1.0413539385120472e-01
    3.2450843659369560e-01
    6.6551356337154621e-01
    1.1276364159609185e+00
    1.7115608549351242e+00
    2.4181626074268650e+00
    3.2485149167118239e+00
    4.2038973761786833e+00
    5.2858070873665559e+00
    6.4959721887535693e+00
    7.8363680151015531e+00
    9.3092362587594000e+00
    1.0917107608460068e+01
    1.2662828461908731e+01
    1.4549592458050089e+01
    1.6580977764900780e+01
    1.8760991303712785e+01
    2.1094121409667530e+01
    2.3585400850857649e+01
    2.6240482690339689e+01
    2.9065732237608181e+01
    3.2068339380073077e+01
    3.5256457038227900e+01
    3.8639373543129182e+01
    4.2227729692794732e+01
    4.6033795586337035e+01
    5.0071828849595981e+01
    5.4358545883277138e+01
    5.8913753599233992e+01
    6.3761214943470456e+01
    6.8929865208484955e+01
    7.4455573273179581e+01
    8.0383785030247921e+01
    8.6773668258493075e+01
    9.3704976324590632e+01
    1.0129024027485163e+02
    1.0969855797388199e+02
    1.1920862167884788e+02
    1.3035410777122846e+02
    1.4450996482756892e+02
