    1.1012569404328330e+00
    6.2270770213842741e-01
    4.1267172665643059e-01
    2.5896990898732053e-01
    1.4851558235196879e-01
    7.6796165027497851e-02
    3.5556294398019869e-02
    1.4674196151863019e-02
    5.3800282814021622e-03
    1.7472513963173028e-03
    5.0130194317924098e-04
    1.2672392204248636e-04
    2.8147332257750518e-05
    5.4773183241167830e-06
    9.3086198515719122e-07
    1.3768979799397698e-07
    1.7659774830236438e-08
    1.9558458435079391e-09
    1.8618922233419612e-10
    1.5157409690112675e-11
    1.0492218090164834e-12
    6.1362529255656625e-14
    3.0102723849144526e-15
    1.2286807101970647e-16
    4.1341273551505453e-18
    1.1346047396802834e-19
    2.5091726745594329e-21
    4.4086215355911915e-23
    6.0530363623678491e-25
    6.3684767126504531e-27
    5.0153008536041479e-29
    2.8731760477922469e-31
    1.1558113752689308e-33
    3.1221933773193881e-36
    5.3438387440630519e-39
    5.3596445212872951e-42
    2.8220145482713593e-45
    6.6164757062031844e-49
    5.2734285676261641e-53
    8.5545996372988277e-58
    7.6862896240922485e-64
