    5.3382508063470110e-03
    1.0710552838520168e-01
    3.2939848640746194e-01
    6.7227866020116522e-01
    1.1362360630764397e+00
    1.7219571446736461e+00
    2.4303198474791250e+00
    3.2623994518164179e+00
    4.2194774621658553e+00
    5.3030527884694116e+00
    6.5148552898419201e+00
    7.8568619457048614e+00
    9.3313160274220035e+00
    1.0940749746653809e+01
    1.2688010977086391e+01
    1.4576294795666934e+01
    1.6609180779438454e+01
    1.8790677238944259e+01
    2.1125273888625387e+01
    2.3618004876226717e+01
    2.6274524656310835e+01
    2.9101199954623617e+01
    3.2105222114402608e+01
    3.5294745568984730e+01
    3.8679060240236076e+01
    4.2268808620648983e+01
    4.6076262639662303e+01
    5.0115681930462380e+01
    5.4403785131933056e+01
    5.8960381696918304e+01
    6.3809237513949263e+01
    6.8979291358836363e+01
    7.4506416337364143e+01
    8.0436063619268197e+01
    8.6827407795430503e+01
    9.3760211390381016e+01
    1.0134701840958132e+02
    1.0975694635109326e+02
    1.1926872026477857e+02
    1.3041608051002953e+02
    1.4457414464601331e+02
