    9.3836371367433998e-03
    1.1915936172568392e-01
    3.4911762781776429e-01
    6.9948432467324717e-01
    1.1707668033070362e+00
    1.7636618929754568e+00
    2.4790563867281303e+00
    3.3180336880320969e+00
    4.2818829164061523e+00
    5.3721101856073350e+00
    6.5904522084941179e+00
    7.9388925158546515e+00
    9.4196806695260555e+00
    1.1035354948968305e+01
    1.2788769109474913e+01
    1.4683123959169837e+01
    1.6722004691730582e+01
    1.8909425156635592e+01
    2.1249880568255826e+01
    2.3748410576845423e+01
    2.6410675187789057e+01
    2.9243046777428358e+01
    3.2252722498589343e+01
    3.5447862822844527e+01
    3.8837764022635618e+01
    4.2433075356053571e+01
    4.6246076061781658e+01
    5.0291033790425750e+01
    5.4584676121544341e+01
    5.9146822659618650e+01
    6.4001251050406722e+01
    6.9176913989154372e+01
    7.4709701473905227e+01
    8.0645085765047796e+01
    8.7042268680787373e+01
    9.3981049350544325e+01
    1.0157402358062122e+02
    1.0999038735058507e+02
    1.1950899679557094e+02
    1.3066384802138748e+02
    1.4483073408058024e+02
