        0.0000000000000000
        0.0000000000000000
        0.0000000000000000
        0.0000000000000000
        0.0000000000000000
        0.0000000000000053
        0.0000000000005033
        0.0000000000292173
        0.0000000010958052
        0.0000000278347153
        0.0000004963659394
        0.0000063902459677
        0.0000607196210779
        0.0004334122717213
        0.0023571613945963
        0.0098795240531885
        0.0322021012889080
        0.0822112693032938
        0.1652880012746671
        0.2627389067822951
        0.3310489138908569
        0.3310489138908569
        0.2627389067822947
        0.1652880012746680
        0.0822112693032939
        0.0322021012889078
        0.0098795240531885
        0.0023571613945963
        0.0004334122717213
        0.0000607196210779
        0.0000063902459677
        0.0000004963659394
        0.0000000278347153
        0.0000000010958052
        0.0000000000292173
        0.0000000000005033
        0.0000000000000053
        0.0000000000000000
        0.0000000000000000
        0.0000000000000000
        0.0000000000000000
        0.0000000000000000
