    1.8349716666489451e+00
    7.6186630558727586e-01
    4.6185171515528678e-01
    2.7612273045344682e-01
    1.5382866612749474e-01
    7.8229297329580505e-02
    3.5945010586972151e-02
    1.4829772777515739e-02
    5.4694724638149946e-03
    1.7970132730659560e-03
    5.2435137808346389e-04
    1.3549054102562024e-04
    3.0915304229307922e-05
    6.2107768567556142e-06
    1.0951915703297337e-06
    1.6895725566522690e-07
    2.2722683434647455e-08
    2.6536937882402207e-09
    2.6797684010449150e-10
    2.3289144482244731e-11
    1.7328130000074685e-12
    1.0974034525371061e-13
    5.8772352750671527e-15
    2.6424022825855010e-16
    9.8914843083207630e-18
    3.0541739598466027e-19
    7.6957409143752610e-21
    1.5631045462344830e-22
    2.5229624641379509e-24
    3.1824982358056393e-26
    3.0759821470538799e-28
    2.2247686959141175e-30
    1.1699895098709415e-32
    4.3173523449530738e-35
    1.0686597955433941e-37
    1.6735544344415125e-40
    1.5326569622886654e-43
    7.3479253271343946e-47
    1.5623779673157282e-50
    1.1225399689851757e-54
    1.6254468545550377e-59
    1.2777083439253115e-65
