       -8.3258093895669276
       -7.6447832957047490
       -7.0788678730491092
       -6.5720171713874702
       -6.1028523343815317
       -5.6603575812830602
       -5.2379158850176495
       -4.8311536291282833
       -4.4369817058810304
       -4.0531077444247678
       -3.6777633163885572
       -3.3095400965109230
       -2.9472857823054799
       -2.5900348706171297
       -2.2369607870543189
       -1.8873416205434852
       -1.5405348009155457
       -1.1959577943778099
       -0.8530729091605542
       -0.5113749183154696
       -0.1703805855618165
        0.1703805855618173
        0.5113749183154697
        0.8530729091605539
        1.1959577943778084
        1.5405348009155475
        1.8873416205434861
        2.2369607870543171
        2.5900348706171274
        2.9472857823054817
        3.3095400965109216
        3.6777633163885564
        4.0531077444247696
        4.4369817058810304
        4.8311536291282851
        5.2379158850176495
        5.6603575812830629
        6.1028523343815255
        6.5720171713874711
        7.0788678730491137
        7.6447832957047455
        8.3258093895669312
