    2.6512425464206055e+00
    8.6783728900793067e-01
    4.9558468146349122e-01
    2.8607197340596563e-01
    1.5549305952930573e-01
    7.7602886873879659e-02
    3.5123659653530266e-02
    1.4310990837938912e-02
    5.2224735060337479e-03
    1.7002165112050861e-03
    4.9214162725446612e-04
    1.2626647884802464e-04
    2.8627909580463244e-05
    5.7183484079599229e-06
    1.0031198859354562e-06
    1.5401881498705084e-07
    2.0623385401736605e-08
    2.3988428071539179e-09
    2.4133922481105564e-10
    2.0901508972154702e-11
    1.5501372531679124e-12
    9.7874380457451702e-14
    5.2268550867030000e-15
    2.3437064542370689e-16
    8.7512014173102118e-18
    2.6956321239816555e-19
    6.7768990503938960e-21
    1.3735054215322533e-22
    2.2123733074002833e-24
    2.7852257056803884e-26
    2.6869285428856526e-28
    1.9398542970578370e-30
    1.0183721922736485e-32
    3.7515205144314386e-35
    9.2707746539313561e-38
    1.4495087440093934e-40
    1.3253906306692627e-43
    6.3443908606030865e-47
    1.3469110388955155e-50
    9.6621290017209190e-55
    1.3967948630007342e-59
    1.0959713971560903e-65
