    1.0927236949217509e+00
    6.1948539723256535e-01
    4.1277329877995927e-01
    2.6119213941047154e-01
    1.5147677559098871e-01
    7.9443294955539812e-02
    3.7418418051359204e-02
    1.5758517601882262e-02
    5.9145096255761014e-03
    1.9728371371097210e-03
    5.8333888551556634e-04
    1.5251562867090311e-04
    3.5168197492741527e-05
    7.1325782322649146e-06
    1.2686344737426196e-06
    1.9726297463963693e-07
    2.6722147977550901e-08
    3.1416835056208715e-09
    3.1922403876298010e-10
    2.7902973685794733e-11
    2.0872787199565199e-12
    1.3285507992909981e-13
    7.1488293953870246e-15
    3.2284293091482168e-16
    1.2136029880992992e-17
    3.7621365803567544e-19
    9.5154411523400553e-21
    1.9396556145108251e-22
    3.1414738284565392e-24
    3.9756826711718845e-26
    3.8546898815972680e-28
    2.7964032604845964e-30
    1.4748884579116710e-32
    5.4577750569997694e-35
    1.3546371885385555e-37
    2.1270583243861012e-40
    1.9530718334722087e-43
    9.3876727059389605e-47
    2.0012305028274548e-50
    1.4416051933381249e-54
    2.0931471082689688e-59
    1.6503508964473892e-65
