    6.6495131384528621e-03
    1.0894293549385667e-01
    3.2875859144328734e-01
    6.6620985163742119e-01
    1.1217579187373929e+00
    1.6960443790900073e+00
    2.3898879053210913e+00
    3.2042895675377476e+00
    4.1404407141011674e+00
    5.1997328360878621e+00
    6.3837694772698130e+00
    7.6943804108744125e+00
    9.1336383918994350e+00
    1.0703878876815599e+01
    1.2407723198694809e+01
    1.4248105804183345e+01
    1.6228306307851497e+01
    1.8351987309881505e+01
    2.0623239169025894e+01
    2.3046633243957505e+01
    2.5627285540247435e+01
    2.8370933266850876e+01
    3.1284027572613802e+01
    3.4373846784659413e+01
    3.7648635933685512e+01
    4.1117780420549352e+01
    4.4792024657455933e+01
    4.8683750890284038e+01
    5.2807339970396043e+01
    5.7179645934057014e+01
    6.1820632197620881e+01
    6.6754243199026590e+01
    7.2009629342716153e+01
    7.7622920813564775e+01
    8.3639890016970242e+01
    9.0120126521942780e+01
    9.7143951043511521e+01
    1.0482469780251303e+02
    1.1333268183643192e+02
    1.2294862872508652e+02
    1.3421018211095222e+02
    1.4850276901582191e+02
