    4.2820662309024657e-03
    1.0165991669837619e-01
    3.1678765138706216e-01
    6.4965830139403946e-01
    1.1007226343503238e+00
    1.6706161331155702e+00
    2.3601522719967996e+00
    3.1703273456724652e+00
    4.1023282218333827e+00
    5.1575421501077550e+00
    6.3375686373304339e+00
    7.6442335973530948e+00
    9.0796060799855010e+00
    1.0646017969228318e+01
    1.2346087137988007e+01
    1.4182744665142552e+01
    1.6159266870042675e+01
    1.8279313109984567e+01
    2.0546970532134143e+01
    2.2966807292510346e+01
    2.5543936178652061e+01
    2.8284091139094865e+01
    3.1193719989215829e+01
    3.4280097614068787e+01
    3.7551465451603576e+01
    4.1017205108436691e+01
    4.4688056938446245e+01
    4.8576398786453204e+01
    5.2696606659198608e+01
    5.7065529172727580e+01
    6.1703123570740452e+01
    6.6633327123333530e+01
    7.1885281729317811e+01
    7.7495107231036158e+01
    8.3508563099683684e+01
    8.9985222184581104e+01
    9.7005382699400016e+01
    1.0468234699827936e+02
    1.1318638181337795e+02
    1.2279813201615025e+02
    1.3405508376656209e+02
    1.4834224814515395e+02
