    3.5140709427080816e+00
    9.4911375179193169e-01
    5.2012092547306077e-01
    2.9315807730581972e-01
    1.5671328041752419e-01
    7.7227169094478132e-02
    3.4600945812846486e-02
    1.3980181513501437e-02
    5.0655781905469066e-03
    1.6390382535822483e-03
    4.7188779247293281e-04
    1.2049452864287339e-04
    2.7203098666808549e-05
    5.4129154663493523e-06
    9.4623592274688158e-07
    1.4482313161067094e-07
    1.9335490376159336e-08
    2.2429873535691618e-09
    2.2509675797424243e-10
    1.9449637503540820e-11
    1.4393425589593488e-12
    9.0695011333311924e-14
    4.8342494735557354e-15
    2.1637864536146812e-16
    8.0657542340525592e-18
    2.4805235257094963e-19
    6.2266534609120799e-21
    1.2601642850410770e-22
    2.0270171089820938e-24
    2.5485193414133077e-26
    2.4554773398698462e-28
    1.7706083742842336e-30
    9.2843715095363840e-33
    3.4163516982823635e-35
    8.4332484759381797e-38
    1.3171498780156480e-40
    1.2031028982583314e-43
    5.7530600982229442e-47
    1.2201098057315226e-50
    8.7433448848781392e-55
    1.2625907142242713e-59
    9.8946441396424416e-66
