    5.2114510242616914e-03
    1.0456043137199000e-01
    3.2156433252504968e-01
    6.5626819907064438e-01
    1.1091269657416349e+00
    1.6807785514514524e+00
    2.3720385094478882e+00
    3.1839050458795799e+00
    4.1175668225440401e+00
    5.1744127876199926e+00
    6.3560440646665146e+00
    7.6642881131531571e+00
    9.1012154667293004e+00
    1.0669159440039962e+01
    1.2370739291608567e+01
    1.4208887448871476e+01
    1.6186881550625760e+01
    1.8308382252595486e+01
    2.0577477987777335e+01
    2.2998738194377932e+01
    2.5577276948212333e+01
    2.8318829502991299e+01
    3.1229845008437810e+01
    3.4317599727349375e+01
    3.7590336535655354e+01
    4.1057438558520566e+01
    4.4729647773985015e+01
    4.8619343788111685e+01
    5.2740904546306588e+01
    5.7111180833528628e+01
    6.1750132363389689e+01
    6.6681699274016978e+01
    7.1935026867438069e+01
    7.7546239124081183e+01
    8.3561100690059490e+01
    9.0039191104060748e+01
    9.7060817582192399e+01
    1.0473929522783483e+02
    1.1324491009903781e+02
    1.2285833935676042e+02
    1.3411713216589123e+02
    1.4840646601501678e+02
