    9.1610979965491158e-03
    1.1633220677368501e-01
    3.4082707056807648e-01
    6.8285074068272078e-01
    1.1428746790274980e+00
    1.7215465745032443e+00
    2.4196902881201523e+00
    3.2383116497425788e+00
    4.1786064709929018e+00
    5.2419704669707494e+00
    6.4300112016280693e+00
    7.7445622917296406e+00
    9.1877001826073261e+00
    1.0761763889317141e+01
    1.2469378192130458e+01
    1.4313480893350283e+01
    1.6297354891440271e+01
    1.8424666018859178e+01
    2.0699507835986687e+01
    2.3126454894776320e+01
    2.5710626409983480e+01
    2.8457762842601650e+01
    3.1374318666973807e+01
    3.4467575644673673e+01
    3.7745782391823973e+01
    4.1218328096436558e+01
    4.4895961222129479e+01
    4.8791068409027872e+01
    5.2918035346323961e+01
    5.7293721483632631e+01
    6.1938096402889023e+01
    6.6875111702437593e+01
    7.2133926284328325e+01
    7.7750680667044008e+01
    8.3771160179888199e+01
    9.0254971099150296e+01
    9.7282456625457655e+01
    1.0496698282501286e+02
    1.1347891300931866e+02
    1.2309905341527286e+02
    1.3436520506862598e+02
    1.4866321066976388e+02
