    6.4953206714897125e-03
    1.0641572093909922e-01
    3.2112576837028511e-01
    6.5072238584673670e-01
    1.0956346402015773e+00
    1.6564598494597811e+00
    2.3339599074787829e+00
    3.1290658772929305e+00
    4.0428849368282895e+00
    5.0767090821349283e+00
    6.2320256196087991e+00
    7.5105296265275863e+00
    8.9141386348178457e+00
    1.0445009861526675e+01
    1.2105560387278976e+01
    1.3898490778630105e+01
    1.5826812768295579e+01
    1.7893881756662012e+01
    2.0103435089179786e+01
    2.2459637311439060e+01
    2.4967133926708151e+01
    2.7631115607340650e+01
    3.0457395381593059e+01
    3.3452502088877715e+01
    3.6623794454598979e+01
    3.9979601608453265e+01
    4.3529397953086743e+01
    4.7284023288789520e+01
    5.1255963502478558e+01
    5.5459713735375615e+01
    5.9912256102189154e+01
    6.4633700093785961e+01
    6.9648159996891238e+01
    7.4984987995913286e+01
    8.0680559872159364e+01
    8.6780955418836896e+01
    9.3346161816312730e+01
    1.0045703515649650e+02
    1.0822766815181554e+02
    1.1682952589921116e+02
    1.2654525578805789e+02
    1.3791625163447853e+02
    1.5233784520335925e+02
