    5.0905352547392160e-03
    1.0213350506728325e-01
    3.1409438303794607e-01
    6.4100350497314484e-01
    1.0832839527078864e+00
    1.6415295873029938e+00
    2.3164993706049106e+00
    3.1091216742122518e+00
    4.0205011502864965e+00
    5.0519274030294383e+00
    6.2048854615107683e+00
    7.4810682253842096e+00
    8.8823911359252019e+00
    1.0411009394885275e+01
    1.2069338131962626e+01
    1.3860076016497967e+01
    1.5786232927144118e+01
    1.7851162442697351e+01
    2.0058600108469435e+01
    2.2412708679754051e+01
    2.4918131866878053e+01
    2.7580058532893556e+01
    3.0404299865016696e+01
    3.3397382812280632e+01
    3.6566664139826578e+01
    3.9920470922750518e+01
    4.3468275385097698e+01
    4.7220914987889195e+01
    5.1190873071908776e+01
    5.5392641966031931e+01
    5.9843200628577456e+01
    6.4562654945629802e+01
    6.9575115007385108e+01
    7.4909928007561660e+01
    8.0603463647636715e+01
    8.6701794105696351e+01
    9.3264896705957057e+01
    1.0037361426306251e+02
    1.0814202067255120e+02
    1.1674155249369231e+02
    1.2645480942131502e+02
    1.3782309219634962e+02
    1.5224148676330333e+02
