        0.0000000000000000
        0.0000000000000000
        0.0000000000000000
        0.0000000000000000
        0.0000000000000000
        0.0000000000000013
        0.0000000000001309
        0.0000000000082271
        0.0000000003340718
        0.0000000091931961
        0.0000001777783045
        0.0000024851377424
        0.0000256805730771
        0.0001997243567132
        0.0011860700927674
        0.0054414552932418
        0.0194681601511017
        0.0547248090818750
        0.1215673798863878
        0.2143434970018837
        0.3008659938676601
        0.3368029653927535
        0.3008659938676597
        0.2143434970018842
        0.1215673798863880
        0.0547248090818747
        0.0194681601511017
        0.0054414552932418
        0.0011860700927674
        0.0001997243567132
        0.0000256805730771
        0.0000024851377424
        0.0000001777783045
        0.0000000091931961
        0.0000000003340718
        0.0000000000082271
        0.0000000000001309
        0.0000000000000013
        0.0000000000000000
        0.0000000000000000
        0.0000000000000000
        0.0000000000000000
        0.0000000000000000
