    1.8245205235841431e+00
    7.5931802183879649e-01
    4.6265150617137329e-01
    2.7877129937906397e-01
    1.5695656684506112e-01
    8.0896336558862733e-02
    3.7779880821603620e-02
    1.5888923460556689e-02
    5.9917697596131338e-03
    2.0191341330331129e-03
    6.0624062083407791e-04
    1.6173454968823533e-04
    3.8235590776501750e-05
    7.9881564907673936e-06
    1.4705873411353125e-06
    2.3783291223631643e-07
    3.3678948601826799e-08
    4.1609734542247884e-09
    4.4676558366035880e-10
    4.1508982210675491e-11
    3.3213613864933615e-12
    2.2767271042413949e-13
    1.3291562407231001e-14
    6.5653768490183922e-16
    2.7237000838784018e-17
    9.4115354833073338e-19
    2.6832526303010397e-20
    6.2442315327736174e-22
    1.1714592780554054e-23
    1.7464786535851817e-25
    2.0346198821137195e-27
    1.8157220740892444e-29
    1.2120393781808657e-31
    5.8790885171141053e-34
    1.9992469604621938e-36
    4.5551439377226146e-39
    6.5559822500365602e-42
    5.5064147194922340e-45
    2.4142261298310801e-48
    4.6757876965955721e-52
    3.0420136496199159e-56
    3.9503526422277575e-61
    2.7310322895164253e-67
