    2.6391418036961078e+00
    8.6586135271619835e-01
    4.9694437232422534e-01
    2.8909092834527217e-01
    1.5879708275094387e-01
    8.0316324838052969e-02
    3.6945929322304900e-02
    1.5344542145570001e-02
    5.7251984817683508e-03
    1.9116308889513608e-03
    5.6935196120706528e-04
    1.5081099534197608e-04
    3.5425731496846691e-05
    7.3585240512119167e-06
    1.3475916378141684e-06
    2.1690001674743108e-07
    3.0579909417260064e-08
    3.7627947385275519e-09
    4.0249719301408097e-10
    3.7265519967434303e-11
    2.9721086324213598e-12
    2.0311100519605939e-13
    1.1823701526212032e-14
    5.8245828961775835e-16
    2.4102263495564916e-17
    8.3082912978664704e-19
    2.3633018190802755e-20
    5.4877171858300793e-22
    1.0273991690078240e-23
    1.5286732809663781e-25
    1.7775031204304246e-27
    1.5833792740602742e-29
    1.0550918727798328e-31
    5.1091395361399924e-34
    1.7345686012741694e-36
    3.9457919070740041e-39
    5.6701311192712988e-42
    4.7551003354349903e-45
    2.0816673534666370e-48
    4.0256051677823493e-52
    2.6149924024463449e-56
    3.3903790639309784e-61
    2.3397073670516812e-67
