    8.9488697038423697e-03
    1.1363612302781964e-01
    3.3292137713228664e-01
    6.6699085696873806e-01
    1.1162834230589942e+00
    1.6814021467636113e+00
    2.3631137994560767e+00
    3.1623539177333502e+00
    4.0802338760326453e+00
    5.1180496438235101e+00
    6.2772923105827170e+00
    7.5596605711882239e+00
    8.9670754309405876e+00
    1.0501697455382361e+01
    1.2165946967028924e+01
    1.3962527685434949e+01
    1.5894454424974946e+01
    1.7965085614103501e+01
    2.0178161591068100e+01
    2.2537849878288633e+01
    2.5048798960664140e+01
    2.7716202519796461e+01
    3.0545876646399364e+01
    3.3544353324844813e+01
    3.6718994542202068e+01
    4.0078132847252583e+01
    4.3631246268544238e+01
    4.7389178500151935e+01
    5.1364419667602100e+01
    5.5571469594405080e+01
    6.0027315650879707e+01
    6.4752073330647306e+01
    6.9769863909131345e+01
    7.5110047882571621e+01
    8.0809011158627527e+01
    8.6912846214604613e+01
    9.3481556648373711e+01
    1.0059602066861272e+02
    1.0837036233291441e+02
    1.1697609427699159e+02
    1.2669594334170880e+02
    1.3807145839214184e+02
    1.5249838069157138e+02
