    3.5006900129603662e+00
    9.4763020699428513e-01
    5.2189967119992930e-01
    2.9644010176252195e-01
    1.6013904884081256e-01
    7.9972520975195277e-02
    3.6415397856095578e-02
    1.4997315433705442e-02
    5.5558012230751234e-03
    1.8436555384156758e-03
    5.4614560210959194e-04
    1.4397261530069863e-04
    3.3674749736925073e-05
    6.9678347150921583e-06
    1.2715737635497458e-06
    2.0400979932618431e-07
    2.8678061058950052e-08
    3.5192119199994637e-09
    3.7549655380262355e-10
    3.4684477014381132e-11
    2.7602314899202060e-12
    1.8824686560962275e-13
    1.0937434943832575e-14
    5.3782790189507758e-16
    2.2217579252931258e-17
    7.6462894455752511e-19
    2.1716721748032946e-20
    5.0354171118938703e-22
    9.4141510900179490e-24
    1.3988839155110866e-25
    1.6245261957118538e-27
    1.4453485529290936e-29
    9.6198637060152678e-32
    4.6530205730563659e-34
    1.5779843115428387e-36
    3.5857713646477265e-39
    5.1474198459207849e-42
    4.3123341161191423e-45
    1.8859279288380506e-48
    3.6433950444672272e-52
    2.3642864993990002e-56
    3.0620527297144918e-61
    2.1106040546125681e-67
