    4.1826756645344521e-03
    9.9299420736239860e-02
    3.0942593062165108e-01
    6.3454183835807265e-01
    1.0750662474468080e+00
    1.6315907233370661e+00
    2.3048722741237522e+00
    3.0958374752596565e+00
    4.0055892923004759e+00
    5.0354157318789099e+00
    6.1868003018576267e+00
    7.4614344472658543e+00
    8.8612322128881473e+00
    1.0388347454383810e+01
    1.2045193998430745e+01
    1.3834469247309036e+01
    1.5759181841520066e+01
    1.7822684143487432e+01
    2.0028710496570376e+01
    2.2381422460779898e+01
    2.4885462549494417e+01
    2.7546018417998610e+01
    3.0368900024659307e+01
    3.3360633056835752e+01
    3.6528572971463845e+01
    3.9881045472590657e+01
    4.3427521330583026e+01
    4.7178836445697186e+01
    5.1147472460055653e+01
    5.5347919826394772e+01
    5.9797155397511183e+01
    6.4515282654994664e+01
    6.9526408889973752e+01
    7.4859877967540413e+01
    8.0552055534275368e+01
    8.6649008689571517e+01
    9.3210708184521650e+01
    1.0031798797925286e+02
    1.0808490942062748e+02
    1.1668289003678890e+02
    1.2639449771633828e+02
    1.3776097113096500e+02
    1.5217723229431235e+02
