       -8.4372386310833853
       -7.7591530847325334
       -7.1958276123464282
       -6.6914198727121210
       -6.2246289668942225
       -5.7844803140775589
       -5.3643829011515551
       -4.9599816751949533
       -4.5682020755441561
       -4.1867640213660033
       -3.8139101240654241
       -3.4482424822200008
       -3.0886190396004194
       -2.7340846945379074
       -2.3838237072843595
       -2.0371256888641938
       -1.6933605309399098
       -1.3519593686708711
       -1.0123996845633199
       -0.6741932767423143
       -0.3368761966255333
        0.0000000000000002
        0.3368761966255332
        0.6741932767423133
        1.0123996845633199
        1.3519593686708706
        1.6933605309399100
        2.0371256888641947
        2.3838237072843595
        2.7340846945379043
        3.0886190396004203
        3.4482424822200013
        3.8139101240654254
        4.1867640213660042
        4.5682020755441588
        4.9599816751949488
        5.3643829011515587
        5.7844803140775563
        6.2246289668942252
        6.6914198727121139
        7.1958276123464318
        7.7591530847325272
        8.4372386310833853
