    1.0844488071201268e+00
    6.1631518989448486e-01
    4.1279468057558105e-01
    2.6328067882823591e-01
    1.5432669326193188e-01
    8.2036529914795944e-02
    3.9276608360365915e-02
    1.6863051694834409e-02
    6.4717520149798211e-03
    2.2142652383712897e-03
    6.7374830478971501e-04
    1.8188234743707864e-04
    4.3456394167771169e-05
    9.1660485124870166e-06
    1.7021455143274662e-06
    2.7747474359178736e-07
    3.9579952695928879e-08
    4.9230327791461317e-09
    5.3189305443931483e-10
    4.9705499027660682e-11
    3.9987882482375317e-12
    2.7550120298740254e-13
    1.6160498484818848e-14
    8.0183328179607906e-16
    3.3405714003215647e-17
    1.1589395999759306e-18
    3.3167426300684563e-20
    7.7463732689106882e-22
    1.4582856946973547e-23
    2.1812642005138757e-25
    2.5491633393761687e-27
    2.2818063509096552e-29
    1.5276094222975469e-31
    7.4306751593824902e-34
    2.5337816824947870e-36
    5.7883738392661923e-39
    8.3525115301674983e-42
    7.0331993934318900e-45
    3.0913971455348936e-48
    6.0023859498650143e-52
    3.9150696478955392e-56
    5.0976847729491272e-61
    3.5347376776251006e-67
