    3.4876576322944333e+00
    9.4613326214982096e-01
    5.2355752652712895e-01
    2.9958092929788654e-01
    1.6346416043158529e-01
    8.2676039390955289e-02
    3.8231831319582868e-02
    1.6035023368566818e-02
    6.0668944571493919e-03
    2.0622890816919528e-03
    6.2771099261539891e-04
    1.7056757799694465e-04
    4.1260084468959769e-05
    8.8602384798505403e-06
    1.6842335868969816e-06
    2.8255705429184411e-07
    4.1704503075459345e-08
    5.3970621411916318e-09
    6.1014294123372209e-10
    6.0015432842398451e-11
    5.1137658341082496e-12
    3.7563000735305442e-13
    2.3658753247460615e-14
    1.2701254351284917e-15
    5.7734356580261877e-17
    2.2055312296107086e-18
    7.0214768095583568e-20
    1.8451696977154830e-21
    3.9592118005160901e-23
    6.8503439845991508e-25
    9.4200296027185648e-27
    1.0122005860738996e-28
    8.3301353749321695e-31
    5.1261144363681844e-33
    2.2909239292426433e-35
    7.1721320550288466e-38
    1.5027346138788443e-40
    1.9859098932589499e-43
    1.5284167545523981e-46
    6.1232339930665454e-50
    1.0793591841443854e-53
    6.3536442268297919e-58
    7.3936631944421888e-63
    4.4917770812364665e-69
