    6.3481171545787234e-03
    1.0400312018009560e-01
    3.1383952982285107e-01
    6.3593948044930793e-01
    1.0707027879374875e+00
    1.6186864868905024e+00
    2.2806008443991557e+00
    3.0573133343546131e+00
    3.9498547757790927e+00
    4.9594270352834151e+00
    6.0874123007593353e+00
    7.3353840716125189e+00
    8.7051200768695072e+00
    1.0198617389591350e+01
    1.1818110069444824e+01
    1.3566089741499798e+01
    1.5445329613554929e+01
    1.7458912552519550e+01
    1.9610263990330797e+01
    2.1903190621970086e+01
    2.4341926106649080e+01
    2.6931185308044061e+01
    2.9676229038618242e+01
    3.2582941846695384e+01
    3.5657926161251517e+01
    3.8908617174229192e+01
    4.2343424322366516e+01
    4.5971907327045024e+01
    4.9804997769032902e+01
    5.3855281606529516e+01
    5.8137364694803225e+01
    6.2668353591772508e+01
    6.7468500100662098e+01
    7.2562084379022394e+01
    7.7978656075582848e+01
    8.3754831740460901e+01
    8.9936992954324950e+01
    9.6585517725446550e+01
    1.0378178887044986e+02
    1.1164064583908605e+02
    1.2033468648703810e+02
    1.3014845161864721e+02
    1.4162703021402064e+02
    1.5617551310781747e+02
