    4.9751032220110994e-03
    9.9816704618122781e-02
    3.0696380325040717e-01
    6.2643359706074297e-01
    1.0586201787636622e+00
    1.6040773195843678e+00
    2.2635125268963985e+00
    3.0377907418993702e+00
    3.9279404059000806e+00
    4.9351611327861464e+00
    6.0608329647336854e+00
    7.3065273488661182e+00
    8.6740200437886212e+00
    1.0165306223494680e+01
    1.1782618110044506e+01
    1.3528445542811518e+01
    1.5405559986394371e+01
    1.7417042597539499e+01
    1.9566317121369057e+01
    2.1857188579278134e+01
    2.4293888959340489e+01
    2.6881131444828053e+01
    2.9624175145546545e+01
    3.2528902870227689e+01
    3.5601915254401355e+01
    3.8850645622842734e+01
    4.2283501447642628e+01
    4.5910040359123869e+01
    4.9741191684714778e+01
    5.3789538921699595e+01
    5.8069685198567086e+01
    6.2598734004054755e+01
    6.7396933627098250e+01
    7.2488560124666705e+01
    7.7903158259182447e+01
    8.3677338618021622e+01
    8.9857475302919752e+01
    9.6503936631356268e+01
    1.0369809235404652e+02
    1.1155476339149099e+02
    1.2024651948563178e+02
    1.3005785444268747e+02
    1.4153376551752254e+02
    1.5607910130008446e+02
