    3.2491102009888667e-02
    1.7123817581147169e-01
    4.2103666620351304e-01
    7.8225492892140869e-01
    1.2553546349398625e+00
    1.8409374130893694e+00
    2.5397531805693503e+00
    3.3527062878881373e+00
    4.2808623390397669e+00
    5.3254562311950817e+00
    6.4879016571001893e+00
    7.7698022801391309e+00
    9.1729648155123300e+00
    1.0699414295322844e+01
    1.2351411854387115e+01
    1.4131475448155765e+01
    1.6042404007748889e+01
    1.8087305655181382e+01
    2.0269630751903122e+01
    2.2593210746149943e+01
    2.5062304033571891e+01
    2.7681650371089351e+01
    3.0456535814027959e+01
    3.3392870721505005e+01
    3.6497284153138573e+01
    3.9777239047486063e+01
    4.3241174058322919e+01
    4.6898680026400847e+01
    5.0760722089977989e+01
    5.4839922879698548e+01
    5.9150928909531061e+01
    6.3710892526662207e+01
    6.8540117989985333e+01
    7.3662946690570621e+01
    7.9109001271316586e+01
    8.4914987385294580e+01
    9.1127398402554547e+01
    9.7806757212689106e+01
    1.0503464200510523e+02
    1.1292616932842083e+02
    1.2165435750452934e+02
    1.3150445027042241e+02
    1.4302290852939822e+02
    1.5761844630703226e+02
