    1.8143602496398767e+00
    7.5679390520451739e-01
    4.6335554602856671e-01
    2.8128630683698880e-01
    1.5998027643719548e-01
    8.3515261740524774e-02
    3.9612610329207411e-02
    1.6967445415168928e-02
    6.5354020242092753e-03
    2.2561213501505360e-03
    6.9606940067978341e-04
    1.9142691022393829e-04
    4.6806187870308400e-05
    1.0149129902818966e-05
    1.9463013015526914e-06
    3.2916093210978141e-07
    4.8943448556789207e-08
    6.3772064918900800e-09
    7.2551861805223207e-10
    7.1784688227243719e-11
    6.1502277303995830e-12
    4.5408808892372616e-13
    2.8738558333367551e-14
    1.5498532255071192e-15
    7.0751988221140232e-17
    2.7138007081967852e-18
    8.6728736450548541e-20
    2.2874857422458117e-21
    4.9254230824346015e-23
    8.5505073482284824e-25
    1.1795453614342561e-26
    1.2713225511135467e-28
    1.0493425926331736e-30
    6.4756598529050264e-33
    2.9019925481033328e-35
    9.1093668478703989e-38
    1.9135775693036793e-40
    2.5352593241043578e-43
    1.9560744945166832e-46
    7.8558819801213549e-50
    1.3881978325675415e-53
    8.1921427177333652e-58
    9.5581467007631140e-63
    5.8237892996671259e-69
