       -8.5473375667355462
       -7.8721084427748522
       -7.3112956789163261
       -6.8092552715358323
       -6.3447621648969008
       -5.9068817590275433
       -5.4890481838807492
       -5.0869242297582522
       -4.6974492230014420
       -4.3183547234421100
       -3.9478937115246548
       -3.5846779931052279
       -3.2275749742774260
       -2.8756390821704403
       -2.5280644271476618
       -2.1841510195665257
       -1.8432799206176103
       -1.5048944344828714
       -1.1684854631902049
       -0.8335797610020732
       -0.4997302083006743
       -0.1665074670736325
        0.1665074670736322
        0.4997302083006743
        0.8335797610020734
        1.1684854631902051
        1.5048944344828721
        1.8432799206176080
        2.1841510195665239
        2.5280644271476631
        2.8756390821704425
        3.2275749742774238
        3.5846779931052257
        3.9478937115246522
        4.3183547234421109
        4.6974492230014411
        5.0869242297582549
        5.4890481838807483
        5.9068817590275469
        6.3447621648968999
        6.8092552715358279
        7.3112956789163306
        7.8721084427748531
        8.5473375667355427
