    2.6273649079986243e+00
    8.6388847286687087e-01
    4.9819353789617321e-01
    2.9197169496450620e-01
    1.6199896886188980e-01
    8.2985408358448656e-02
    3.8768551337992500e-02
    1.6398200375675909e-02
    6.2489794944710544e-03
    2.1373943348767617e-03
    6.5411552667354054e-04
    1.7860059561582817e-04
    4.3389868594650531e-05
    9.3538854190337933e-06
    1.7843595382889934e-06
    3.0032196870894050e-07
    4.4458051912372718e-08
    5.7691504802698658e-09
    6.5386141764995700e-10
    6.4467331676401137e-11
    5.5051841536686124e-12
    4.0521412638654984e-13
    2.5571418382586437e-14
    1.3753053444464673e-15
    6.2622745059853274e-17
    2.3961619255508246e-18
    7.6401215756923724e-20
    2.0106847337459569e-21
    4.3203832797710395e-23
    7.4852192646231086e-25
    1.0306192208842333e-26
    1.1087762014758164e-28
    9.1356696197628525e-31
    5.6281979852110134e-33
    2.5180723764510211e-35
    7.8916536738288605e-38
    1.6552059369257542e-40
    2.1896230035428835e-43
    1.6868804835520301e-46
    6.7647535191892741e-50
    1.1936197922852214e-53
    7.0332976054004660e-58
    8.1931690756421897e-63
    4.9833367832927589e-69
