        0.0000000000000000
        0.0000000000000000
        0.0000000000000000
        0.0000000000000000
        0.0000000000000000
        0.0000000000000003
        0.0000000000000337
        0.0000000000022848
        0.0000000001002600
        0.0000000029831210
        0.0000000624272451
        0.0000009454538542
        0.0000106001717725
        0.0000895979736406
        0.0005794204327157
        0.0029012937752966
        0.0113578669390700
        0.0350337571096873
        0.0856701873002461
        0.1668671658256466
        0.2597733961158872
        0.3239426288419960
        0.3239426288419955
        0.2597733961158886
        0.1668671658256458
        0.0856701873002463
        0.0350337571096871
        0.0113578669390701
        0.0029012937752966
        0.0005794204327157
        0.0000895979736406
        0.0000106001717725
        0.0000009454538542
        0.0000000624272451
        0.0000000029831210
        0.0000000001002600
        0.0000000000022848
        0.0000000000000337
        0.0000000000000003
        0.0000000000000000
        0.0000000000000000
        0.0000000000000000
        0.0000000000000000
        0.0000000000000000
