    4.0877943272896273e-03
    9.7046075419100208e-02
    3.0239878156945282e-01
    6.2011365283467024e-01
    1.0505809782618647e+00
    1.5943523626198555e+00
    2.2521334746366435e+00
    3.0247875654719532e+00
    3.9133414887976872e+00
    4.9189933539373873e+00
    6.0431217698360102e+00
    7.2872968127695561e+00
    8.6532929252032762e+00
    1.0143104012705141e+01
    1.1758961070028260e+01
    1.3503352743984006e+01
    1.5379049335069595e+01
    1.7389130858074747e+01
    1.9537019931840380e+01
    2.1826520460399824e+01
    2.4261863316188585e+01
    2.6847760560744717e+01
    2.9589470167378053e+01
    3.2492873783765944e+01
    3.5564570848537237e+01
    3.8811993440466608e+01
    4.2243547720695936e+01
    4.5868789924354182e+01
    4.9698647875506708e+01
    5.3745703429698274e+01
    5.8024557896427261e+01
    6.2552312717148446e+01
    6.7349213836729106e+01
    7.2439534577131624e+01
    7.7852816441837504e+01
    8.3625666041484109e+01
    8.9804452490011499e+01
    9.6449537642131361e+01
    1.0364228253508449e+02
    1.1149749573262642e+02
    1.2018772822843388e+02
    1.2999744248715353e+02
    1.4147157459508207e+02
    1.5601481159692921e+02
