    8.7462518857211163e-03
    1.1106220024133316e-01
    3.2537434045335606e-01
    6.5185185376144017e-01
    1.0909039189354215e+00
    1.6430930026613806e+00
    2.3091339636493626e+00
    3.0898984859872800e+00
    3.9864213395875656e+00
    4.9999081336428635e+00
    6.1317446207237269e+00
    7.3835077098000266e+00
    8.7569784036811651e+00
    1.0254156930934807e+01
    1.1877280404915544e+01
    1.3628843418440171e+01
    1.5511622076759105e+01
    1.7528702089659959e+01
    1.9683511693490807e+01
    2.1979860366001660e+01
    2.4421984545458280e+01
    2.7014601890364283e+01
    2.9762976045392481e+01
    3.2672994452893100e+01
    3.5751262525849867e+01
    3.9005218563271697e+01
    4.2443275271583779e+01
    4.6074995852656926e+01
    4.9911315638290773e+01
    5.3964824683701082e+01
    5.8250133384249921e+01
    6.2784353408518690e+01
    6.7587742412052407e+01
    7.2684587381570282e+01
    7.8104446104045167e+01
    8.3883945061194780e+01
    9.0069478291225423e+01
    9.6721439944782404e+01
    1.0392123460354235e+02
    1.1178373258371622e+02
    1.2048157857416012e+02
    1.3029939167149854e+02
    1.4178241365769455e+02
    1.5633613891374088e+02
