    1.0764188982438598e+00
    6.1319659012031169e-01
    4.1274301837414723e-01
    2.6524361147290854e-01
    1.5706940027871386e-01
    8.4575422583901091e-02
    4.1128355448264431e-02
    1.7985627720879787e-02
    7.0507921893027369e-03
    2.4714722854977571e-03
    7.7279196877279657e-04
    2.1506781534659787e-04
    5.3149585581656389e-05
    1.1635900139449070e-05
    2.2509987249462910e-06
    3.8374413073327475e-07
    5.7479749911092837e-08
    7.5403657573588981e-09
    8.6325069841199862e-10
    8.5912549337985334e-11
    7.4008847791371513e-12
    5.4922414932831907e-13
    3.4926623680249638e-14
    1.8920948836134175e-15
    8.6744539608374282e-17
    3.3406691978576241e-18
    1.0717183396041571e-19
    2.8369814713008713e-21
    6.1298218387178867e-23
    1.0676646578598312e-24
    1.4775252550632830e-26
    1.5973408599175148e-28
    1.3223011390049574e-30
    8.1831977047959037e-33
    3.6772311715423361e-35
    1.1573456940721100e-37
    2.4374798888181268e-40
    3.2375226089166714e-43
    2.5041083038600376e-46
    1.0081608749899079e-49
    1.7858883288152924e-53
    1.0565413786590943e-57
    1.2359442549278121e-62
    7.5526751407758815e-69
