    3.4749573148631909e+00
    9.4462586183530550e-01
    5.2510279841084551e-01
    3.0258789386280371e-01
    1.6669162011574556e-01
    8.5336886055075653e-02
    4.0047956960936923e-02
    1.7091495249940466e-02
    6.5981011798811624e-03
    2.2949127346036393e-03
    7.1680901877183641e-04
    2.0048301908371670e-04
    5.0074104198885335e-05
    1.1139279125191261e-05
    2.2011010172732547e-06
    3.8525447470588053e-07
    5.9552217065051848e-08
    8.1043792831912196e-09
    9.6768533764974591e-10
    1.0100305706263303e-10
    9.1783764200568881e-12
    7.2293976046345660e-13
    4.9115694368765099e-14
    2.8626666614383043e-15
    1.4227949966576797e-16
    5.9899100984468963e-18
    2.1200020623938518e-19
    6.2546986933505322e-21
    1.5235438463333370e-22
    3.0305310188873515e-24
    4.8609945493138823e-26
    6.1963364842819124e-28
    6.1707237670523110e-30
    4.7050785868811677e-32
    2.6812560870138288e-34
    1.1089280694244326e-36
    3.2098904384173279e-39
    6.2108740976984389e-42
    7.5678475503074561e-45
    5.3590451416951684e-48
    1.9698455127142579e-51
    3.1733181249899175e-55
    1.6972688673977895e-59
    1.7777723515542172e-64
    9.5383092434241594e-71
