    2.6158963231801722e+00
    8.6192074687474129e-01
    4.9934010918616945e-01
    2.9472166081357987e-01
    1.6510191972684898e-01
    8.5609418940118309e-02
    4.0589237958479067e-02
    1.7470103019363095e-02
    6.7930156808105506e-03
    2.3774636851055589e-03
    7.4665827825351884e-04
    2.0984484848945477e-04
    5.2639994455867367e-05
    1.1755952429581005e-05
    2.3312205404666328e-06
    4.0935567403207448e-07
    6.3466715160529215e-08
    8.6608968444784982e-09
    1.0367752486302954e-09
    1.0847132106724911e-10
    9.8788753031179032e-12
    7.7972894190744786e-13
    5.3077049854470152e-14
    3.0992225375302246e-15
    1.5430328193589539e-16
    6.5067418245814748e-18
    2.3064992235889001e-19
    6.8149681617096511e-21
    1.6623498907284978e-22
    3.3110717514653402e-24
    5.3178019589558882e-26
    6.7869748044793545e-28
    6.7669149805234686e-30
    5.1655432565521826e-32
    2.9468970241586330e-34
    1.2200917372183833e-36
    3.5353184777388071e-39
    6.8474524966995798e-42
    8.3517510363031854e-45
    5.9199063198729873e-48
    2.1781027388587786e-51
    3.5122014208702123e-55
    1.8803713994711536e-59
    1.9715899319492486e-64
    1.0590406730451322e-70
