    4.8647901517983256e-03
    9.7602699330832654e-02
    3.0014996742770611e-01
    6.1251204282890259e-01
    1.0350565786795383e+00
    1.5683007865608571e+00
    2.2129052841281771e+00
    2.9696772645707501e+00
    3.8395758658850814e+00
    4.8237189791969968e+00
    5.9233914542628403e+00
    7.1400548123179970e+00
    8.4753586397943934e+00
    9.9311538858475199e+00
    1.1509508339184579e+01
    1.3212724621693464e+01
    1.5043361112205750e+01
    1.7004256308027838e+01
    1.9098557250461667e+01
    2.1329752791119230e+01
    2.3701712668856121e+01
    2.6218733616970642e+01
    2.8885594046933914e+01
    3.1707619286552443e+01
    3.4690759927475192e+01
    3.7841686617926733e+01
    4.1167905707865586e+01
    4.4677901645070655e+01
    4.8381314130168143e+01
    5.2289161075837818e+01
    5.6414122874827164e+01
    6.0770910173350146e+01
    6.5376747637576372e+01
    7.0252022471168928e+01
    7.5421172989805584e+01
    8.0913937479834900e+01
    8.6767162865568963e+01
    9.3027519868218221e+01
    9.9755761343602956e+01
    1.0703377571158777e+02
    1.1497711964877463e+02
    1.2375947945054592e+02
    1.3366721569277871e+02
    1.4524896911755340e+02
    1.5991921047747329e+02
