    3.9971221581638688e-03
    9.4892745579004123e-02
    2.9568389077288709e-01
    6.0632773218237324e-01
    1.0271882812241147e+00
    1.5587807020203308e+00
    2.2017638796069012e+00
    2.9569434149314007e+00
    3.8252769496360237e+00
    4.8078809560971107e+00
    5.9060389320229163e+00
    7.1212111050888032e+00
    8.4550458196601745e+00
    9.9093928279777206e+00
    1.1486318761028208e+01
    1.3188125116440736e+01
    1.5017369176624220e+01
    1.6976888364677144e+01
    1.9069828664188769e+01
    2.1299677879627033e+01
    2.3670304707014861e+01
    2.6186004834396080e+01
    2.8851555618181667e+01
    3.1672281313059681e+01
    3.4654131410106693e+01
    3.7803775418627652e+01
    4.1128718498459776e+01
    4.4637443840623199e+01
    4.8339589803492039e+01
    5.2246172848563432e+01
    5.6369871778820219e+01
    6.0725395473916464e+01
    6.5329966606438305e+01
    7.0203970091988836e+01
    7.5371841570938102e+01
    8.0863316135989308e+01
    8.6715236808343775e+01
    9.2974269407483675e+01
    9.9701160431440513e+01
    1.0697778972131806e+02
    1.1491970178090533e+02
    1.2370056442908016e+02
    1.3360670734736050e+02
    1.4518671097702867e+02
    1.5985488682487912e+02
