    3.1776956867004137e-02
    1.6747251657589871e-01
    4.1176935189345742e-01
    7.6501433412687803e-01
    1.2276394084198410e+00
    1.8002069428945144e+00
    2.4834175141915842e+00
    3.2781154527749887e+00
    4.1852949337854737e+00
    5.2061071301655160e+00
    6.3418686461714149e+00
    7.5940714118217665e+00
    8.9643942355385047e+00
    1.0454716247741855e+01
    1.2067132515934922e+01
    1.3803972172016246e+01
    1.5667819467696853e+01
    1.7661538267980248e+01
    1.9788300611283599e+01
    2.2051620115564329e+01
    2.4455391203193738e+01
    2.7003935367666333e+01
    2.9702056032584270e+01
    3.2555103986001463e+01
    3.5569055951600582e+01
    3.8750609641045898e+01
    4.2107299705811627e+01
    4.5647640501793127e+01
    4.9381303694810924e+01
    5.3319341780002226e+01
    5.7474473058814169e+01
    6.1861450326356248e+01
    6.6497545839444641e+01
    7.1403201447971469e+01
    7.6602919389219835e+01
    8.2126514283411396e+01
    8.8010926374693909e+01
    9.4302943609709956e+01
    1.0106347092231992e+02
    1.0837460196797772e+02
    1.1635218467519680e+02
    1.2517034745017205e+02
    1.3511619015017152e+02
    1.4673979649749680e+02
    1.6145944790908848e+02
