    7.9003863218577344e-02
    1.6064969814261620e-01
    1.9788792774994074e-01
    1.8978490012961755e-01
    1.5161633179828432e-01
    1.0374664065632540e-01
    6.1658521650479053e-02
    3.2073009065683875e-02
    1.4666691055304897e-02
    5.9109404105919545e-03
    2.1021480717924798e-03
    6.5997635763384111e-04
    1.8287173922646157e-04
    4.4687548597413124e-05
    9.6188526495207516e-06
    1.8207784506475249e-06
    3.0249820529758397e-07
    4.4003996132626235e-08
    5.5894745239344796e-09
    6.1800526258521828e-10
    5.9265751381619209e-11
    4.9096834353215020e-12
    3.4975836508759764e-13
    2.1317103204601090e-14
    1.1051884165220034e-15
    4.8425951912262905e-17
    1.7802221281288401e-18
    5.4452758145862781e-20
    1.3728113526206257e-21
    2.8219444221277709e-23
    4.6710984407365396e-25
    6.1367398151776194e-27
    6.2913370569462056e-29
    4.9331123148062380e-31
    2.8882104259708152e-33
    1.2262094662885748e-35
    3.6408456570760857e-38
    7.2217666584783347e-41
    9.0161728188234661e-44
    6.5394028187256465e-47
    2.4615136785988203e-50
    4.0609526541759711e-54
    2.2253609931215505e-58
    2.3909249277722376e-63
    1.3198453933537975e-69
