    1.8044765968546659e+00
    7.5429492230949657e-01
    4.6397121034514455e-01
    2.8367520662102413e-01
    1.6290329021845279e-01
    8.6085540061577301e-02
    4.1440917061096171e-02
    1.8063396091765042e-02
    7.0994992122987710e-03
    2.5079044065725192e-03
    7.9406465785848896e-04
    2.2478646948036595e-04
    5.6754160155110981e-05
    1.2748996550164366e-05
    2.5415948898430167e-06
    4.4846699024569560e-07
    6.9841132946651525e-08
    9.5700598107387448e-09
    1.1499849201889264e-09
    1.2074320213261663e-10
    1.1032982252918365e-11
    8.7352466753986765e-13
    5.9635151402034246e-14
    3.4917125897288961e-15
    1.7429478159129169e-16
    7.3677674548213550e-18
    2.6177848978479263e-19
    7.7518069886228718e-21
    1.8948492027976432e-22
    3.7817476762855002e-24
    6.0854146654630186e-26
    7.7809748032657691e-28
    7.7717188751540530e-30
    5.9426855931713193e-32
    3.3958362526013175e-34
    1.4082077250159619e-36
    4.0867255517569244e-39
    7.9274192523850722e-42
    9.6832824610894980e-45
    6.8737271471128666e-48
    2.5326957763595117e-51
    4.0898988347310220e-55
    2.1928890477967646e-59
    2.3028193189410497e-64
    1.2390992848590135e-70
