       -8.6561523259903375
       -7.9836998162220025
       -7.4253266258561981
       -6.9255820732775977
       -6.4633149436642592
       -6.0276294722536923
       -5.6119841218396616
       -5.2120588631620102
       -4.8248063087032564
       -4.4479690736019313
       -4.0798099079253936
       -3.7189496893415610
       -3.3642645958565387
       -3.0148178197492279
       -2.6698124652513453
       -2.3285579714531899
       -1.9904454586466385
       -1.6549291191547935
       -1.3215117856392307
       -0.9897334248657113
       -0.6591616888741348
       -0.3293838996966693
        0.0000000000000002
        0.3293838996966693
        0.6591616888741354
        0.9897334248657118
        1.3215117856392311
        1.6549291191547908
        1.9904454586466376
        2.3285579714531881
        2.6698124652513480
        3.0148178197492248
        3.3642645958565400
        3.7189496893415623
        4.0798099079253944
        4.4479690736019322
        4.8248063087032618
        5.2120588631620102
        5.6119841218396642
        6.0276294722536932
        6.4633149436642610
        6.9255820732775950
        7.4253266258561990
        7.9836998162220025
        8.6561523259903268
