    6.2074379435433143e-03
    1.0169750781755549e-01
    3.0687678084702980e-01
    6.2181407288877177e-01
    1.0468825174586924e+00
    1.5826024111260693e+00
    2.2296369725445553e+00
    2.9887957812688151e+00
    3.8610402164574293e+00
    4.8474902935841033e+00
    5.9494328866670108e+00
    7.1683314535878919e+00
    8.5058374403608408e+00
    9.9638035881912774e+00
    1.1544299419241540e+01
    1.3249629238851576e+01
    1.5082353067729208e+01
    1.7045311011900811e+01
    1.9141651696798306e+01
    2.1374865542450586e+01
    2.3748823849790657e+01
    2.6267824917941908e+01
    2.8936648739013044e+01
    3.1760622248627623e+01
    3.4745697687513868e+01
    3.7898547410565939e+01
    4.1226679551273335e+01
    4.4738580440947970e+01
    4.8443891792022754e+01
    5.2353633692398880e+01
    5.6480488917920361e+01
    6.0839170763072950e+01
    6.5446906882791325e+01
    7.0324087911144602e+01
    7.5495156174971584e+01
    8.0989854749114897e+01
    8.6845036410319167e+01
    9.3107379229770828e+01
    9.9837645596775204e+01
    1.0711773679522305e+02
    1.1506322775531076e+02
    1.2384783247885537e+02
    1.3375795786956377e+02
    1.4534233509410117e+02
    1.6001567370325341e+02
