    8.5526061963552211e-03
    1.0860231804834376e-01
    3.1816208140858809e-01
    6.3738561773662594e-01
    1.0666550240220820e+00
    1.6064957328402134e+00
    2.2575752910590707e+00
    3.0207072456412214e+00
    3.8968567000667185e+00
    4.8871471993736968e+00
    5.9928689806996163e+00
    7.2154887195537238e+00
    8.5566609517237637e+00
    1.0018241396221402e+01
    1.1602302455919277e+01
    1.3311151234056785e+01
    1.5147350480437547e+01
    1.7113742975374080e+01
    1.9213479978013744e+01
    2.1450054516288958e+01
    2.3827340488811974e+01
    2.6349638798940504e+01
    2.9021732067981528e+01
    3.1848949906302703e+01
    3.4837247298362449e+01
    3.7993299438955518e+01
    4.1324617429729223e+01
    4.4839690736947055e+01
    4.8548164421871647e+01
    5.2461062193641780e+01
    5.6591070795803390e+01
    6.0952907932456050e+01
    6.5563806235523771e+01
    7.0444162051935862e+01
    7.5618424389007643e+01
    8.1116344297147464e+01
    8.6974784301210221e+01
    9.3240434715373752e+01
    9.9974073809564729e+01
    1.0725762429676134e+02
    1.1520669151483204e+02
    1.2399503562081330e+02
    1.3390914069494627e+02
    1.4549788854064153e+02
    1.6017638651775650e+02
