    1.0686215573000093e+00
    6.1012899343059968e-01
    4.1262478623225157e-01
    2.6708846692996646e-01
    1.5970887684967150e-01
    8.7059766500349869e-02
    4.2971396598007958e-02
    1.9124165972936112e-02
    7.6506363858850979e-03
    2.7443368417025458e-03
    8.8069733253368749e-04
    2.5230725086141135e-04
    6.4388253383109166e-05
    1.4604395671013627e-05
    2.9371824699987457e-06
    5.2245074293074629e-07
    8.1966045296642372e-08
    1.1308344511068529e-08
    1.3674834806355389e-09
    1.4442662644796629e-10
    1.3269742712841497e-11
    1.0560349990178183e-12
    7.2444132016427182e-14
    4.2610328364925959e-15
    2.1361211530289024e-16
    9.0665596138002203e-18
    3.2338130708440736e-19
    9.6111573612103092e-21
    2.3575666737755360e-22
    4.7209559238440396e-24
    7.6210215211423568e-26
    9.7743024158856796e-28
    9.7914257955448284e-30
    7.5083057183700513e-32
    4.3022360223028697e-34
    1.7888136162055119e-36
    5.2046551781838772e-39
    1.0121352519074546e-41
    1.2393586997001685e-44
    8.8189742348195370e-48
    3.2572540498665728e-51
    5.2726165497389934e-55
    2.8339638137114481e-59
    2.9836791901594714e-64
    1.6100747111196581e-70
