    4.7592629207625116e-03
    9.5484795131692238e-02
    2.9363221841360004e-01
    5.9919646141478489e-01
    1.0125210135345757e+00
    1.5340896759264753e+00
    2.1645202441990374e+00
    2.9045672201240107e+00
    3.7551265750201215e+00
    4.7172418079002005e+00
    5.7921112413781710e+00
    6.9810966429625179e+00
    8.2857333162948912e+00
    9.7077418489680856e+00
    1.1249041747093841e+01
    1.2911767237468773e+01
    1.4698285579598462e+01
    1.6611218305596967e+01
    1.8653465900496514e+01
    2.0828236554543679e+01
    2.3139079770341954e+01
    2.5589925801717666e+01
    2.8185132152377253e+01
    3.0929538690908565e+01
    3.3828533372847183e+01
    3.6888131140993266e+01
    4.0115069360874870e+01
    4.3516924226150131e+01
    4.7102254069282239e+01
    5.0880777635502163e+01
    5.4863598434387633e+01
    5.9063490770981240e+01
    6.3495269792888777e+01
    6.8176278246777031e+01
    7.3127039012638264e+01
    7.8372149203984179e+01
    8.3941536835775636e+01
    8.9872280878514559e+01
    9.6211343644996575e+01
    1.0301985638309338e+02
    1.1038021827938532e+02
    1.1840871096007574e+02
    1.2728012128811642e+02
    1.3728265028071567e+02
    1.4896853105496453e+02
    1.6376172106272281e+02
