    3.1093531078458431e-02
    1.6386895759798351e-01
    4.0290149286504640e-01
    7.4851829067485942e-01
    1.2011240909613741e+00
    1.7612453589179582e+00
    2.4295375869286118e+00
    3.2067903153870310e+00
    4.0939325881688653e+00
    5.0920393354345546e+00
    6.2023388808817428e+00
    7.4262217297106430e+00
    8.7652508048712363e+00
    1.0221173327628090e+01
    1.1795934577337398e+01
    1.3491693814231855e+01
    1.5310842709718070e+01
    1.7256026704201815e+01
    1.9330169806957674e+01
    2.1536503471733219e+01
    2.3878600333316584e+01
    2.6360413784699901e+01
    2.8986324626202116e+01
    3.1761196347139464e+01
    3.4690441035807027e+01
    3.7780098495369806e+01
    4.1036931930855836e+01
    4.4468544652949127e+01
    4.8083523748486535e+01
    5.1891618795465511e+01
    5.5903966764249326e+01
    6.0133378745428779e+01
    6.4594710896189667e+01
    6.9305352380102804e+01
    7.4285879491690125e+01
    7.9560951944991729e+01
    8.5160572634859051e+01
    9.1121912202056635e+01
    9.7492048245432613e+01
    1.0433226171301195e+02
    1.1172515396174819e+02
    1.1978729366926186e+02
    1.2869390358564951e+02
    1.3873391374797259e+02
    1.5046098031954745e+02
    1.6530281857222928e+02
