    1.7948563034722802e+00
    7.5182183297990390e-01
    4.6450523208568989e-01
    2.8594497059563551e-01
    1.6572904474745523e-01
    8.8606853261448154e-02
    4.3262732802178010e-02
    1.9174912384762127e-02
    7.6831666262395229e-03
    2.7743632117047073e-03
    9.0042296105523301e-04
    2.6202381359708381e-04
    6.8208576931908952e-05
    1.5846557169879699e-05
    3.2778847029755759e-06
    6.0218446486930515e-07
    9.7991321741802041e-08
    1.4084037747695870e-08
    1.7824027405617937e-09
    1.9795352241279205e-10
    1.9222225917213065e-11
    1.6254627550426847e-12
    1.1916727128446759e-13
    7.5373071927406124e-15
    4.0906938355883891e-16
    1.8935491593856306e-17
    7.4255019098736287e-19
    2.4482655642219388e-20
    6.7293001074335957e-22
    1.5270731677630288e-23
    2.8296769165823270e-25
    4.2276165417704629e-27
    5.0183258277157466e-29
    4.6523240034376902e-31
    3.3007658896976658e-33
    1.7492070705947226e-35
    6.7224251455175188e-38
    1.8063511106180016e-40
    3.2404342257657182e-43
    3.6547093195344948e-46
    2.3904250965231229e-49
    8.0928053371988103e-53
    1.1960979466424520e-56
    5.8360363909925692e-61
    5.5253984263919217e-66
    2.6306549684104137e-72
