    8.3673495991022709e-03
    1.0624906031908735e-01
    3.1126279580244615e-01
    6.2354822866463766e-01
    1.0434626955596071e+00
    1.5714977805927548e+00
    2.2082778190182406e+00
    2.9545633070721671e+00
    3.8112558460421333e+00
    4.7794042732791455e+00
    5.8602120001482119e+00
    7.0550456641319705e+00
    8.3654452458524329e+00
    9.7931358400202395e+00
    1.1340041311581265e+01
    1.3008300118534629e+01
    1.4800283644119601e+01
    1.6718617456754362e+01
    1.8766206010610521e+01
    2.0946261418763537e+01
    2.3262337082181723e+01
    2.5718367151895855e+01
    2.8318713052971678e+01
    3.1068218627514568e+01
    3.3972275888271973e+01
    3.7036903955092328e+01
    4.0268844532523296e+01
    4.3675678365165076e+01
    4.7265968608546750e+01
    5.1049439176848821e+01
    5.5037199186369641e+01
    5.9242029103097067e+01
    6.3678750940082196e+01
    6.8364715211647990e+01
    7.3320453733343371e+01
    7.8570574087723031e+01
    8.4145016809023588e+01
    9.0080876190803608e+01
    9.6425133812838979e+01
    1.0323894593768836e+02
    1.1060474553048026e+02
    1.1863886217387902e+02
    1.2751615554859680e+02
    1.3752494845547770e+02
    1.4921771173076147e+02
    1.6401903057404226e+02
