    2.6047215736109708e+00
    8.5995998503651105e-01
    5.0039135009409530e-01
    2.9734775146154180e-01
    1.6810910087937092e-01
    8.8187855862310607e-02
    4.2405905816229758e-02
    1.8558458671781047e-02
    7.3564795938208805e-03
    2.6317481026334362e-03
    8.4717789306078717e-04
    2.4474599627947807e-04
    6.3297874978329998e-05
    1.4619573610397698e-05
    3.0079820845803316e-06
    5.4990994834837714e-07
    8.9084424426414790e-08
    1.2750965652435073e-08
    1.6075140890976938e-09
    1.7789397803600536e-10
    1.7216855438121695e-11
    1.4513473458833125e-12
    1.0609088497510119e-13
    6.6917292569190135e-15
    3.6223244595852573e-16
    1.6726152082709180e-17
    6.5437943665568077e-19
    2.1527671512218766e-20
    5.9045802317613183e-22
    1.3372156924720158e-23
    2.4730859505095887e-25
    3.6880228915742338e-27
    4.3700295767023929e-29
    4.0443797953663569e-31
    2.8647015501986043e-33
    1.5156961529148198e-35
    5.8159965359805869e-38
    1.5604357942758224e-40
    2.7951688892362053e-43
    3.1479748649989688e-46
    2.0560609474487057e-49
    6.9509901898799221e-53
    1.0258858992662569e-56
    4.9983091937035177e-61
    4.7250990036341269e-66
    2.2458145885187530e-72
