    7.7357388695998619e-02
    1.5775836233102211e-01
    1.9534461246059168e-01
    1.8876982967894965e-01
    1.5231284023382913e-01
    1.0551893703868286e-01
    6.3647433252847871e-02
    3.3685890280374241e-02
    1.5713686342256956e-02
    6.4772392432555018e-03
    2.3624998217680422e-03
    7.6285714040269569e-04
    2.1804631648174921e-04
    5.5133247696932385e-05
    1.2319044551207836e-05
    2.4289146563474520e-06
    4.2182918562726439e-07
    6.4389571800065687e-08
    8.6171021634340855e-09
    1.0081553096167663e-09
    1.0277798537144894e-10
    9.0967136148561290e-12
    6.9612704949545133e-13
    4.5845970287865910e-14
    2.5850365142920002e-15
    1.2406579655151573e-16
    5.0350940749668648e-18
    1.7152126931973150e-19
    4.8634229357096313e-21
    1.1369389588242028e-22
    2.1675249751060010e-24
    3.3278643691875603e-26
    4.0551691104749025e-28
    3.8554864371724990e-30
    2.8028621871280298e-32
    1.5207684502203754e-34
    5.9796768199892708e-37
    1.6429239283255222e-39
    3.0120110262046274e-42
    3.4702755776422083e-45
    2.3180181178506281e-48
    8.0132973502972367e-52
    1.2094352124440003e-55
    6.0286167621290518e-60
    5.8371980267564102e-65
    2.8498884457277693e-71
