    6.0728586890668856e-03
    9.9491920326055694e-02
    3.0021643490959338e-01
    6.0830320531149928e-01
    1.0241009757387431e+00
    1.5480964676523101e+00
    2.1809099311927453e+00
    2.9232981193881900e+00
    3.7761591185547339e+00
    4.7405384333918184e+00
    5.8176362984939747e+00
    7.0088163111331960e+00
    8.3156155321446050e+00
    9.7397562424165844e+00
    1.1283159585557746e+01
    1.2947961377818205e+01
    1.4736530427687295e+01
    1.6651489783320706e+01
    1.8695741420462177e+01
    2.0872495002572141e+01
    2.3185301496174436e+01
    2.5638092618472172e+01
    2.8235227345508900e+01
    3.0981547037681327e+01
    3.3882441173641766e+01
    3.6943926264177954e+01
    4.0172741303487186e+01
    4.3576464193320191e+01
    4.7163655076242527e+01
    5.0944034637269176e+01
    5.4928708489914769e+01
    5.9130453250996851e+01
    6.3564086644106723e+01
    6.8246954330271947e+01
    7.3199582541884197e+01
    7.8446572320029091e+01
    8.4017856376250677e+01
    8.9950519429305217e+01
    9.6291531019588433e+01
    1.0310203177852760e+02
    1.1046443356359276e+02
    1.1849503599005590e+02
    1.2736865323553072e+02
    1.3737353199928791e+02
    1.4906199456874791e+02
    1.6385823386917224e+02
