    1.0610452520517826e+00
    6.0711170436113859e-01
    4.1244585730476535e-01
    2.6882226143905730e-01
    1.6224900573565254e-01
    8.9489562990369489e-02
    4.4803699044403129e-02
    2.0276681214770650e-02
    8.2702700186424085e-03
    3.0326846526471450e-03
    9.9765768587661125e-04
    2.9382586030776269e-04
    7.7314689843344732e-05
    1.8137604689307872e-05
    3.7851057547938379e-06
    7.0101209488487581e-07
    1.1492428997533029e-07
    1.6631544316833567e-08
    2.1182413393286376e-09
    2.3664931675153598e-10
    2.3107218097304675e-11
    1.9641321910724328e-12
    1.4469841851571313e-13
    9.1941814065611530e-15
    5.0115573032351651e-16
    2.3293266602942941e-17
    9.1699324796288230e-19
    3.0346036413828346e-20
    8.3702885827378669e-22
    1.9058470498744870e-23
    3.5429034066856899e-25
    5.3095097674391404e-27
    6.3212254961747495e-29
    5.8768954415494547e-31
    4.1810449919060679e-33
    2.2215922406693709e-35
    8.5598731843121451e-38
    2.3058516885634904e-40
    4.1466224812268684e-43
    4.6879780658884004e-46
    3.0735101964429598e-49
    1.0429855869077938e-52
    1.5451443225340134e-56
    7.5572412512024950e-61
    7.1730339759626709e-66
    3.4247546489138103e-72
