    3.9103851413780401e-03
    9.2832915900194712e-02
    2.8926088681727558e-01
    5.9314208001648905e-01
    1.0048164935935251e+00
    1.5247659910776146e+00
    2.1536067332889339e+00
    2.8920917200521497e+00
    3.7411155106629588e+00
    4.7017202647019705e+00
    5.7751030277839606e+00
    6.9626243452921397e+00
    8.2658183472257889e+00
    9.6864044902508724e+00
    1.1226301186870483e+01
    1.2887641602416902e+01
    1.4672791962020424e+01
    1.6584372785483183e+01
    1.8625283562506510e+01
    2.0798731499757739e+01
    2.3108265122536007e+01
    2.5557813707797624e+01
    2.8151733776470493e+01
    3.0894864201441113e+01
    3.3792591921723378e+01
    3.6850930833727070e+01
    4.0076617216173979e+01
    4.3477226122998928e+01
    4.7061314678959334e+01
    5.0838600335142907e+01
    5.4820185197556683e+01
    5.9018842029110488e+01
    6.3449384259122560e+01
    6.8129152690357586e+01
    7.3078667966828860e+01
    7.8322524582542400e+01
    8.3890647420164598e+01
    8.9820111616620480e+01
    9.6157874664648531e+01
    1.0296506155438226e+02
    1.1032406302251651e+02
    1.1835114869894069e+02
    1.2722108723149249e+02
    1.3722204917386350e+02
    1.4890620817914294e+02
    1.6369736467154468e+02
