    3.4625736896375852e+00
    9.4311060468056718e-01
    5.2654311071067783e-01
    3.0546788121937951e-01
    1.6982441112629307e-01
    8.7954442274358752e-02
    4.1861683695113762e-02
    1.8164986818174578e-02
    7.1486369456282527e-03
    2.5414539202564049e-03
    8.1363778301656443e-04
    2.3391579293778004e-04
    6.0233950554981092e-05
    1.3857326864629162e-05
    2.8409813308578744e-06
    5.1768597464269099e-07
    8.3612929077649287e-08
    1.1934710186860804e-08
    1.5007513856516048e-09
    1.6568306400722204e-10
    1.5999361993920610e-11
    1.3459031360769106e-12
    9.8190485408333770e-14
    6.1819908414181273e-15
    3.3405729807248853e-16
    1.5399762098887841e-17
    6.0154617647477081e-19
    1.9760203955957697e-20
    5.4121414435798826e-22
    1.2240392542942216e-23
    2.2608536656220040e-25
    3.3673601927625809e-27
    3.9853306752613979e-29
    3.6841330549430465e-31
    2.6066557861956421e-33
    1.3776952206115840e-35
    5.2809964301805130e-38
    1.4154698735093049e-40
    2.5330057102508966e-43
    2.8499753206903102e-46
    1.8596597318805901e-49
    6.2810858853228390e-53
    9.2613937793055020e-57
    4.5079770691806757e-61
    4.2572617992856198e-66
    2.0211621945865565e-72
