        0.0000000000000000
        0.0000000000000000
        0.0000000000000000
        0.0000000000000000
        0.0000000000000000
        0.0000000000000000
        0.0000000000000021
        0.0000000000001695
        0.0000000000086391
        0.0000000002988546
        0.0000000072816348
        0.0000001286532413
        0.0000016869468397
        0.0000167259359207
        0.0001273198375511
        0.0007533967345431
        0.0035010578505228
        0.0128834875597772
        0.0377958309922469
        0.0888682275660053
        0.1681601273621231
        0.2568445435065197
        0.3172743849181669
        0.3172743849181665
        0.2568445435065210
        0.1681601273621231
        0.0888682275660053
        0.0377958309922470
        0.0128834875597773
        0.0035010578505228
        0.0007533967345431
        0.0001273198375511
        0.0000167259359207
        0.0000016869468397
        0.0000001286532413
        0.0000000072816348
        0.0000000002988546
        0.0000000000086391
        0.0000000000001695
        0.0000000000000021
        0.0000000000000000
        0.0000000000000000
        0.0000000000000000
        0.0000000000000000
        0.0000000000000000
        0.0000000000000000
