    1.0536792498485426e+00
    6.0414395600054083e-01
    4.1221156669905551e-01
    2.7045153616878609e-01
    1.6469356290652870e-01
    9.1864991945883767e-02
    4.6623443302326054e-02
    2.1441284635119649e-02
    8.9086662496049834e-03
    3.3362938043702268e-03
    1.1238326590548703e-03
    3.3983755922903494e-04
    9.2072009868183319e-05
    2.2305076733940278e-05
    4.8216062162531572e-06
    9.2795384719063834e-07
    1.5862481681274791e-07
    2.4021794017577898e-08
    3.2137485882198669e-09
    3.7867182720731379e-10
    3.9165770819050687e-11
    3.5428301982695942e-12
    2.7915319382859246e-13
    1.9074463929904252e-14
    1.1247193538426107e-15
    5.6917982578394287e-17
    2.4571522613477126e-18
    8.9876558735029097e-20
    2.7643149788401502e-21
    7.0880816293040310e-23
    1.5005307437291967e-24
    2.5936772981569138e-26
    3.6141288662578687e-28
    4.0003021156526580e-30
    3.4568652665535928e-32
    2.2851057695702426e-34
    1.1275871351485259e-36
    4.0319460870063797e-39
    1.0070233608524510e-41
    1.6770227423528952e-44
    1.7529961868252682e-47
    1.0604208324300634e-50
    3.3109940426747344e-54
    4.4957751600327080e-58
    2.0039548668842917e-62
    1.7175810789296276e-67
    7.2691831340473045e-74
