    4.6582166965147180e-03
    9.3456866917301221e-02
    2.8739165798513122e-01
    5.8644809066018411e-01
    9.9094752722463408e-01
    1.5013431750464086e+00
    2.1182136420754456e+00
    2.8422652507951565e+00
    3.6743362732392302e+00
    4.6154023356975253e+00
    5.6665829240036114e+00
    6.8291490585086194e+00
    8.1045322594861080e+00
    9.4943349598549496e+00
    1.1000342558435099e+01
    1.2624537348643111e+01
    1.4369114607597458e+01
    1.6236501191885090e+01
    1.8229377062126002e+01
    2.0350700253313381e+01
    2.2603735927466165e+01
    2.4992090297155187e+01
    2.7519750403502631e+01
    3.0191130984829147e+01
    3.3011130002473877e+01
    3.5985194827003426e+01
    3.9119401671917693e+01
    4.2420551652365283e+01
    4.5896287930786158e+01
    4.9555239921066189e+01
    5.3407202658480877e+01
    5.7463362517860489e+01
    6.1736584977841723e+01
    6.6241786905601813e+01
    7.0996426258419021e+01
    7.6021158576656475e+01
    8.1340736532071361e+01
    8.6985274297479364e+01
    9.2992078832682012e+01
    9.9408399266032774e+01
    1.0629573937445026e+02
    1.1373700154565617e+02
    1.2184918197901555e+02
    1.3080815272092889e+02
    1.4090392985354231e+02
    1.5269228956029170e+02
    1.6760654526423289e+02
