    5.9439910613113458e-03
    9.7379985755576451e-02
    2.9383920010995379e-01
    5.9536758615399255e-01
    1.0022915510395050e+00
    1.5150670701561302e+00
    2.1342750706025759e+00
    2.8606240011635902e+00
    3.6949541321140802e+00
    4.6382429855674072e+00
    5.6916118553598780e+00
    6.8563334926380017e+00
    8.1338410801069365e+00
    9.5257386526644723e+00
    1.1033813158017292e+01
    1.2660048392399405e+01
    1.4406641096508157e+01
    1.6276019558028352e+01
    1.8270865142992417e+01
    2.0394137273068431e+01
    2.2649102485436050e+01
    2.5039368363954040e+01
    2.7568923325384088e+01
    3.0242183497045616e+01
    3.3064048252673352e+01
    3.6039966410002833e+01
    3.9176015677585006e+01
    4.2478998728854975e+01
    4.5956560366043597e+01
    4.9617331746417172e+01
    5.3471109779343870e+01
    5.7529082878310653e+01
    6.1804118768136384e+01
    6.6311136825202837e+01
    7.1067597852086365e+01
    7.6094160668789030e+01
    8.1415581796285508e+01
    8.7061980017388777e+01
    9.3070667941537735e+01
    9.9488901808320549e+01
    1.0637819463506489e+02
    1.1382146129533950e+02
    1.2193571572341891e+02
    1.3089685690313752e+02
    1.4099494597599332e+02
    1.5278584708524193e+02
    1.6770310591749811e+02
