    3.4504924033285822e+00
    9.4158978551834172e-01
    5.2788547028261767e-01
    3.0822735856694267e-01
    1.7286548060752024e-01
    9.0528282223488715e-02
    4.3671106162111506e-02
    1.9253822904611240e-02
    7.7176970360779452e-03
    2.8017975333615589e-03
    9.1836854456935697e-04
    2.7105488738330460e-04
    7.1858136182078610e-05
    1.7069740527227387e-05
    3.6246190921190820e-06
    6.8628735049624691e-07
    1.1556643265420134e-07
    1.7260193362574728e-08
    2.2796582368519392e-09
    2.6541509088956864e-10
    2.7146774007558825e-11
    2.4300673306276813e-12
    1.8960201148680899e-13
    1.2836117355362257e-14
    7.5029369410437381e-16
    3.7657048559521276e-17
    1.6129610032857593e-18
    5.8560149182959194e-20
    1.7883866392536161e-21
    4.5547203246614339e-23
    9.5800102764414409e-25
    1.6456712563835496e-26
    2.2795269989119128e-28
    2.5086863847232514e-30
    2.1559475385779739e-32
    1.4175730631182801e-34
    6.9589823617048809e-37
    2.4758923143254371e-39
    6.1536756873687031e-42
    1.0199052137177543e-44
    1.0611226438170359e-47
    6.3892953967245703e-51
    1.9857969656049427e-54
    2.6839462867898089e-58
    1.1907170674484408e-62
    1.0155154980675645e-67
    4.2740569151159437e-74
