    1.7854870065748873e+00
    7.4937522022075098e-01
    4.6496376616265872e-01
    2.8810212267399782e-01
    1.6846090583450368e-01
    9.1079069633610843e-02
    4.5076188706273432e-02
    2.0300213315450059e-02
    8.2854929233259714e-03
    3.0553325954525666e-03
    1.0153107959617142e-03
    3.0334007020963339e-04
    8.1299639968372263e-05
    1.9503839467968198e-05
    4.1787571608983099e-06
    7.9771804110206431e-07
    1.3534620107706866e-07
    2.0355426100282099e-08
    2.7058535725398329e-09
    3.1693164355572931e-10
    3.2597983973367739e-11
    2.9333837708538326e-12
    2.3000272993299350e-13
    1.5643659498329938e-14
    9.1841239586260760e-16
    4.6286265968819784e-17
    1.9903805674739423e-18
    7.2533066792470567e-20
    2.2230002331101256e-21
    5.6808497234065623e-23
    1.1987437455353127e-24
    2.0656325124305836e-26
    2.8697904603087306e-28
    3.1673632583713918e-30
    2.7295481553846627e-32
    1.7995268750131691e-34
    8.8569110418141893e-37
    3.1590710180105115e-39
    7.8709097604212959e-42
    1.3076419997606797e-44
    1.3636857569844267e-47
    8.2301570868123167e-51
    2.5638379711635822e-54
    3.4732381381218471e-58
    1.5445252393648062e-62
    1.3205354711433899e-67
    5.5733030974535168e-74
