    8.1899485031615930e-03
    1.0399564042352455e-01
    3.0465653367107315e-01
    6.1029951188627507e-01
    1.0212592293883593e+00
    1.5379962713900648e+00
    2.1610954253710886e+00
    2.8912686759529227e+00
    3.7293596146278944e+00
    4.6763489138351435e+00
    5.7333608716029909e+00
    6.9016711150011476e+00
    8.1827155891906393e+00
    9.5781009912532280e+00
    1.1089616843061552e+01
    1.2719249438677448e+01
    1.4469197951643441e+01
    1.6341893048739088e+01
    1.8340018432637034e+01
    2.0466535830741108e+01
    2.2724714067074160e+01
    2.5118163006153981e+01
    2.7650873352898930e+01
    3.0327263545271709e+01
    3.3152235306842179e+01
    3.6131239863310256e+01
    3.9270357411145710e+01
    4.2576393217222076e+01
    4.6056994813151952e+01
    4.9720796258308454e+01
    5.3577597582067980e+01
    5.7638590592212665e+01
    6.1916646753707710e+01
    6.6426689621380689e+01
    7.1186184736277767e+01
    7.6215796380565450e+01
    8.1540287486368484e+01
    8.7189784515163026e+01
    9.3201609487122255e+01
    9.9623030487590341e+01
    1.0651557592681108e+02
    1.1396218147803879e+02
    1.2207989061989677e+02
    1.3104464721138643e+02
    1.4114658745896904e+02
    1.5294172203956083e+02
    1.6786398357057101e+02
