       -8.8701010540232552
       -8.2029780727977961
       -7.6492795366289812
       -7.1539272947757206
       -6.6959122110632538
       -6.2644130149704775
       -5.8529346161254301
       -5.4571895556816523
       -5.0741554169850698
       -4.7015953849679297
       -4.3377901884924235
       -3.9813772107064720
       -3.6312484092926169
       -3.2864825713246661
       -2.9462986351921736
       -2.6100224744061524
       -2.2770625758595018
       -1.9468917579991847
       -1.6190330813590517
       -1.2930487170109528
       -0.9685309227378153
       -0.6450945230276882
       -0.3223704491561507
       -0.0000000000000003
        0.3223704491561504
        0.6450945230276877
        0.9685309227378148
        1.2930487170109526
        1.6190330813590517
        1.9468917579991867
        2.2770625758595018
        2.6100224744061538
        2.9462986351921718
        3.2864825713246670
        3.6312484092926183
        3.9813772107064711
        4.3377901884924244
        4.7015953849679386
        5.0741554169850671
        5.4571895556816559
        5.8529346161254265
        6.2644130149704749
        6.6959122110632512
        7.1539272947757144
        7.6492795366289830
        8.2029780727978032
        8.8701010540232499
