    2.5938271511902076e+00
    8.5800774757703635e-01
    5.0135392294284409e-01
    2.9985646187097748e-01
    1.7102362805926200e-01
    9.0720408938578523e-02
    4.4216662693124367e-02
    1.9661550089163978e-02
    7.9385248796564212e-03
    2.9001132063851604e-03
    9.5584394746723060e-04
    2.8349780478078868e-04
    7.5486559387880623e-05
    1.8002679682578433e-05
    3.8364799276995071e-06
    7.2879132226155359e-07
    1.2309489503519906e-07
    1.8435905685617793e-08
    2.4412412284239439e-09
    2.8491192788073847e-10
    2.9206394204026710e-11
    2.6199364720619011e-12
    2.0482008759955938e-13
    1.3892179037294648e-14
    8.1344804261537632e-16
    4.0894565369118662e-17
    1.7543921679957172e-18
    6.3790277854606755e-20
    1.9508874799575279e-21
    4.9753387210538350e-23
    1.0478306835450979e-24
    1.8022236856789684e-26
    2.4993618031925926e-28
    2.7537831261190777e-30
    2.3692042092273106e-32
    1.5594604676661705e-34
    7.6634543720822948e-37
    2.7292760276449071e-39
    6.7900942054904581e-42
    1.1264628809778532e-44
    1.1730888253162731e-47
    7.0700293197521844e-51
    2.1993971937026163e-54
    2.9753974432474556e-58
    1.3212662908971498e-62
    1.1279750852758606e-67
    4.7526645292653941e-74
