        0.0000000000000000
        0.0000000000000000
        0.0000000000000000
        0.0000000000000000
        0.0000000000000000
        0.0000000000000000
        0.0000000000000005
        0.0000000000000453
        0.0000000000024836
        0.0000000000924030
        0.0000000024228135
        0.0000000461043649
        0.0000006518105523
        0.0000069771079618
        0.0000574259382383
        0.0003680616958749
        0.0018562527788733
        0.0074296915378902
        0.0237655557624060
        0.0610943862218019
        0.1267767001550022
        0.2130584602651444
        0.2906568738512447
        0.3223116794113145
        0.2906568738512432
        0.2130584602651449
        0.1267767001550023
        0.0610943862218017
        0.0237655557624061
        0.0074296915378901
        0.0018562527788733
        0.0003680616958749
        0.0000574259382383
        0.0000069771079618
        0.0000006518105523
        0.0000000461043649
        0.0000000024228135
        0.0000000000924030
        0.0000000000024836
        0.0000000000000453
        0.0000000000000005
        0.0000000000000000
        0.0000000000000000
        0.0000000000000000
        0.0000000000000000
        0.0000000000000000
        0.0000000000000000
