    3.8273325404938529e-03
    9.0860625029310443e-02
    2.8311113344676514e-01
    5.8051828692633689e-01
    9.8340009643064108e-01
    1.4922079332550700e+00
    2.1075188609803881e+00
    2.8300377836455373e+00
    3.6606016392990308e+00
    4.6001847882312639e+00
    5.6499055087728651e+00
    6.8110336652925509e+00
    8.0849996677472262e+00
    9.4734048791458410e+00
    1.0978033663901289e+01
    1.2600867311841512e+01
    1.4344100122755766e+01
    1.6210157997649866e+01
    1.8201719958773488e+01
    2.0321743115321848e+01
    2.2573491711265572e+01
    2.4960571043776486e+01
    2.7486967235737961e+01
    3.0157094098380679e+01
    3.2975848650405148e+01
    3.5948677296600778e+01
    3.9081655252806371e+01
    4.2381582594384575e+01
    4.5856101389678528e+01
    4.9513839889436973e+01
    5.3364591878668300e+01
    5.7419542372230339e+01
    6.1691555350430654e+01
    6.6195546006751087e+01
    7.0948970400679684e+01
    7.5972481885176492e+01
    8.1290830564799393e+01
    8.6934127537863844e+01
    9.2939675996412845e+01
    9.9354720326399772e+01
    1.0624075814252572e+02
    1.1368068350609759e+02
    1.2179148078974480e+02
    1.3074900407643477e+02
    1.4084323940024800e+02
    1.5262990428821558e+02
    1.6754215727719435e+02
