    3.7477344776632921e-03
    8.8970407916586183e-02
    2.7721754858757991e-01
    5.6842115515355385e-01
    9.6287906893991870e-01
    1.4610146869336729e+00
    2.0633692242789379e+00
    2.7706035199386445e+00
    3.5835017694266891e+00
    4.5029763428037226e+00
    5.5300735915422914e+00
    6.6659806937172901e+00
    7.9120336372365934e+00
    9.2697264729912234e+00
    1.0740722000609232e+01
    1.2326864084117128e+01
    1.4030191835922775e+01
    1.5852955957445717e+01
    1.7797637586071914e+01
    1.9866970074221328e+01
    2.2063964221535578e+01
    2.4391937601298022e+01
    2.6854548774976962e+01
    2.9455837384839356e+01
    3.2200271368522635e+01
    3.5092802871635250e+01
    3.8138934873612122e+01
    4.1344801129283169e+01
    4.4717262823590872e+01
    4.8264026427621417e+01
    5.1993788762656386e+01
    5.5916417427273785e+01
    6.0043177835986889e+01
    6.4387022660364465e+01
    6.8962966280889333e+01
    7.3788577342828503e+01
    7.8884639087895451e+01
    8.4276054187311004e+01
    8.9993116583948961e+01
    9.6073353677238629e+01
    1.0256429219700951e+02
    1.0952779677616975e+02
    1.1704725754221944e+02
    1.2524036362859383e+02
    1.3428403972410788e+02
    1.4447006284802941e+02
    1.5635764676653156e+02
    1.7138918180169736e+02
