    7.4262005828034036e-02
    1.5227194980935518e-01
    1.9040908826390932e-01
    1.8663305948480260e-01
    1.5342420015757757e-01
    1.0877969280748744e-01
    6.7460738609218723e-02
    3.6881194115821109e-02
    1.7856844269156472e-02
    7.6776165144976580e-03
    2.9357859037395214e-03
    9.9906553781590199e-04
    3.0259801699225619e-04
    8.1538711803553021e-05
    1.9531587157280661e-05
    4.1541829450521724e-06
    7.8337003802773761e-07
    1.3073947749205772e-07
    1.9270714080170000e-08
    2.5026389371263599e-09
    2.8557855087716446e-10
    2.8546224120591620e-11
    2.4910106849372522e-12
    1.8903366069715796e-13
    1.2421626859491607e-14
    7.0342315202126154e-16
    3.4145491485918242e-17
    1.4123154148957168e-18
    4.9442180080973742e-20
    1.4539524813678886e-21
    3.5610683650040272e-23
    7.1940559964945974e-25
    1.1855372283505745e-26
    1.5734913570757883e-28
    1.6572854409194585e-30
    1.3614341627165011e-32
    8.5461558139630657e-35
    4.0000905324815220e-37
    1.3550199911033425e-39
    3.2016367953548206e-42
    5.0358691660613954e-45
    4.9624875407029201e-48
    2.8235107161200846e-51
    8.2684460695055984e-55
    1.0490648478212186e-58
    4.3465744227389883e-63
    3.4347364383967955e-68
    1.3190660883979734e-74
