    2.9811235829963215e-02
    1.5710799061788713e-01
    3.8626503757646907e-01
    7.1757469411698560e-01
    1.1513938340264471e+00
    1.6881858234190608e+00
    2.3285270066532338e+00
    3.0731108616526410e+00
    3.9227524130464824e+00
    4.8783933559213324e+00
    5.9411080546245447e+00
    7.1121105358907437e+00
    8.3927625990912400e+00
    9.7845831846873299e+00
    1.1289259168009531e+01
    1.2908657778285543e+01
    1.4644840883209723e+01
    1.6500081428964592e+01
    1.8476882386874124e+01
    2.0577998634022205e+01
    2.2806462290521374e+01
    2.5165612156439110e+01
    2.7659128044480532e+01
    3.0291071001008561e+01
    3.3065930662498737e+01
    3.5988681327478929e+01
    3.9064848764197805e+01
    4.2300590362903094e+01
    4.5702792038511504e+01
    4.9279186382836798e+01
    5.3038498087816691e+01
    5.6990624814804477e+01
    6.1146864786140256e+01
    6.5520206929018613e+01
    7.0125706236113174e+01
    7.4980977518911317e+01
    8.0106857350324390e+01
    8.5528311116034175e+01
    9.1275707993668021e+01
    9.7386667713581573e+01
    1.0390883335717616e+02
    1.1090422088497627e+02
    1.1845642504628361e+02
    1.2668342576888575e+02
    1.3576258957786436e+02
    1.4598643270946343e+02
    1.5791561202297780e+02
    1.7299632814856324e+02
