    4.5613719967453354e-03
    9.1513299353013333e-02
    2.8141096345279049e-01
    5.7423140858025523e-01
    9.7027569688437154e-01
    1.4699689673765053e+00
    2.0738538958683495e+00
    2.7825926624251309e+00
    3.5969707242191959e+00
    4.5179016492187847e+00
    5.5464329319411529e+00
    6.6837528450974339e+00
    7.9311984282002612e+00
    9.2902647455215170e+00
    1.0762615576313657e+01
    1.2350095734724855e+01
    1.4054745257906889e+01
    1.5878815750710364e+01
    1.7824789236707272e+01
    1.9895399941392988e+01
    2.2093659528643741e+01
    2.4422886431618242e+01
    2.6886740072084013e+01
    2.9489260958221468e+01
    3.2234917904922931e+01
    3.5128663952816851e+01
    3.8176003001445103e+01
    4.1383069759309507e+01
    4.4756726408558201e+01
    4.8304680472918115e+01
    5.2035629896171343e+01
    5.5959443487007931e+01
    6.0087387979855890e+01
    6.4432417504198312e+01
    6.9009548072889984e+01
    7.3836350186060201e+01
    7.8933609227389724e+01
    8.4326230386139272e+01
    9.0044510625107563e+01
    9.6125981049046956e+01
    1.0261817305620723e+02
    1.0958295735036988e+02
    1.1710373226699433e+02
    1.2529819860313307e+02
    1.3434329876846166e+02
    1.4453083942935498e+02
    1.5642009222835949e+02
    1.7145360030482257e+02
