    8.0199136306828619e-03
    1.0183583581656870e-01
    2.9832500618284430e-01
    5.9760264696463483e-01
    9.9998259473236639e-01
    1.5058969910771123e+00
    2.1158943579206952e+00
    2.8306422296172418e+00
    3.6509310949815519e+00
    4.5776792971689568e+00
    5.6119388863638147e+00
    6.7549024978159808e+00
    8.0079113621876381e+00
    9.3724645828193296e+00
    1.0850229843827959e+01
    1.2443055747009643e+01
    1.4152986016405123e+01
    1.5982275859205409e+01
    1.7933410832994721e+01
    2.0009128645440025e+01
    2.2212444407778023e+01
    2.4546679983596711e+01
    2.7015498227248347e+01
    2.9622943102372052e+01
    3.2373486925059083e+01
    3.5272086308531037e+01
    3.8324248825563501e+01
    4.1536112992403552e+01
    4.4914544973289281e+01
    4.8467256495942735e+01
    5.2202949987696812e+01
    5.6131499091301819e+01
    6.0264175814457907e+01
    6.4613940111847725e+01
    6.9195814519193320e+01
    7.4027376949180479e+01
    7.9129421346043657e+01
    8.4526862963269707e+01
    9.0250010834526933e+01
    9.6336410875732852e+01
    1.0283361314679463e+02
    1.0980351262011003e+02
    1.1732954044365354e+02
    1.2552944404230074e+02
    1.3458023666950479e+02
    1.4477384351446688e+02
    1.5666976759754036e+02
    1.7171116298843117e+02
