    3.4387000335719757e+00
    9.4006543188112535e-01
    5.2913632573951186e-01
    3.1087240236219765e-01
    1.7581772820897262e-01
    9.3058149090027797e-02
    4.5474492570890361e-02
    2.0356399559009312e-02
    8.3044631166094163e-03
    3.0757898089165312e-03
    1.0311460877949230e-03
    3.1208046363749218e-04
    8.5065793347557448e-05
    2.0834608670024251e-05
    4.5746969686514221e-06
    8.9839799029994798e-07
    1.5741474648516177e-07
    2.4545609701574813e-08
    3.3967303773063510e-09
    4.1593464954239936e-10
    4.4924153637633666e-11
    4.2650090727665838e-12
    3.5457100090934831e-13
    2.5705855899291830e-14
    1.6178255912060324e-15
    8.7947791422751498e-17
    4.1067926392155042e-18
    1.6371533788746488e-19
    5.5335013360650397e-21
    1.5735849823344570e-22
    3.7324420427126741e-24
    7.3120970859935004e-26
    1.1699653077920942e-27
    1.5093894246773088e-29
    1.5468955968534034e-31
    1.2376418381113657e-33
    7.5730974894057172e-36
    3.4578756300998550e-38
    1.1434496252942680e-40
    2.6389522711953944e-43
    4.0563649848595413e-46
    3.9078118513070067e-49
    2.1742450516831815e-52
    6.2268749586320409e-56
    7.7253584570014825e-60
    3.1283725181921955e-64
    2.4132667959640338e-69
    9.0202749557049372e-76
