    2.5832004322398752e+00
    8.5606537657079629e-01
    5.0223394665366794e-01
    3.0225388575757484e-01
    1.7384855670361216e-01
    9.3206934257365495e-02
    4.6019794641965019e-02
    2.0777736069877879e-02
    8.5382931069978730e-03
    3.1823851545270307e-03
    1.0727983613242279e-03
    3.2628458117940206e-04
    8.9329591847368652e-05
    2.1966006492950701e-05
    4.8405739595146233e-06
    9.5375765442411808e-07
    1.6762298473995709e-07
    2.6210776850182530e-08
    3.6366071379156016e-09
    4.4638673790708571e-10
    4.8322265589863202e-11
    4.5973365364955353e-12
    3.8295930961494061e-13
    2.7815970571746898e-14
    1.7537231937845283e-15
    9.5494897254385056e-17
    4.4662836702031608e-18
    1.7831460944112875e-19
    6.0355978511486154e-21
    1.7187176819317928e-22
    4.0820210163131825e-24
    8.0069640437242326e-26
    1.2826868214479257e-27
    1.6567252200193661e-29
    1.6997821514158773e-31
    1.3614243507566509e-33
    8.3391755217046555e-36
    3.8115030709078660e-38
    1.2616216117092664e-40
    2.9144608175708015e-43
    4.4840394890742354e-46
    4.3237918455580047e-49
    2.4078732055949137e-52
    6.9021977645445174e-56
    8.5709743843311582e-60
    3.4740245921903770e-64
    2.6825221250184541e-69
    1.0037688566550735e-75
