    1.0465135470534568e+00
    6.0122492624628898e-01
    4.1192676693699976e-01
    2.7198239262292534e-01
    1.6704621096805200e-01
    9.4186386041255829e-02
    4.8429007163429481e-02
    2.2616184547705011e-02
    9.5647935194151223e-03
    3.6548997639468525e-03
    1.2593490301922412e-03
    3.9054390455330723e-04
    1.0880319689012283e-04
    2.7179479422340797e-05
    6.0759306338518248e-06
    1.2129716007866827e-06
    2.1576698617096146e-07
    3.4116997790508913e-08
    4.7827304156485604e-09
    5.9274663341960883e-10
    6.4745176596233172e-11
    6.2118656557517267e-12
    5.2155787912594008e-13
    3.8166165841424467e-14
    2.4232551547329721e-15
    1.3283365064335858e-16
    6.2519415237361717e-18
    2.5110775491802724e-19
    8.5481816754694837e-21
    2.4475098007247127e-22
    5.8432882480062972e-24
    1.1519047056420890e-25
    1.8541646581217838e-27
    2.4058963303639964e-29
    2.4793915275612911e-31
    1.9943618841748063e-33
    1.2266809090507947e-35
    5.6292217603573567e-38
    1.8705807666310843e-40
    4.3376928435801929e-43
    6.6986600759338592e-46
    6.4829620858223212e-49
    3.6233787816612306e-52
    1.0423933665829640e-55
    1.2991142409476045e-59
    5.2851489902060516e-64
    4.0969200953387985e-69
    1.5397387050350967e-75
