        0.0000000000000000
        0.0000000000000000
        0.0000000000000000
        0.0000000000000000
        0.0000000000000000
        0.0000000000000000
        0.0000000000000001
        0.0000000000000120
        0.0000000000007047
        0.0000000000281530
        0.0000000007930467
        0.0000000162251414
        0.0000002468658994
        0.0000028472586917
        0.0000252859902775
        0.0001751504318012
        0.0009563923198194
        0.0041530049119775
        0.0144449615749810
        0.0404796769846039
        0.0918222970792854
        0.1692044719456410
        0.2539615426647594
        0.3110010303779627
        0.3110010303779621
        0.2539615426647597
        0.1692044719456410
        0.0918222970792853
        0.0404796769846037
        0.0144449615749812
        0.0041530049119775
        0.0009563923198194
        0.0001751504318012
        0.0000252859902775
        0.0000028472586917
        0.0000002468658994
        0.0000000162251414
        0.0000000007930467
        0.0000000000281530
        0.0000000000007047
        0.0000000000000120
        0.0000000000000001
        0.0000000000000000
        0.0000000000000000
        0.0000000000000000
        0.0000000000000000
        0.0000000000000000
        0.0000000000000000
