    5.8204790075682480e-03
    9.5355862207683106e-02
    2.8772739214408155e-01
    5.8297120680069225e-01
    9.8139321745964070e-01
    1.4834211900979648e+00
    2.0895999943384722e+00
    2.8005938208030154e+00
    3.6171900166879132e+00
    4.5403039439075137e+00
    5.5709848085377924e+00
    6.7104225222913749e+00
    7.9599556992524763e+00
    9.3210809210698944e+00
    1.0795463433885674e+01
    1.2384949474628373e+01
    1.4091580465302050e+01
    1.5917609363770534e+01
    1.7865519520872692e+01
    1.9938046469817131e+01
    2.2138203169035087e+01
    2.4469309339796144e+01
    2.6935025692700577e+01
    2.9539394033260969e+01
    3.2286884490784217e+01
    3.5182451447023503e+01
    3.8231600180330879e+01
    4.1440466828412902e+01
    4.4815915067962521e+01
    4.8365654000434994e+01
    5.2098383252152260e+01
    5.6023973445773564e+01
    6.0153693294400178e+01
    6.4500499113174939e+01
    6.9079409362267882e+01
    7.3907997322808271e+01
    7.9007051590054886e+01
    8.4401481128839890e+01
    9.0121587430192463e+01
    9.6204907154949268e+01
    1.0269897870173494e+02
    1.0966568187784954e+02
    1.1718842732706712e+02
    1.2538493333686699e+02
    1.3443216889077459e+02
    1.4462198511351991e+02
    1.5651374043825624e+02
    1.7155020716669276e+02
