    1.7763571640768470e+00
    7.4695551580588970e-01
    4.6535244666029879e-01
    2.9015277046434734e-01
    1.7110215944224397e-01
    9.3502219176204715e-02
    4.6879601290968562e-02
    2.1437601508382424e-02
    8.9055572067800650e-03
    3.3506067313881643e-03
    1.1388651339264381e-03
    3.4892589364141042e-04
    9.6157836406278636e-05
    2.3785791625882678e-05
    5.2699592436863652e-06
    1.0435002856533130e-06
    1.8422964952797274e-07
    2.8928549977100785e-08
    4.0293193072188690e-09
    4.9638442802903755e-10
    5.3916504188763751e-11
    5.1458291990297350e-12
    4.2992519850909042e-13
    3.1314860647975658e-14
    1.9795445690818008e-15
    1.0806141633249588e-16
    5.0660198375624340e-18
    2.0271523434661178e-19
    6.8762528358817315e-21
    1.9621189904677664e-22
    4.6692384481144579e-24
    9.1759862285241824e-26
    1.4726061335946482e-27
    1.9053175572535858e-29
    1.9580937226264232e-31
    1.5708398620079835e-33
    9.6368904255926957e-36
    4.4112838606779847e-38
    1.4622936502159333e-40
    3.3828646806157319e-43
    5.2119889145803375e-46
    5.0326420176353498e-49
    2.8064351306412030e-52
    8.0555678753512245e-56
    1.0016813916731680e-59
    4.0657043814259828e-64
    3.1439868898324850e-69
    1.1783768191724044e-75
