    4.4684721077271946e-03
    8.9648934913745579e-02
    2.7567422674933734e-01
    5.6251380141716223e-01
    9.5045006364654849e-01
    1.4398823537775036e+00
    2.0313203387163670e+00
    2.7253856768309057e+00
    3.5228153853806785e+00
    4.4244661736838706e+00
    5.4313196555603120e+00
    6.5444884822326994e+00
    7.7652234804310103e+00
    9.0949219078109618e+00
    1.0535136963624209e+01
    1.2087588721328105e+01
    1.3754176683715533e+01
    1.5536994202020617e+01
    1.7438345050369215e+01
    1.9460762508444592e+01
    2.1607031381633501e+01
    2.3880213483557245e+01
    2.6283677226584675e+01
    2.8821132119495005e+01
    3.1496669168574417e+01
    3.4314808433782567e+01
    3.7280555325692603e+01
    4.0399467670592500e+01
    4.3677736161790889e+01
    4.7122281614823457e+01
    5.0740873541451997e+01
    5.4542276084953741e+01
    5.8536429520424832e+01
    6.2734678635965082e+01
    6.7150063880657143e+01
    7.1797698024197473e+01
    7.6695261622417576e+01
    8.1863667263778723e+01
    8.7327969793632235e+01
    9.3118645780835948e+01
    9.9273446824562384e+01
    1.0584018225866480e+02
    1.1288108435243305e+02
    1.2048004042569703e+02
    1.2875544627238571e+02
    1.3788530037478068e+02
    1.4816317634686473e+02
    1.6015179529034077e+02
    1.7530280803666824e+02
