    7.2805353155080466e-02
    1.4966713739885770e-01
    1.8801591453545369e-01
    1.8552097769024126e-01
    1.5385159705646781e-01
    1.1027518085855573e-01
    6.9284474263014789e-02
    3.8458814563587365e-02
    1.8948481152297247e-02
    8.3094567553006083e-03
    3.2484319441125520e-03
    1.1329382879220124e-03
    3.5256445257952413e-04
    9.7866999979974057e-05
    2.4215740862756083e-05
    5.3355046338691839e-06
    1.0454160851747069e-06
    1.8185799128085257e-07
    2.8033345801065526e-08
    3.8208638360504910e-09
    4.5931194973067603e-10
    4.8561572077354578e-11
    4.5014244602600960e-12
    3.6454794443904344e-13
    2.5692621213181339e-14
    1.5689908316032554e-15
    8.2619858798202914e-17
    3.7312238847195047e-18
    1.4364651261491822e-19
    4.6824406636608966e-21
    1.2825421635777597e-22
    2.9265253963677777e-24
    5.5089208818042773e-26
    8.4598512802786352e-28
    1.0463123946587240e-29
    1.0268210726661079e-31
    7.8577150515914572e-34
    4.5932261896035679e-36
    2.0009829067407544e-38
    6.3044324836153059e-41
    1.3842124699664091e-43
    2.0207744806285191e-46
    1.8453568247361440e-49
    9.7100171736680641e-53
    2.6224925529738572e-56
    3.0570619761625299e-60
    1.1572992654958551e-64
    8.2809007208620590e-70
    2.8279750003328380e-76
