    5.7019954670226537e-03
    9.3414183834877540e-02
    2.8186477019332179e-01
    5.7108100540009010e-01
    9.6134996051595456e-01
    1.4530734719853564e+00
    2.0467632843113082e+00
    2.7430429590443781e+00
    3.5426513030155817e+00
    4.4464467248750417e+00
    5.4554124604076915e+00
    6.5706627145618199e+00
    7.7934498070407745e+00
    9.1251724343543525e+00
    1.0567385186616464e+01
    1.2121809485963494e+01
    1.3790346147294468e+01
    1.5575089802882246e+01
    1.7478345482307994e+01
    1.9502647700671190e+01
    2.1650782484426347e+01
    2.3925812859846808e+01
    2.6331108449821084e+01
    2.8870379978277828e+01
    3.1547719678677289e+01
    3.4367648858393771e+01
    3.7335174204926595e+01
    4.0455854861623983e+01
    4.3735882891343252e+01
    4.7182180546236495e+01
    5.0802518859207353e+01
    5.4605663600409450e+01
    5.8601556803699388e+01
    6.2801545180557618e+01
    6.7218671309709222e+01
    7.1868050350637887e+01
    7.6767365580143377e+01
    8.1937532734429297e+01
    8.7403610365028015e+01
    9.3196079491637761e+01
    9.9352697180588137e+01
    1.0592127966030735e+02
    1.1296406817249728e+02
    1.2056496217475670e+02
    1.2884237471601068e+02
    1.3797433050163028e+02
    1.4825444702343299e+02
    1.6024553104355610e+02
    1.7539945955744417e+02
