    3.4271840111114247e+00
    9.3853933568111414e-01
    5.3030161979009760e-01
    3.1340872437205969e-01
    1.7868399716831204e-01
    9.5543933807952175e-02
    4.7270272928782026e-02
    2.1471185207959181e-02
    8.9081091345668793e-03
    3.3632421103139860e-03
    1.1520893097021966e-03
    3.5716305102942479e-04
    9.9975950052884769e-05
    2.5212466660916756e-05
    5.7158142434629531e-06
    1.1623058408979162e-06
    2.1151614699414812e-07
    3.4363478046134783e-08
    4.9712427966686442e-09
    6.3863323712625053e-10
    7.2638748247178830e-11
    7.2915581357008594e-12
    6.4371049806356158e-13
    4.9787901361717780e-14
    3.3597549660349339e-15
    1.9690231980280467e-16
    9.9714575029190330e-18
    4.3391325851830286e-19
    1.6124535438554037e-20
    5.0816476818073978e-22
    1.3476784460585207e-23
    2.9815304506372364e-25
    5.4483861885730256e-27
    8.1316064020004147e-29
    9.7846206141411808e-31
    9.3511371394348096e-33
    6.9748385098001728e-35
    3.9771277240193856e-37
    1.6912953457526713e-39
    5.2050108902131258e-42
    1.1169055658902909e-44
    1.5942942557064135e-47
    1.4240394965448248e-50
    7.3308306814798689e-54
    1.9371815255765970e-57
    2.2091081489952173e-61
    8.1769922892635377e-66
    5.7140484064794626e-71
    1.9000668027817943e-77
