    1.7674559849122797e+00
    7.4456302216576309e-01
    4.6567643762009853e-01
    2.9210263468741798e-01
    1.7365600496813483e-01
    9.5876471566399515e-02
    4.8671458992088711e-02
    2.2585463666533617e-02
    9.5424352587187913e-03
    3.6599434376829196e-03
    1.2711942346147278e-03
    3.9896062748031886e-04
    1.1291312735399842e-04
    2.8759950203694980e-05
    6.5793660378421816e-06
    1.3490401849579288e-06
    2.4737576300971284e-07
    4.0473198721311193e-08
    5.8934618122964619e-09
    7.6172119869793138e-10
    8.7131969402180015e-11
    8.7930247631358017e-12
    7.8014860702263391e-13
    6.0625193805384667e-14
    4.1092757029946110e-15
    2.4184280723400437e-16
    1.2296209540876125e-17
    5.3710557082373739e-19
    2.0031307171227116e-20
    6.3346089249730808e-22
    1.6854990993263011e-23
    3.7406555057616554e-25
    6.8562520393798292e-27
    1.0262530167509540e-28
    1.2383241163402845e-30
    1.1866538087760985e-32
    8.8740907321067148e-35
    5.0728711317674045e-37
    2.1625512761151859e-39
    6.6711848898815499e-42
    1.4348537065268488e-44
    2.0528110806657289e-47
    1.8377055445318534e-50
    9.4813455089714732e-54
    2.5109988119772260e-57
    2.8698483980331262e-61
    1.0646906609666599e-65
    7.4578487675434373e-71
    2.4866147238940114e-77
