    7.8567955102341533e-03
    9.9763930615599100e-02
    2.9225141618926054e-01
    5.8542382444670715e-01
    9.7957585117032497e-01
    1.4751134911084594e+00
    2.0725519481048749e+00
    2.7725179492143202e+00
    3.5757532761605675e+00
    4.4831191617938142e+00
    5.4956015372854798e+00
    6.6143171895486805e+00
    7.8405209193778456e+00
    9.1756138145732695e+00
    1.0621152776945241e+01
    1.2178861470396383e+01
    1.3850642890990079e+01
    1.5638593800713860e+01
    1.7545021316529599e+01
    1.9572462007800336e+01
    2.1723703931588968e+01
    2.4001812130988206e+01
    2.6410158242368407e+01
    2.8952455011053239e+01
    3.1632796712116967e+01
    3.4455706728441321e+01
    3.7426193872360216e+01
    4.0549819479070159e+01
    4.3832777890861777e+01
    4.7281993751186008e+01
    5.0905240625186437e+01
    5.4711286991523970e+01
    5.8710077812387716e+01
    6.2912963001947013e+01
    6.7332988685339657e+01
    7.1985274001950430e+01
    7.6887506760305499e+01
    8.2060607939413927e+01
    8.7529642264036653e+01
    9.3325098167758881e+01
    9.9484741824024013e+01
    1.0605640094647954e+02
    1.1310233172372146e+02
    1.2070645383368210e+02
    1.2898720907078248e+02
    1.3812266582641112e+02
    1.4840651469042641e+02
    1.6040170513065425e+02
    1.7556049091879143e+02
