    2.5728296030565070e+00
    8.5413402351216272e-01
    5.0303704849003605e-01
    3.0454574299889686e-01
    1.7658687388716510e-01
    9.5647432604214669e-02
    4.7813753560491432e-02
    2.1905452353015258e-02
    9.1549197995585471e-03
    3.4783546314216523e-03
    1.1981560672577635e-03
    3.7328035545118864e-04
    1.0495025366376549e-04
    2.6572793283940990e-05
    6.0461226045000466e-06
    1.2335645102275295e-06
    2.2517045593727116e-07
    3.6685136612158246e-08
    5.3210112440854522e-09
    6.8523293831035423e-10
    7.8116472607552673e-11
    7.8581379599135596e-12
    6.9511840775270814e-13
    5.3865450009471052e-14
    3.6413846001691720e-15
    2.1376700851025518e-16
    1.0842802427974021e-17
    4.7254627234846897e-19
    1.7585534438747516e-20
    5.5497181056230533e-22
    1.4737510798878613e-23
    3.2645568090349303e-25
    5.9727952890657648e-27
    8.9246323471499844e-29
    1.0750864628455031e-30
    1.0285656710301673e-32
    7.6798768154409661e-35
    4.3835695593368198e-37
    1.8659641473404545e-39
    5.7480378889618963e-42
    1.2345785815158403e-44
    1.7638711241923567e-47
    1.5769215856383315e-50
    8.1250629689558173e-54
    2.1489580785165239e-57
    2.4527948638414859e-61
    9.0872672036551769e-66
    6.3562337555265749e-71
    2.1158902978270734e-77
