    1.0395388059803321e+00
    5.9835375133341684e-01
    4.1159587699017414e-01
    2.7342052534859612e-01
    1.6931049483937011e-01
    9.6454208017843976e-02
    5.0218950449476218e-02
    2.3799686062910674e-02
    1.0237622109707247e-02
    3.9882002483298618e-03
    1.4043017815732143e-03
    4.4613322970173390e-04
    1.2765019425812937e-04
    3.2836209442202163e-05
    7.5796889671831327e-06
    1.5669831282451610e-06
    2.8952280306965583e-07
    4.7701258976243285e-08
    6.9911742246223359e-09
    9.0907342574526306e-10
    1.0457576049001105e-10
    1.0609329488688934e-11
    9.4598526715484478e-13
    7.3857129228149334e-14
    5.0283271563790006e-15
    2.9717174338983627e-16
    1.5169386103074920e-17
    6.6510974252278633e-19
    2.4894398054917632e-20
    7.8994921147704157e-22
    2.1087697659379108e-23
    4.6947154555454185e-25
    8.6308549943116194e-27
    1.2956153483784937e-28
    1.5677033580867523e-30
    1.5063254379872343e-32
    1.1293925470710115e-34
    6.4724076965960503e-37
    2.7659078892205521e-39
    8.5527429883127964e-42
    1.8438128188443863e-44
    2.6438973472453217e-47
    2.3721497823559058e-50
    1.2265812960658560e-53
    3.2555895553253635e-57
    3.7291109683056656e-61
    1.3866125052499920e-65
    9.7360416710017100e-71
    3.2549511807235950e-77
