    3.6713798088256356e-03
    8.7157245213174792e-02
    2.7156444556982895e-01
    5.5681836947395291e-01
    9.4319832268663428e-01
    1.4311019907606095e+00
    2.0210376575361448e+00
    2.7136257120223415e+00
    3.5096019769536650e+00
    4.4098220269752870e+00
    5.4152663927398015e+00
    6.5270466878219136e+00
    7.7464127418729305e+00
    9.0747608516338225e+00
    1.0513643287525229e+01
    1.2064779222384157e+01
    1.3730067282850074e+01
    1.5511599964795456e+01
    1.7411680204115058e+01
    1.9432840455690080e+01
    2.1577864709734801e+01
    2.3849813970367713e+01
    2.6252055841930222e+01
    2.8788299022136734e+01
    3.1462633698236591e+01
    3.4279579097698736e+01
    3.7244139778966684e+01
    4.0361872689473266e+01
    4.3638967608706203e+01
    4.7082344393689837e+01
    5.0699771541340667e+01
    5.4500012109611959e+01
    5.8493005200357494e+01
    6.2690094318685681e+01
    6.7104318493168506e+01
    7.1750788899539501e+01
    7.6647184278845501e+01
    8.1814415120193303e+01
    8.7277533797210566e+01
    9.3067013910481521e+01
    9.9220603413202298e+01
    1.0578610704140605e+02
    1.1282575108099158e+02
    1.2042341475761968e+02
    1.2869748235867772e+02
    1.3782593487960131e+02
    1.4810231667455366e+02
    1.6008929172284166e+02
    1.7523836003896821e+02
