    7.7001805093255792e-03
    9.7774665053554241e-02
    2.8642030911267358e-01
    5.7373194396672000e-01
    9.5998663616790936e-01
    1.4455663027291084e+00
    2.0309554824379403e+00
    2.7167433705497621e+00
    3.5036269888203111e+00
    4.3924151392959745e+00
    5.3840331200465839e+00
    6.4795282514424812e+00
    7.6800762897301054e+00
    8.9869888252506396e+00
    1.0401721783471354e+01
    1.1925885170648682e+01
    1.3561254233891548e+01
    1.5309782239000988e+01
    1.7173615110289351e+01
    1.9155108226592432e+01
    2.1256845729402933e+01
    2.3481662775778332e+01
    2.5832671264783190e+01
    2.8313289687547183e+01
    3.0927277905433019e+01
    3.3678777859038206e+01
    3.6572361467582979e+01
    3.9613087314268043e+01
    4.2806568157501935e+01
    4.6159051902105361e+01
    4.9677519469104986e+01
    5.3369804106629907e+01
    5.7244738221421692e+01
    6.1312335985064976e+01
    6.5584023100540591e+01
    7.0072929713326005e+01
    7.4794269353319109e+01
    7.9765837409901081e+01
    8.5008679429244296e+01
    9.0548006918521011e+01
    9.6414484705255930e+01
    1.0264609575847717e+02
    1.0929094131821040e+02
    1.1641163366514644e+02
    1.2409257433127654e+02
    1.3245289025316433e+02
    1.4167169119965780e+02
    1.5204441037280370e+02
    1.6413739930668481e+02
    1.7941189371646715e+02
