    3.5980742534028427e-03
    8.5416518736312286e-02
    2.6613739343277965e-01
    5.4568020777399040e-01
    9.2430720437477609e-01
    1.4023923956202731e+00
    1.9804137594552671e+00
    2.6589544850787115e+00
    3.4387059460338203e+00
    4.3204715790299222e+00
    5.3051715590431145e+00
    6.3938482971927630e+00
    7.5876728312423296e+00
    8.8879522034980791e+00
    1.0296137943144769e+01
    1.1813835794244818e+01
    1.3442816858795760e+01
    1.5185030357940684e+01
    1.7042618255291853e+01
    1.9017932036345815e+01
    2.1113551999675359e+01
    2.3332309492287745e+01
    2.5677312617609797e+01
    2.8151976065836234e+01
    3.0760055870723296e+01
    3.3505690095054597e+01
    3.6393446703719682e+01
    3.9428380219223605e+01
    4.2616099198558558e+01
    4.5962847164299298e+01
    4.9475600426912600e+01
    5.3162187338651194e+01
    5.7031435055669789e+01
    6.1093352058559951e+01
    6.5359357811491179e+01
    6.9842575536551593e+01
    7.4558210978582693e+01
    7.9524050646669082e+01
    8.4761129797005964e+01
    9.0294647803922530e+01
    9.6155254906456506e+01
    1.0238091613551769e+02
    1.0901971009045070e+02
    1.1613421956818431e+02
    1.2380880619494300e+02
    1.3216254015640564e+02
    1.4137444495394286e+02
    1.5173980942372123e+02
    1.6382470325387882e+02
    1.7908961806829871e+02
