    2.8630518339375861e-02
    1.5088293567691743e-01
    3.7094878153487792e-01
    6.8909069988102933e-01
    1.1056250235398903e+00
    1.6209617511024763e+00
    2.2356103759151522e+00
    2.9501833666418178e+00
    3.7653997744057741e+00
    4.6820893875592802e+00
    5.7011975747848807e+00
    6.8237909097945462e+00
    8.0510636693907873e+00
    9.3843453082584052e+00
    1.0825109031549140e+01
    1.2374981608757452e+01
    1.4035754599829893e+01
    1.5809397197844659e+01
    1.7698070933350234e+01
    1.9704146535461575e+01
    2.1830223306578258e+01
    2.4079151444411508e+01
    2.6454057841252990e+01
    2.8958376011937375e+01
    3.1595880956622867e+01
    3.4370729963090447e+01
    3.7287510610550484e+01
    4.0351297573586066e+01
    4.3567720269995043e+01
    4.6943043991603020e+01
    5.0484267963129916e+01
    5.4199244880168621e+01
    5.8096828017248541e+01
    6.2187054175688921e+01
    6.6481373878444842e+01
    7.0992944826619521e+01
    7.5737011547727320e+01
    8.0731404802477684e+01
    8.5997211136463264e+01
    9.1559690412533826e+01
    9.7449565614850641e+01
    1.0370489123669230e+02
    1.1037385880764029e+02
    1.1751919820311110e+02
    1.2522547013347351e+02
    1.3361202792272880e+02
    1.4285832548925399e+02
    1.5326037197260365e+02
    1.6538564331668269e+02
    1.8069834370921436e+02
