    1.7587733664094367e+00
    7.4219793114457433e-01
    4.6594047819760609e-01
    2.9395707648218994e-01
    1.7612555048334708e-01
    9.8202116661148642e-02
    5.0450409344294338e-02
    2.3742270223598420e-02
    1.0195204977309710e-02
    3.9830683159300575e-03
    1.4123786400455597e-03
    4.5361163630899300e-04
    1.3169418068424048e-04
    3.4496088878533571e-05
    8.1369262617257347e-06
    1.7249628484557121e-06
    3.2796645165039497e-07
    5.5803037785974923e-08
    8.4771289585101112e-09
    1.1468596320914760e-09
    1.3780445830124965e-10
    1.4663242224184727e-11
    1.3772765621162504e-12
    1.1379460798569649e-13
    8.2390071694567133e-15
    5.2055191221057896e-16
    2.8568751565650585e-17
    1.3550413146977086e-18
    5.5234243883672887e-20
    1.9228655012639727e-21
    5.6774234668808220e-23
    1.4106807846012321e-24
    2.9239328078195515e-26
    5.0055055265383416e-28
    6.9975739771529408e-30
    7.8852284499314085e-32
    7.0551446863433633e-34
    4.9246677718007412e-36
    2.6266009455287369e-38
    1.0441116514886208e-40
    3.0012419002132518e-43
    6.0090660960331238e-46
    7.9931044644055027e-49
    6.6423470267898649e-52
    3.1746684070416056e-55
    7.7672065775257153e-59
    8.1700304016468460e-63
    2.7741914180909221e-67
    1.7628016012706200e-72
    5.2373790201276660e-79
