        0.0000000000000000
        0.0000000000000000
        0.0000000000000000
        0.0000000000000000
        0.0000000000000000
        0.0000000000000000
        0.0000000000000000
        0.0000000000000008
        0.0000000000000547
        0.0000000000025067
        0.0000000000811188
        0.0000000019090405
        0.0000000334679340
        0.0000004457029967
        0.0000045816827080
        0.0000368401905378
        0.0002342698921093
        0.0011890117817496
        0.0048532638261720
        0.0160319410684123
        0.0430791591567657
        0.0945489354770863
        0.1700324556771639
        0.2511308563320023
        0.3050851292043991
        0.3050851292043983
        0.2511308563320036
        0.1700324556771640
        0.0945489354770863
        0.0430791591567659
        0.0160319410684122
        0.0048532638261719
        0.0011890117817496
        0.0002342698921093
        0.0000368401905378
        0.0000045816827080
        0.0000004457029967
        0.0000000334679340
        0.0000000019090405
        0.0000000000811188
        0.0000000000025067
        0.0000000000000547
        0.0000000000000008
        0.0000000000000000
        0.0000000000000000
        0.0000000000000000
        0.0000000000000000
        0.0000000000000000
        0.0000000000000000
        0.0000000000000000
