    2.5627035930636444e+00
    8.5221467318487765e-01
    5.0376841016762552e-01
    3.0673740517436832e-01
    1.7924149228913916e-01
    9.8042030290839174e-02
    4.9597145291035497e-02
    2.3043211703468215e-02
    9.7875397265046252e-03
    3.7877806990662850e-03
    1.3320058656293074e-03
    4.2464821829020884e-04
    1.2247084421188539e-04
    3.1888462189029430e-05
    7.4809368139052295e-06
    1.5780035495496389e-06
    2.9865097491532114e-07
    5.0599958000854533e-08
    7.6565314881806990e-09
    1.0320537754117911e-09
    1.2358590127316442e-10
    1.3108198728027147e-11
    1.2275119742235351e-12
    1.0113321560887130e-13
    7.3026982512835410e-15
    4.6022621140915434e-16
    2.5197317865261961e-17
    1.1924037139760757e-18
    4.8499191919076870e-20
    1.6848992015549724e-21
    4.9649546599600823e-23
    1.2313132363432296e-24
    2.5475155736954034e-26
    4.3534966501601456e-28
    6.0758523642055635e-30
    6.8354911664074749e-32
    6.1063427322212116e-34
    4.2559248741294826e-36
    2.2665890342911177e-38
    8.9971545425628970e-41
    2.5825849578836978e-43
    5.1638029372545906e-46
    6.8595968993590812e-49
    5.6929035209690099e-52
    2.7173485323970906e-55
    6.6396930047218200e-59
    6.9749104089387795e-63
    2.3652093271836434e-67
    1.5008024529890967e-72
    4.4518799321250647e-79
