    1.0327462984113009e+00
    5.9552953708803691e-01
    4.1122292571555130e-01
    2.7477125212150805e-01
    1.7148983925173295e-01
    9.8669030698642454e-02
    5.1992000575835640e-02
    2.4990189926109251e-02
    1.0926129813416615e-02
    4.3358598805739463e-03
    1.5587553562709077e-03
    5.0677997193818614e-04
    1.4875305133033631e-04
    3.9352983881955378e-05
    9.3667834157925801e-06
    2.0021701715221259e-06
    3.8357927814727274e-07
    6.5726088405941510e-08
    1.0049927000288298e-08
    1.3679297538301512e-09
    1.6530380552436753e-10
    1.7683187492041985e-11
    1.6692572613260012e-12
    1.3857012235235231e-13
    1.0077543729552137e-14
    6.3939945718996583e-16
    3.5231699611545289e-17
    1.6774240154671440e-18
    6.8622712472474665e-20
    2.3972052697971690e-21
    7.1013032157870065e-23
    1.7700475444545498e-24
    3.6799069284111249e-26
    6.3179910353373702e-28
    8.8571231757200602e-30
    1.0007601263788651e-31
    8.9774343144770017e-34
    6.2822819711667940e-36
    3.3588896793034611e-38
    1.3383819947043169e-40
    3.8560210365221651e-43
    7.7379858627366015e-46
    1.0315734572885199e-48
    8.5912328835765029e-52
    4.1150240087538630e-55
    1.0089660769632168e-58
    1.0636050167914142e-62
    3.6196020925515723e-67
    2.3054069829954577e-72
    6.8676328886721850e-79
