    3.4159325498796549e+00
    9.3701308078165391e-01
    5.3138683594610570e-01
    3.1584169601974221e-01
    1.8146706746394162e-01
    9.7985656119645312e-02
    4.9057027733347837e-02
    2.2596721007070296e-02
    9.5278065096757424e-03
    3.6639345982586264e-03
    1.2812919892027852e-03
    4.0646289030915394e-04
    1.1670684150614838e-04
    3.0265995277709229e-05
    7.0744459277844167e-06
    1.4872849035373879e-06
    2.8061853636995532e-07
    4.7410046735274322e-08
    7.1549955196917934e-09
    9.6208983699246750e-10
    1.1494456946369691e-10
    1.2165544806489350e-11
    1.1369456371314444e-12
    9.3494069566465372e-14
    6.7390074788753781e-15
    4.2398265335077471e-16
    2.3175723566071349e-17
    1.0950635894391909e-18
    4.4475350952062119e-20
    1.5429677547556462e-21
    4.5407025205337470e-23
    1.1246717225445051e-24
    2.3240538570559354e-26
    3.9669844568905848e-28
    5.5302095740772576e-30
    6.2148947103011791e-32
    5.5461421277494875e-34
    3.8615727749060103e-36
    2.0545504876410274e-38
    8.1476982128465294e-41
    2.3365801059529593e-43
    4.6676810614235229e-46
    6.1950264653159732e-49
    5.1368548401021770e-52
    2.4498045527491588e-55
    5.9807782310052079e-59
    6.2772445592992817e-63
    2.1267264726909520e-67
    1.3482063571157271e-72
    3.9949863102829903e-79
