    4.3792808119630976e-03
    8.7859028153646782e-02
    2.7016681285342253e-01
    5.5126527171942752e-01
    9.3141963236428094e-01
    1.4110054809177899e+00
    1.9905021063393236e+00
    2.6704939005403503e+00
    3.4516733691869796e+00
    4.3348450248534185e+00
    5.3209300699789699e+00
    6.4109719003106189e+00
    7.6061424999709697e+00
    8.9077498234029751e+00
    1.0317246281440882e+01
    1.1836238472844961e+01
    1.3466498330766258e+01
    1.5209975887290341e+01
    1.7068813900068140e+01
    1.9045364635058522e+01
    2.1142209161116497e+01
    2.3362179588869044e+01
    2.5708384782399126e+01
    2.8184240193542788e+01
    3.0793502622964681e+01
    3.3540310910337517e+01
    3.6429233812688921e+01
    3.9465326665887346e+01
    4.2654198868390949e+01
    4.6002094820371305e+01
    4.9515991755527331e+01
    5.3203719006386216e+01
    5.7074104780307401e+01
    6.1137158697164978e+01
    6.5404301469983253e+01
    6.9888657706641311e+01
    7.4605434710142305e+01
    7.9572420766838746e+01
    8.4810653192214644e+01
    9.0345333788583346e+01
    9.6207115714268511e+01
    1.0243396758964082e+02
    1.0907397254437859e+02
    1.1618971927489986e+02
    1.2386557739215749e+02
    1.3222062843695946e+02
    1.4143391317156832e+02
    1.5180074931758719e+02
    1.6388726295623792e+02
    1.7915409459307085e+02
