    5.5882394787530780e-03
    9.1550013310612396e-02
    2.7623639252330778e-01
    5.5966657119996077e-01
    9.4211027228789224e-01
    1.4239454564330258e+00
    2.0056533822780711e+00
    2.6878202451656552e+00
    3.4711402469551431e+00
    4.3564195115574904e+00
    5.3445807800250984e+00
    6.4366689224895550e+00
    7.6338573401430789e+00
    8.9374553532779064e+00
    1.0348916692968434e+01
    1.1869849237909252e+01
    1.3502026165986615e+01
    1.5247398723816019e+01
    1.7108110858326814e+01
    1.9086516004488796e+01
    2.1185196384987634e+01
    2.3406985254369971e+01
    2.5754992616268783e+01
    2.8232635063617586e+01
    3.0843670546141983e+01
    3.3592239067603757e+01
    3.6482910572044148e+01
    3.9520741614227610e+01
    4.2711342853701289e+01
    4.6060960005955238e+01
    4.9576571688485018e+01
    5.3266008703198253e+01
    5.7138100833240848e+01
    6.1202859406393955e+01
    6.5471707007938363e+01
    6.9957770323395266e+01
    7.4676258991931164e+01
    7.9644963964666076e+01
    8.4884925644804227e+01
    9.0421349475306670e+01
    9.6284892991936218e+01
    1.0251353019753091e+02
    1.0915535101520842e+02
    1.1627295298805365e+02
    1.2395071770075883e+02
    1.3230774372218028e+02
    1.4152309769898122e+02
    1.5189214066942020e+02
    1.6398108328193345e+02
    1.7925078930509756e+02
