       -9.1824069581293202
       -8.5227710309178022
       -7.9756223682056362
       -7.4864094298641959
       -7.0343235097706183
       -6.6086479738553630
       -6.2029525192746719
       -5.8129946754204003
       -5.4357860872249564
       -5.0691175849172376
       -4.7112936661690368
       -4.3609731604545798
       -4.0170681728581368
       -3.6786770625152725
       -3.3450383139378919
       -3.0154977695745235
       -2.6894847022677486
       -2.3664939042986641
       -2.0460719686864084
       -1.7278065475158981
       -1.4113177548982989
       -1.0962511289576815
       -0.7822717295546068
       -0.4690590566782362
       -0.1563025468894684
        0.1563025468894681
        0.4690590566782362
        0.7822717295546061
        1.0962511289576813
        1.4113177548982998
        1.7278065475158977
        2.0460719686864106
        2.3664939042986646
        2.6894847022677473
        3.0154977695745231
        3.3450383139378941
        3.6786770625152712
        4.0170681728581341
        4.3609731604545701
        4.7112936661690448
        5.0691175849172403
        5.4357860872249493
        5.8129946754204012
        6.2029525192746755
        6.6086479738553674
        7.0343235097706227
        7.4864094298641959
        7.9756223682056353
        8.5227710309177951
        9.1824069581293237
