    3.5276387437347171e-03
    8.3743972171091918e-02
    2.6092309368991468e-01
    5.3497928584244825e-01
    9.0615905767152560e-01
    1.3748145883332450e+00
    1.9413959179874110e+00
    2.6064519647204034e+00
    3.3706331841907140e+00
    4.2346950611468728e+00
    5.1995023189191913e+00
    6.2660338647252747e+00
    7.4353885292847313e+00
    8.7087916814502115e+00
    1.0087602817684955e+01
    1.1573324246610142e+01
    1.3167611012357881e+01
    1.4872282228391210e+01
    1.6689334027100582e+01
    1.8620954371412836e+01
    2.0669540024815252e+01
    2.2837716038139849e+01
    2.5128358188491045e+01
    2.7544618902222712e+01
    3.0089957315747181e+01
    3.2768174283098226e+01
    3.5583453338357138e+01
    3.8540408879143911e+01
    4.1644143175082043e+01
    4.4900314251702810e+01
    4.8315217297485923e+01
    5.1895883050364297e+01
    5.5650197729615222e+01
    5.9587050624042384e+01
    6.3716517633295453e+01
    6.8050092207107767e+01
    7.2600979750113183e+01
    7.7384478498552483e+01
    8.2418480547800030e+01
    8.7724143586369607e+01
    9.3326811435157836e+01
    9.9257308105327823e+01
    1.0555381239237022e+02
    1.1226467279579428e+02
    1.1945282368882255e+02
    1.2720310265307083e+02
    1.3563525684631657e+02
    1.4492933894486384e+02
    1.5538236016760393e+02
    1.6756375284831483e+02
    1.8294288593837652e+02
