    5.4789336291366552e-03
    8.9758799883200319e-02
    2.7082848908511803e-01
    5.4869988381243495e-01
    9.2362670647748657e-01
    1.3959648959606217e+00
    1.9661676057802708e+00
    2.6347866053711777e+00
    3.4024750337026326e+00
    4.2699909260055708e+00
    5.2382014421385934e+00
    6.3080878250054466e+00
    7.4807511507907245e+00
    8.7574189529272424e+00
    1.0139452820150467e+01
    1.1628357089134930e+01
    1.3225788775616914e+01
    1.4933568915789637e+01
    1.6753695523386821e+01
    1.8688358408791363e+01
    2.0739956156675014e+01
    2.2911115620624965e+01
    2.5204714370263670e+01
    2.7623906622910059e+01
    3.0172153313730753e+01
    3.2853257113502522e+01
    3.5671403402337489e+01
    3.8631208465872405e+01
    4.1737776518205798e+01
    4.4996767602525843e+01
    4.8414479017738472e+01
    5.1997943728223746e+01
    5.5755050323700267e+01
    5.9694690641519315e+01
    6.3826943350167070e+01
    6.8163304941429558e+01
    7.2716984202650153e+01
    7.7503283180815401e+01
    8.2540098325380015e+01
    8.7848592377534871e+01
    9.3454115123387837e+01
    9.9387497754517895e+01
    1.0568692790363443e+02
    1.1240076523258524e+02
    1.1959195865941319e+02
    1.2734536546088445e+02
    1.3578076081288012e+02
    1.4507823999132995e+02
    1.5553488551216267e+02
    1.6772026890530228e+02
    1.8310412658465467e+02
