    7.5496873321260049e-03
    9.5863190865908207e-02
    2.8081744137808723e-01
    5.6249834799128151e-01
    9.4116671339093194e-01
    1.4171822448980620e+00
    1.9910012095266929e+00
    2.6631782225609890e+00
    3.4343690985769753e+00
    4.3053344148984056e+00
    5.2769437594838786e+00
    6.3501807027340824e+00
    7.5261485584642260e+00
    8.8060770172496170e+00
    1.0191329753063190e+01
    1.1683413123990245e+01
    1.3283986111102287e+01
    1.4994871667405103e+01
    1.6818069682385850e+01
    1.8755771808598183e+01
    2.0810378446894521e+01
    2.2984518248873020e+01
    2.5281070572168467e+01
    2.7703191420777692e+01
    3.0254343524533542e+01
    3.2938331367048335e+01
    3.5759342170719890e+01
    3.8721994105601169e+01
    4.1831393326792245e+01
    4.5093201891773198e+01
    4.8513719206601344e+01
    5.2099980458899402e+01
    5.5859876605671460e+01
    5.9802302029685571e+01
    6.3937338165131351e+01
    6.8276484542679412e+01
    7.2832953329141560e+01
    7.7622050378886883e+01
    8.2661676491903449e+01
    8.7972999458246576e+01
    9.3581375025046185e+01
    9.9517641559575907e+01
    1.0581999552628501e+02
    1.1253680774278180e+02
    1.1973104166371326e+02
    1.2748757425023562e+02
    1.3592620868139869e+02
    1.4522708281041952e+02
    1.5568735041319098e+02
    1.6787672214350215e+02
    1.8326530168592538e+02
