       -9.2843529650947936
       -8.6270897293636928
       -8.0820126735040176
       -7.5947379445836081
       -7.1445205714796227
       -6.7206770958687496
       -6.3167976579034093
       -5.9286538858731355
       -5.5532680052649148
       -5.1884393429381408
       -4.8324796145780766
       -4.4840540790573531
       -4.1420808019620612
       -3.8056638567519374
       -3.4740473616558587
       -3.1465828437716934
       -2.8227054233054281
       -2.5019160040577364
       -2.1837676525361931
       -1.8678549556995614
       -1.5538055294554205
       -1.2412730966236107
       -0.9299317156001756
       -0.6194708497471526
       -0.3095910409372402
        0.0000000000000001
        0.3095910409372405
        0.6194708497471526
        0.9299317156001765
        1.2412730966236116
        1.5538055294554218
        1.8678549556995587
        2.1837676525361926
        2.5019160040577355
        2.8227054233054281
        3.1465828437716947
        3.4740473616558627
        3.8056638567519312
        4.1420808019620630
        4.4840540790573540
        4.8324796145780748
        5.1884393429381381
        5.5532680052649157
        5.9286538858731399
        6.3167976579034075
        6.7206770958687523
        7.1445205714796209
        7.5947379445836072
        8.0820126735040176
        8.6270897293636910
        9.2843529650947900
