    1.7502998379891388e+00
    7.3986034010348434e-01
    4.6614892288752829e-01
    2.9572112272181306e-01
    1.7851380957313501e-01
    1.0047954725392561e-01
    5.2215246828188795e-02
    2.4906574327568865e-02
    1.0862951081878116e-02
    4.3196786984618513e-03
    1.5624723211477497e-03
    5.1303379642886706e-04
    1.5262765461752735e-04
    4.1065854169373105e-05
    9.9745872936901520e-06
    2.1830397926517694e-06
    4.2966750442657152e-07
    7.5894799445641998e-08
    1.2004575185824433e-08
    1.6963493107521868e-09
    2.1360800832356551e-10
    2.3903668967913171e-11
    2.3701021675670938e-12
    2.0755006353498684e-13
    1.5995690725449326e-14
    1.0807762274596339e-15
    6.3751234707615633e-17
    3.2677335285018898e-18
    1.4480647057229102e-19
    5.5163790393521945e-21
    1.7952078163185072e-22
    4.9559321967978908e-24
    1.1515311384651708e-25
    2.2321649998972205e-27
    3.5737976051231701e-29
    4.6723222654562194e-31
    4.9232106350002674e-33
    4.1180848021951139e-35
    2.6864759682492874e-37
    1.3385232127193759e-39
    4.9676588235877878e-42
    1.3321446598277388e-44
    2.4858989800665007e-47
    3.0780967766414718e-50
    2.3773386832757061e-53
    1.0538465974145828e-56
    2.3848858782274403e-60
    2.3116349958004719e-64
    7.1936439558473351e-69
    4.1524288486895860e-74
    1.1011021580799503e-80
