        0.0000000000000000
        0.0000000000000000
        0.0000000000000000
        0.0000000000000000
        0.0000000000000000
        0.0000000000000000
        0.0000000000000000
        0.0000000000000002
        0.0000000000000150
        0.0000000000007334
        0.0000000000253815
        0.0000000006391727
        0.0000000119993265
        0.0000001712760413
        0.0000018891833941
        0.0000163199542903
        0.0001116570893191
        0.0006107025987404
        0.0026911086058641
        0.0096161203333211
        0.0280122626020642
        0.0668113173188443
        0.1309137693768853
        0.2112873158824439
        0.2813827638435991
        0.3095430294466424
        0.2813827638435996
        0.2112873158824432
        0.1309137693768858
        0.0668113173188443
        0.0280122626020639
        0.0096161203333212
        0.0026911086058641
        0.0006107025987404
        0.0001116570893191
        0.0000163199542903
        0.0000018891833941
        0.0000001712760413
        0.0000000119993265
        0.0000000006391727
        0.0000000000253815
        0.0000000000007334
        0.0000000000000150
        0.0000000000000002
        0.0000000000000000
        0.0000000000000000
        0.0000000000000000
        0.0000000000000000
        0.0000000000000000
        0.0000000000000000
        0.0000000000000000
