    3.4049345840523979e+00
    9.3548806703941112e-01
    5.3239704027558232e-01
    3.1817637109733360e-01
    1.8416965068512733e-01
    1.0038344772801641e-01
    5.0833477178115649e-02
    2.3731620528514557e-02
    1.0162728669123615e-02
    3.9776197512839178e-03
    1.4188237038169577e-03
    4.6012941753955896e-04
    1.3537526313826310e-04
    3.6059706159014416e-05
    8.6788836943914567e-06
    1.8836247094461537e-06
    3.6789162261747548e-07
    6.4522007520122407e-08
    1.0138512051345100e-08
    1.4238744389898329e-09
    1.7827013946339793e-10
    1.9842092265437401e-11
    1.9574605864760941e-12
    1.7060012156951756e-13
    1.3088967845289285e-14
    8.8062094955730095e-16
    5.1735452298279777e-17
    2.6416790406219492e-18
    1.1663667807966010e-19
    4.4278044007527573e-21
    1.4361627797133774e-22
    3.9521277213455547e-24
    9.1549324405208943e-26
    1.7694254139197609e-27
    2.8249511728129182e-29
    3.6832692447746329e-31
    3.8708809858452770e-33
    3.2296467515012842e-35
    2.1017224013865042e-37
    1.0446770824241991e-39
    3.8681170797473388e-42
    1.0349410229515402e-44
    1.9270159917346230e-47
    2.3808897697796018e-50
    1.8349175370340061e-53
    8.1167005549271895e-57
    1.8329382429889886e-60
    1.7728400894145171e-64
    5.5048573362426188e-69
    3.1702527368468710e-74
    8.3846571360479277e-81
