    1.0261278548942936e+00
    5.9275136828372432e-01
    4.1081159040101922e-01
    2.7603954178284801e-01
    1.7358754771274856e-01
    1.0083151942837287e-01
    5.3747038952082403e-02
    2.6186190689888932e-02
    1.1629306789645502e-02
    4.6975146042854531e-03
    1.7227450711915482e-03
    5.7264417923735236e-04
    1.7224913122844125e-04
    4.6809418981926985e-05
    1.1473314390531641e-05
    2.5320091884094912e-06
    5.0217883530564244e-07
    8.9332448013493003e-08
    1.4223111050427283e-08
    2.0221727893152534e-09
    2.5609534258840747e-10
    2.8812050912513979e-11
    2.8711913731696129e-12
    2.5262541358982256e-13
    1.9556978882503853e-14
    1.3270127142645984e-15
    7.8591135368663856e-17
    4.0438082332674777e-18
    1.7985040449267229e-19
    6.8751818824525213e-21
    2.2448351968957915e-22
    6.2168883134755708e-24
    1.4489205560239494e-25
    2.8168519604899033e-27
    4.5226013186437310e-29
    5.9288078431561037e-31
    6.2635195810795654e-33
    5.2524672855502063e-35
    3.4349068162117298e-37
    1.7155007302319516e-39
    6.3814886924189680e-42
    1.7151509492682575e-44
    3.2077020444656105e-47
    3.9804756382249163e-50
    3.0808653345814944e-53
    1.3686107389659147e-56
    3.1037707028319111e-60
    3.0148717558675545e-64
    9.4026296286612763e-69
    5.4400840424855544e-74
    1.4463132660331817e-80
