    4.2935803827019170e-03
    8.6139205351297252e-02
    2.6487523488969783e-01
    5.4045818092192410e-01
    9.1313743072747966e-01
    1.3832666618086875e+00
    1.9512971583471925e+00
    2.6177789791452177e+00
    3.3833636539000258e+00
    4.2488076884579620e+00
    5.2149767817185166e+00
    6.2828507761267440e+00
    7.4535294015112266e+00
    8.7282388934390998e+00
    1.0108339586120673e+01
    1.1595334600192023e+01
    1.3190879769177254e+01
    1.4896794976340576e+01
    1.6715077107280155e+01
    1.8647914864539565e+01
    2.0697705740680661e+01
    2.2867075508207297e+01
    2.5158900661772350e+01
    2.7576334344630840e+01
    3.0122836413188093e+01
    3.2802208448644642e+01
    3.5618634723944247e+01
    3.8576730392346299e+01
    4.1681598501681904e+01
    4.4938897884949448e+01
    4.8354924575192861e+01
    5.1936710201308983e+01
    5.5692141931130919e+01
    5.9630110073257754e+01
    6.3760691635250225e+01
    6.8095381284043484e+01
    7.2647385777744816e+01
    7.7432004877297061e+01
    8.2467132420133225e+01
    8.7773928116295849e+01
    9.3377738173269535e+01
    9.9309389474950521e+01
    1.0560706435237519e+02
    1.1231911577077850e+02
    1.1950848392229757e+02
    1.2726001426790090e+02
    1.3569346517440073e+02
    1.4498890636063405e+02
    1.5544337756875908e+02
    1.6762636681969215e+02
    1.8300739007286276e+02
