    2.5528120146661899e+00
    8.5030816436598211e-01
    5.0443280901560539e-01
    3.0883391932999060e-01
    1.8181524583374895e-01
    1.0039096214025467e-01
    5.1368718293037491e-02
    2.4189603329992156e-02
    1.0435291507633183e-02
    4.1103944836882794e-03
    1.4744114290928384e-03
    4.8053980674371896e-04
    1.4201200691800638e-04
    3.7980284602600302e-05
    9.1747149822231923e-06
    1.9979323605467268e-06
    3.9142379374316277e-07
    6.8845292490545532e-08
    1.0846512576570680e-08
    1.5270663802247141e-09
    1.9163051545430169e-10
    2.1375207127227015e-11
    2.1129832431024305e-12
    1.8450639093401174e-13
    1.4181437135696851e-14
    9.5575057213007580e-16
    5.6240113681253787e-17
    2.8761091273777146e-18
    1.2717324623466268e-19
    4.8345374444441699e-21
    1.5701784659558121e-22
    4.3264360957834547e-24
    1.0034264121984121e-25
    1.9416573963977897e-27
    3.1034289003969111e-29
    4.0507639717499185e-31
    4.2615683920809591e-33
    3.5592276612881245e-35
    2.3184804954837890e-37
    1.1535197723889203e-39
    4.2751000190529716e-42
    1.1448697395275067e-44
    2.1335905399651712e-47
    2.6384161569279930e-50
    2.0351361973189341e-53
    9.0100270951889077e-57
    2.0364017154915038e-60
    1.9713214241057338e-64
    6.1265432016103417e-69
    3.5315534754693764e-74
    9.3499895158589895e-81
