       -9.3852749632231358
       -8.7303274588209163
       -8.1872704197671577
       -7.7018840275679104
       -7.2534856216969636
       -6.8314241370685966
       -6.4293096331149799
       -6.0429274349196920
       -5.6693100068563718
       -5.3062648593656432
       -4.9521106229353720
       -4.6055186799962087
       -4.2654127388779166
       -3.9309022499573136
       -3.6012366010181402
       -3.2757726058076932
       -2.9539507925538877
       -2.6352776875892845
       -2.3193122827994572
       -2.0056554817328669
       -1.6939417005414357
       -1.3838320462108620
       -1.0750086571198578
       -0.7671699001240916
       -0.4600261924374605
       -0.1532962669204574
        0.1532962669204585
        0.4600261924374607
        0.7671699001240916
        1.0750086571198583
        1.3838320462108642
        1.6939417005414366
        2.0056554817328660
        2.3193122827994559
        2.6352776875892885
        2.9539507925538855
        3.2757726058076901
        3.6012366010181416
        3.9309022499573154
        4.2654127388779157
        4.6055186799962140
        4.9521106229353746
        5.3062648593656423
        5.6693100068563709
        6.0429274349196911
        6.4293096331149791
        6.8314241370686020
        7.2534856216969628
        7.7018840275679112
        8.1872704197671542
        8.7303274588209145
        9.3852749632231358
