    1.7420265104434869e+00
    7.3755026576476690e-01
    4.6630577741841334e-01
    2.9739948946668299e-01
    1.8082369948370702e-01
    1.0270924384289629e-01
    5.3964901403954393e-02
    2.6077010287991371e-02
    1.1544769149445380e-02
    4.6694473835929015e-03
    1.7215039418849384e-03
    5.7736913409225032e-04
    1.7583753689385544e-04
    4.8542393900177928e-05
    1.2126201500773260e-05
    2.7362094324884463e-06
    5.5666255472381169e-07
    1.0190802230931411e-07
    1.6753368639609652e-08
    2.4678321394949043e-09
    3.2495280366710829e-10
    3.8151118435915812e-11
    3.9826957013362625e-12
    3.6857745547047302e-13
    3.0140275374457958e-14
    2.1701498441495070e-15
    1.3704713301255052e-16
    7.5585718435055307e-18
    3.6238300781456972e-19
    1.5025012617723376e-20
    5.3567796391780713e-22
    1.6318663109214653e-23
    4.2178538920496981e-25
    9.1768042912420498e-27
    1.6657892872028235e-28
    2.4974842804025633e-30
    3.0574221792418750e-32
    3.0161831588675749e-34
    2.3615093879827292e-36
    1.4415069421041831e-38
    6.7174112038546076e-41
    2.3303007487056644e-43
    5.8366572279438609e-46
    1.0163108475892354e-48
    1.1727854487387950e-51
    8.4281791063083017e-55
    3.4692589223451718e-58
    7.2705087775452105e-62
    6.5018369398558944e-66
    1.8566551006035967e-70
    9.7489762144264361e-76
    2.3108664758516142e-82
