    5.3738217931027354e-03
    8.8036342263020512e-02
    2.6562834882627490e-01
    5.3815508268249523e-01
    9.0585548523820059e-01
    1.3690651508387344e+00
    1.9282112799843483e+00
    2.5838138716235357e+00
    3.3364881971147455e+00
    4.1869479832492802e+00
    5.1360092286443866e+00
    6.1845946744894560e+00
    7.3337389818090930e+00
    8.5845946853299129e+00
    9.9384390099027975e+00
    1.1396681652474379e+01
    1.2960873652228988e+01
    1.4632717494741948e+01
    1.6414078623823954e+01
    1.8306998568409298e+01
    2.0313709932873955e+01
    2.2436653549519914e+01
    2.4678498154167642e+01
    2.7042163023198366e+01
    2.9530844107390667e+01
    3.2148044320402313e+01
    3.4897608795715364e+01
    3.7783766126132740e+01
    4.0811176859433409e+01
    4.3984990863389932e+01
    4.7310915622431487e+01
    5.0795298128867842e+01
    5.4445223844857566e+01
    5.8268637327301619e+01
    6.2274490661788164e+01
    6.6472928050411340e+01
    7.0875518064678133e+01
    7.5495549724840870e+01
    8.0348415546744661e+01
    8.5452115433433022e+01
    9.0827932266469887e+01
    9.6501357760706384e+01
    1.0250339404275039e+02
    1.0887243921794615e+02
    1.1565711889669582e+02
    1.2292072863781422e+02
    1.3074859521059378e+02
    1.3926116179390030e+02
    1.4863953942303073e+02
    1.5918251073438341e+02
    1.7146296649795312e+02
    1.8695940524470873e+02
