    3.4599079646115433e-03
    8.2135676303188201e-02
    2.5590927133322972e-01
    5.2469033174504787e-01
    8.8871083604497891e-01
    1.3483027945246662e+00
    1.9038904501367118e+00
    2.5559910946745701e+00
    3.3052174513395842e+00
    4.1522808239368434e+00
    5.0979948954074965e+00
    6.1432801863209390e+00
    7.2891692222914077e+00
    8.5368124792310756e+00
    9.8874851918848918e+00
    1.1342595128382660e+01
    1.2903691453272996e+01
    1.4572474824766648e+01
    1.6350808899774357e+01
    1.8240733454004449e+01
    2.0244479365417501e+01
    2.2364485759680964e+01
    2.4603419678462600e+01
    2.6964198708787496e+01
    2.9450017108667176e+01
    3.2064376086691460e+01
    3.4811119049206958e+01
    3.7694472828933691e+01
    4.0719096168334360e+01
    4.3890137070569658e+01
    4.7213301079855384e+01
    5.0694933153531153e+01
    5.4342116601235617e+01
    5.8162793682325749e+01
    6.2165914006266490e+01
    6.6361619078905164e+01
    7.0761474503204767e+01
    7.5378765992049424e+01
    8.0228882328851014e+01
    8.5329819145317842e+01
    9.0702854359441602e+01
    9.6373473818945513e+01
    1.0237267258075728e+02
    1.0873884004172682e+02
    1.1552059080469263e+02
    1.2278120607724230e+02
    1.3060599318732812e+02
    1.3911536764828935e+02
    1.4849039842353866e+02
    1.5902979772861028e+02
    1.7130631884611009e+02
    1.8679809738034922e+02
