    1.0196758191328756e+00
    5.9001831640891744e-01
    4.1036523103316452e-01
    2.7723003989765316e-01
    1.7560680264275941e-01
    1.0294241666506522e-01
    5.5483088226332265e-02
    2.7386274362930518e-02
    1.2346159678369023e-02
    5.0727758368679246e-03
    1.8962786473113100e-03
    6.4387118261148471e-04
    1.9827238516973624e-04
    5.5286602883005595e-05
    1.3937465585422314e-05
    3.1712906771114107e-06
    6.5015711658086313e-07
    1.1987335620145522e-07
    1.9837321583099559e-08
    2.9401335604247858e-09
    3.8937465745068265e-10
    4.5961512253051923e-11
    4.8224000109662631e-12
    4.4842209841045524e-13
    3.6835158076226908e-14
    2.6635294739088604e-15
    1.6888644175886803e-16
    9.3504900109246465e-18
    4.4993758646089038e-19
    1.8720423721110089e-20
    6.6965856215517338e-22
    2.0465426339525630e-23
    5.3058739733148219e-25
    1.1577987756325226e-26
    2.1076040238546434e-28
    3.1685018152593753e-30
    3.8890836936186617e-32
    3.8463786618267175e-34
    3.0189185042398316e-36
    1.8471996421103234e-38
    8.6279061504042952e-41
    2.9998243593366212e-43
    7.5301821594622839e-46
    1.3140309865221054e-48
    1.5195648586526331e-51
    1.0943192235716696e-54
    4.5138752099761457e-58
    9.4793745612392682e-62
    8.4949689481108106e-66
    2.4310368746041840e-70
    1.2793996812053822e-75
    3.0404404954392152e-82
