    4.2111698093451992e-03
    8.4485428805966115e-02
    2.5978704365616873e-01
    5.3006702175725440e-01
    8.9556011969512361e-01
    1.3565997758610664e+00
    1.9136114148555561e+00
    2.5671134114397183e+00
    3.3177195087175191e+00
    4.1661419805206226e+00
    5.1131954369497699e+00
    6.1598012877111561e+00
    7.3069929134464839e+00
    8.5559216144208623e+00
    9.9078634222084929e+00
    1.1364226877211934e+01
    1.2926561894540130e+01
    1.4596569864017640e+01
    1.6376115157947218e+01
    1.8267238253925896e+01
    2.0272170721047548e+01
    2.2393352368171438e+01
    2.4633450915137676e+01
    2.6995384625200472e+01
    2.9482348433942335e+01
    3.2097844232423732e+01
    3.4845716118270317e+01
    3.7730191628643681e+01
    4.0755930228526218e+01
    4.3928080667304059e+01
    4.7252349265647794e+01
    5.0735081795245812e+01
    5.4383362427098596e+01
    5.8205134339930339e+01
    6.2209348134003250e+01
    6.6406146394012609e+01
    7.0807095910693633e+01
    7.5425483720241530e+01
    8.0276700099420779e+01
    8.5378742388875182e+01
    9.0752890492458405e+01
    9.6424632605222627e+01
    1.0242496661250803e+02
    1.0879228539519175e+02
    1.1557520795989551e+02
    1.2283702125564758e+02
    1.3066304038818217e+02
    1.3917369193878244e+02
    1.4855006170221000e+02
    1.5909089006665590e+02
    1.7136898531809206e+02
    1.8686262825381857e+02
