    7.4049639200551359e-03
    9.4025031814258517e-02
    2.7542966402614022e-01
    5.5169658638778207e-01
    9.2307157353991454e-01
    1.3898938131343574e+00
    1.9525934639754701e+00
    2.6116932273330016e+00
    3.3678109156726648e+00
    4.2216626710028651e+00
    5.1740667997683323e+00
    6.2259482561273449e+00
    7.3783438291788972e+00
    8.6324081054875563e+00
    9.9894202934024605e+00
    1.1450792012440605e+01
    1.3018076170520892e+01
    1.4692977075007997e+01
    1.6477361951342132e+01
    1.8373274076696831e+01
    2.0382947777140000e+01
    2.2508825587127713e+01
    2.4753577932376757e+01
    2.7120125774573953e+01
    2.9611666753402556e+01
    3.2231705483897514e+01
    3.4984088823140652e+01
    3.7873047120621152e+01
    4.0903242726161082e+01
    4.4079827368978975e+01
    4.7408510470642760e+01
    5.0895641055431717e+01
    5.4548306735079734e+01
    5.8374454361122737e+01
    6.2383038492377409e+01
    6.6584206024277421e+01
    7.0989528493924098e+01
    7.5612298225908546e+01
    8.0467911465353779e+01
    8.5574372383297458e+01
    9.0952968821270360e+01
    9.6629198357274333e+01
    1.0263407018309798e+02
    1.0900599110734024e+02
    1.1579359774165604e+02
    1.2306019998818171e+02
    1.3089114404717213e+02
    1.3940690074859020e+02
    1.4878862317800335e+02
    1.5933516435677163e+02
    1.7161955247224188e+02
    1.8712064879611802e+02
