    3.3941797112493122e+00
    9.3396553132397608e-01
    5.3333691879508105e-01
    3.2041750692765786e-01
    1.8679438632468326e-01
    1.0273753732178001e-01
    5.2598470903522848e-02
    2.4874568906417947e-02
    1.0812054980414593e-02
    4.3040257166500305e-03
    1.5647308627486901e-03
    5.1830087926869677e-04
    1.5609596980068992e-04
    4.2659619131490473e-05
    1.0559160101387637e-05
    2.3626514067219329e-06
    4.7695741723043802e-07
    8.6693738548374925e-08
    1.4157840627357297e-08
    2.0726408079923901e-09
    2.7134296539805605e-10
    3.1684959450917006e-11
    3.2908828651229645e-12
    3.0309690368402528e-13
    2.4673648336413731e-14
    1.7689466786533076e-15
    1.1125767549376027e-16
    6.1125534960072434e-18
    2.9198073226730335e-19
    1.2063646580995139e-20
    4.2865999269912982e-22
    1.3016727325377158e-23
    3.3540890190424961e-25
    7.2760158876372204e-27
    1.3170144141171321e-28
    1.9691866745690433e-30
    2.4043351540363811e-32
    2.3658719275490224e-34
    1.8477890428831326e-36
    1.1252287684558556e-38
    5.2313836743742640e-41
    1.8106867381839925e-43
    4.5251743193937173e-46
    7.8624387516514469e-49
    9.0536792927864791e-52
    6.4927433927651950e-55
    2.6670199085138137e-58
    5.5776336312905850e-62
    4.9774640747881011e-66
    1.4182945364633807e-70
    7.4302761357679777e-76
    1.7567251277249023e-82
