    2.5431451090088548e+00
    8.4841520782895485e-01
    5.0503465478828602e-01
    3.1084003006768912e-01
    1.8431088670888693e-01
    1.0269455640013959e-01
    5.3127352915500713e-02
    2.5343291762688826e-02
    1.1097321590401591e-02
    4.4459026764861352e-03
    1.6254124241657942e-03
    5.4109492742106680e-04
    1.6369210501221109e-04
    4.4917039728734392e-05
    1.1158960382314468e-05
    2.5052953681197583e-06
    5.0732559256980634e-07
    9.2478470507223684e-08
    1.5142789252063437e-08
    2.2223343509439213e-09
    2.9161488934656589e-10
    3.4126109533688464e-11
    3.5516623381334176e-12
    3.2774421141917093e-13
    2.6728505496399425e-14
    1.9195593595141951e-15
    1.2092712868814514e-16
    6.6540820547849271e-18
    3.1831646829729984e-19
    1.3170228596018334e-20
    4.6860853110370748e-22
    1.4248084040438403e-23
    3.6758985618802061e-25
    7.9835396742000824e-27
    1.4467236639924464e-28
    2.1654939453548587e-30
    2.6468136599587045e-32
    2.6071286260297992e-34
    2.0382260605618883e-36
    1.2423862272007675e-38
    5.7814466635549701e-41
    2.0028892679649888e-43
    5.0099495854966488e-46
    8.7122795297080622e-49
    1.0040829895625604e-51
    7.2067234931932393e-55
    2.9627713717866070e-58
    6.2013163931675305e-62
    5.5386964240756555e-66
    1.5795772782925946e-70
    8.2827658376314791e-76
    1.9602945966531217e-82
