    1.0133830068719072e+00
    5.8732944610389282e-01
    4.0988692081446920e-01
    2.7834709239846706e-01
    1.7755066644114570e-01
    1.0500252847784862e-01
    5.7199300364572159e-02
    2.8589115656601841e-02
    1.3075715047577097e-02
    5.4612343501594827e-03
    2.0793378225111916e-03
    7.2059141907056636e-04
    2.2695269647308539e-04
    6.4866668358782868e-05
    1.6799370549988804e-05
    3.9361269428751333e-06
    8.3297759641260431e-07
    1.5893676482304278e-07
    2.7291551320607082e-08
    4.2089190171231471e-09
    5.8171352172937225e-10
    7.1882938717468899e-11
    7.9216911352912381e-12
    7.7640592504300470e-13
    6.7474186831264078e-14
    5.1825931101255250e-15
    3.5056627309559302e-16
    2.0802437002229378e-17
    1.0782595842684762e-18
    4.8591097521860385e-20
    1.8939300164909838e-21
    6.3482680375038576e-23
    1.8183029137301366e-24
    4.4189076927426858e-26
    9.0396142569802107e-28
    1.5427169333883933e-29
    2.1743336555660503e-31
    2.5018380465929153e-33
    2.3191818767140109e-35
    1.7056828610896829e-37
    9.7763007047173838e-40
    4.2754209315211599e-42
    1.3909798321291153e-44
    3.2647370396441920e-47
    5.3216052026224944e-50
    5.7413477015391271e-53
    3.8513368333848013e-56
    1.4767420808602430e-59
    2.8750913534017267e-63
    2.3798276370205425e-67
    6.2568350032193320e-72
    2.9991398259607745e-77
    6.3804938277567813e-84
