    2.5336936969738582e+00
    8.4653640202113167e-01
    5.0557802263944518e-01
    3.1276020005949534e-01
    1.8673108351563422e-01
    1.0495322137831835e-01
    5.4872051280772591e-02
    2.6503015298393766e-02
    1.1772787654851308e-02
    4.7939908344699226e-03
    1.7850257207439554e-03
    6.0644130630766607e-04
    1.8762665028470004e-04
    5.2768670193109139e-05
    1.3466882904235338e-05
    3.1131356296134935e-06
    6.5070000365717685e-07
    1.2274261753024627e-07
    2.0853506674366327e-08
    3.1843213243163675e-09
    4.3604571598170643e-10
    5.3416684443462616e-11
    5.8388005608811111e-12
    5.6787622818817717e-13
    4.8994462613267352e-14
    3.7373998780290322e-15
    2.5116524470259837e-16
    1.4811918724218494e-17
    7.6323306453547198e-19
    3.4201557727817490e-20
    1.3259208395574003e-21
    4.4215450665371337e-23
    1.2602104011835615e-24
    3.0481448028392149e-26
    6.2071710843213990e-28
    1.0546941073133379e-29
    1.4802348639801009e-31
    1.6962516016409685e-33
    1.5662101466879152e-35
    1.1474939973114319e-37
    6.5525714902492458e-40
    2.8552544332059844e-42
    9.2566656035813734e-45
    2.1651308752047707e-47
    3.5173065278878060e-50
    3.7821343074362293e-53
    2.5287604067511345e-56
    9.6645952782851769e-60
    1.8754826246154900e-63
    1.5472986819336160e-67
    4.0542627845819555e-72
    1.9364155488654416e-77
    4.1029665833237906e-84
