    7.2656847021418062e-03
    9.2256048669472512e-02
    2.7024481950112628e-01
    5.4130220772817783e-01
    9.0566008070677884e-01
    1.3636386384351926e+00
    1.9156438913909819e+00
    2.5621690396425771e+00
    3.3037967911736827e+00
    4.1412022743253063e+00
    5.0751565071452722e+00
    6.1065304490367200e+00
    7.2362996821029304e+00
    8.4655497835461428e+00
    9.7954824635074456e+00
    1.1227422556967577e+01
    1.2762825974757325e+01
    1.4403288738113154e+01
    1.6150557244356481e+01
    1.8006539939126913e+01
    1.9973320604351859e+01
    2.2053173512308668e+01
    2.4248580746687317e+01
    2.6562252054049431e+01
    2.8997147666846569e+01
    3.1556504636652349e+01
    3.4243867339400715e+01
    3.7063122971215563e+01
    4.0018543054766077e+01
    4.3114832237015293e+01
    4.6357186000699613e+01
    4.9751359363452380e+01
    5.3303749242482731e+01
    5.7021493980572060e+01
    6.0912594651476951e+01
    6.4986064325630508e+01
    6.9252113688328564e+01
    7.3722384587213753e+01
    7.8410247762905087e+01
    8.3331188036964420e+01
    8.8503311030297681e+01
    9.3948022562534177e+01
    9.9690959755310132e+01
    1.0576330003726922e+02
    1.1220365754729396e+02
    1.1906093106087089e+02
    1.2639877237993777e+02
    1.3430299097391421e+02
    1.4289471702220200e+02
    1.5235610640754754e+02
    1.6298769074119954e+02
    1.7536577544934195e+02
    1.9097787242099210e+02
