    6.7508449180408048e-02
    1.4007058733674951e-01
    1.7892434466113380e-01
    1.8087260378632306e-01
    1.5483429985804850e-01
    1.1543779750426360e-01
    7.6029133171640992e-02
    4.4590468661131963e-02
    2.3400277327265184e-02
    1.1020464086648585e-02
    4.6661202093465186e-03
    1.7779715350673025e-03
    6.0995317447906368e-04
    1.8839689743839106e-04
    5.2373166832674853e-05
    1.3095648447255351e-05
    2.9426685074049821e-06
    5.9355617429613581e-07
    1.0732486841386758e-07
    1.7368915556886378e-08
    2.5112963571467816e-09
    3.2373983262513117e-10
    3.7126475378152622e-11
    3.7780495057424580e-12
    3.4020241070797771e-13
    2.7024347690238977e-14
    1.8873148888583662e-15
    1.1544491014636194e-16
    6.1595110219175876e-18
    2.8534351410401690e-19
    1.1419176823362041e-20
    3.9255252596953385e-22
    1.1519395967293611e-23
    2.8653832385557064e-25
    5.9942754971649945e-27
    1.0452875201888557e-28
    1.5042123603341997e-30
    1.7659227741273482e-32
    1.6691563633367586e-34
    1.2509886889468399e-36
    7.3027776523566536e-39
    3.2511607677581310e-41
    1.0763072531915679e-43
    2.5695215896575429e-46
    4.2588518654108632e-49
    4.6708266779682946e-52
    3.1844683588300435e-55
    1.2408792575805462e-58
    2.4551631114899376e-62
    2.0656410015134248e-66
    5.5225317468814095e-71
    2.6944586647802081e-76
    5.8482554329156484e-83
