    3.3947290579038059e-03
    8.0587998185014262e-02
    2.5108457819295915e-01
    5.1478998585447899e-01
    8.7192275980922695e-01
    1.3227962500356518e+00
    1.8678108411366503e+00
    2.5074545920785396e+00
    3.2423053732443163e+00
    4.0730337122947322e+00
    5.0004062290105784e+00
    6.0252896637119102e+00
    7.1486555401896652e+00
    8.3715855221324293e+00
    9.6952775364181996e+00
    1.1121052751381050e+01
    1.2650363514799459e+01
    1.4284802375830509e+01
    1.6026112338297231e+01
    1.7876198520604021e+01
    1.9837141431309472e+01
    2.1911212110552636e+01
    2.4100889438067941e+01
    2.6408879970989524e+01
    2.8838140752384913e+01
    3.1391905628910575e+01
    3.4073715739070025e+01
    3.6887454990282137e+01
    3.9837391544229988e+01
    4.2928226590782145e+01
    4.6165152032098547e+01
    4.9553919149910236e+01
    5.3100920932692098e+01
    5.6813291556934352e+01
    6.0699027638542255e+01
    6.4767137432489449e+01
    6.9027826369145373e+01
    7.3492730498872689e+01
    7.8175214091380099e+01
    8.3090754653439106e+01
    8.8257449422477947e+01
    9.3696694463086942e+01
    9.9434115352831370e+01
    1.0550087559651510e+02
    1.1193557216743838e+02
    1.1878708212920317e+02
    1.2611902896163707e+02
    1.3401718375127950e+02
    1.4260262204202968e+02
    1.5205741661538039e+02
    1.6268195997321422e+02
    1.7505228594713896e+02
    1.9065518954675261e+02
