    4.1318632234419580e-03
    8.2893965172744277e-02
    2.5489072967175208e-01
    5.2006821653958513e-01
    8.7864764839882037e-01
    1.3309437377917754e+00
    1.8773579928195174e+00
    2.5183795015562493e+00
    3.2545871037668999e+00
    4.0866522494535245e+00
    5.0153424403392339e+00
    6.0415252628213372e+00
    7.1661730545366744e+00
    8.3903682639625590e+00
    9.7153095766114728e+00
    1.1142318896024614e+01
    1.2672849284367983e+01
    1.4308493986895757e+01
    1.6050996687721817e+01
    1.7902263172204329e+01
    1.9864374605004070e+01
    2.1939602674043350e+01
    2.4130426901136197e+01
    2.6439554482528557e+01
    2.8869943100334488e+01
    3.1424827243311281e+01
    3.4107748698518790e+01
    3.6922592032144422e+01
    3.9873626079057708e+01
    4.2965552721501737e+01
    4.6203564578678289e+01
    4.9593413680401120e+01
    5.3141493801774580e+01
    5.6854939953416299e+01
    6.0741749643662125e+01
    6.4810932091437266e+01
    6.9072693778962474e+01
    7.3538671916937602e+01
    7.8222232070162292e+01
    8.3138853209316053e+01
    8.8306634249532365e+01
    9.3746973207503075e+01
    9.9485497970818841e+01
    1.0555337483042608e+02
    1.1198920419434813e+02
    1.1884186747050454e+02
    1.2617499380558282e+02
    1.3407436196590461e+02
    1.4266105842693605e+02
    1.5211717259711961e+02
    1.6274312481134720e+02
    1.7511500324187602e+02
    1.9071974633189171e+02
