    3.3836581411859492e+00
    9.3244656592776243e-01
    5.3421081101235690e-01
    3.2256958406178954e-01
    1.8934383924655443e-01
    1.0504823727695829e-01
    5.4350978308676620e-02
    2.6024321545529069e-02
    1.1474974134402951e-02
    4.6428594771211803e-03
    1.7190378285199261e-03
    5.8110406883472800e-04
    1.7898112438536387e-04
    5.0132936052911879e-05
    1.2746957761997511e-05
    2.9367402628848618e-06
    6.1191859594351003e-07
    1.1509486880595551e-07
    1.9501923780961343e-08
    2.9705216309545815e-09
    4.0582265565767532e-10
    4.9605876274519888e-11
    5.4111412364550849e-12
    5.2526625566356247e-13
    4.5235575194050430e-14
    3.4447085100111870e-15
    2.3111652480619978e-16
    1.3608390460488301e-17
    7.0017902372841929e-19
    3.1331712600726994e-20
    1.2130247037030343e-21
    4.0398499121249875e-23
    1.1499970627110752e-24
    2.7782629645722474e-26
    5.6511326762970317e-28
    9.5915937395548436e-30
    1.3447277907867832e-31
    1.5393919999720544e-33
    1.4199683045528578e-35
    1.0393503548735052e-37
    5.9295038222462339e-40
    2.5814125125422794e-42
    8.3614772112411228e-45
    1.9540563240599687e-47
    3.1717213890316138e-50
    3.4076867579818149e-53
    2.2765266128123403e-56
    8.6934771753348458e-60
    1.6856507359416537e-63
    1.3895354835231338e-67
    3.6377984899856801e-72
    1.7359434231074810e-77
    3.6744679029182783e-84
