    5.2726671304714843e-03
    8.6378755705225005e-02
    2.6062421976748584e-01
    5.2800826275280854e-01
    8.8875615086917814e-01
    1.3431846542433408e+00
    1.8916969697590058e+00
    2.5347837290478119e+00
    3.2730252245186513e+00
    4.1070942877720134e+00
    5.0377597413797250e+00
    6.0658904387808130e+00
    7.1924599363602804e+00
    8.4185518578385352e+00
    9.7453660248312239e+00
    1.1174225441935423e+01
    1.2706584241235705e+01
    1.4344036710557612e+01
    1.6088327552960262e+01
    1.7941363552820174e+01
    1.9905226857611943e+01
    2.1982190125661436e+01
    2.4174733840693314e+01
    2.6485566156470910e+01
    2.8917645712580402e+01
    3.1474207959882012e+01
    3.4158795657265763e+01
    3.6975294358107575e+01
    3.9927973906128464e+01
    4.3021537221236471e+01
    4.6261177997326683e+01
    4.9652649385490051e+01
    5.3202346339947205e+01
    5.6917405121690727e+01
    6.0805824576895766e+01
    6.4876615369607691e+01
    6.9139985559011393e+01
    7.3607574095486143e+01
    7.8292748485615249e+01
    8.3210989895048684e+01
    8.8380399754530515e+01
    9.3822379007879107e+01
    9.9562559006586525e+01
    1.0563211021952382e+02
    1.1206963820529202e+02
    1.1892403088646653e+02
    1.2625892590773783e+02
    1.3416011355209392e+02
    1.4274869668816223e+02
    1.5220678965852676e+02
    1.6283485453714894e+02
    1.7520906098687499e+02
    1.9081656254715327e+02
