    1.7339450301460957e+00
    7.3526765613461920e-01
    4.6641473083893425e-01
    2.9899660367734687e-01
    1.8305804032956091e-01
    1.0489176119031882e-01
    5.5698427736044269e-02
    2.7252291600119955e-02
    1.2239769044576533e-02
    5.0320261455691021e-03
    1.8894782098994030e-03
    6.4674659893960507e-04
    2.0144454273951837e-04
    5.6999983674849306e-05
    1.4627415864427286e-05
    3.3985876080868890e-06
    7.1368442966676167e-07
    1.3520509412692105e-07
    2.3062941270748920e-08
    3.5348538713797634e-09
    4.8573529758305525e-10
    5.9698416454666740e-11
    6.5454950316457959e-12
    6.3845238707078236e-13
    5.5234190711592394e-14
    4.2242854120778177e-15
    2.8458238218989315e-16
    1.6821766491662328e-17
    8.6872176686026810e-19
    3.9011085870575938e-20
    1.5154349594013058e-21
    5.0632975664042888e-23
    1.4457966025828603e-24
    3.5032586161588815e-26
    7.1461635569947594e-28
    1.2162442968924743e-29
    1.7096787784876280e-31
    1.9621864122005481e-33
    1.8144478900870524e-35
    1.3312803436198709e-37
    7.6126766219851091e-40
    3.3217009755777919e-42
    1.0783151335895793e-44
    2.5254440233621392e-47
    4.1078560429218924e-50
    4.4226681231168678e-53
    2.9606760230161862e-56
    1.1329193469873742e-59
    2.2012057709791675e-63
    1.8182755116088144e-67
    4.7703460377879115e-72
    2.2815000348416686e-77
    4.8415001312077004e-84
