        0.0000000000000000
        0.0000000000000000
        0.0000000000000000
        0.0000000000000000
        0.0000000000000000
        0.0000000000000000
        0.0000000000000000
        0.0000000000000000
        0.0000000000000011
        0.0000000000000605
        0.0000000000023852
        0.0000000000684877
        0.0000000014678463
        0.0000000239578386
        0.0000003027565088
        0.0000030032131336
        0.0000236547291856
        0.0001493760470838
        0.0007624284675315
        0.0031668653729621
        0.0107656660293114
        0.0300935350387906
        0.0694361055492925
        0.1326450149924716
        0.2102740062601035
        0.2770556440353736
        0.3037025949287790
        0.2770556440353753
        0.2102740062601031
        0.1326450149924719
        0.0694361055492926
        0.0300935350387905
        0.0107656660293114
        0.0031668653729621
        0.0007624284675315
        0.0001493760470838
        0.0000236547291856
        0.0000030032131336
        0.0000003027565088
        0.0000000239578386
        0.0000000014678463
        0.0000000000684877
        0.0000000000023852
        0.0000000000000605
        0.0000000000000011
        0.0000000000000000
        0.0000000000000000
        0.0000000000000000
        0.0000000000000000
        0.0000000000000000
        0.0000000000000000
        0.0000000000000000
        0.0000000000000000
