    5.1752503044175105e-03
    8.4782442744645747e-02
    2.5580522018784169e-01
    5.1823729291354881e-01
    8.7229125650697914e-01
    1.3182664375996016e+00
    1.8565437987060871e+00
    2.4875867833906282e+00
    3.2119433219836013e+00
    4.0302484393766953e+00
    4.9432273832823341e+00
    5.9516992824690842e+00
    7.0565813721894806e+00
    8.2588938385098576e+00
    9.5597653452101490e+00
    1.0960439319313974e+01
    1.2462281085310048e+01
    1.4066785954469140e+01
    1.5775588395030372e+01
    1.7590472432199864e+01
    1.9513383454821930e+01
    2.1546441639438882e+01
    2.3691957243776969e+01
    2.5952448072450903e+01
    2.8330659480430896e+01
    3.0829587357932969e+01
    3.3452504638332449e+01
    3.6202991994424238e+01
    3.9084973545901143e+01
    4.2102758603256788e+01
    4.5261090735546283e+01
    4.8565205792613384e+01
    5.2020900966244234e+01
    5.5634617581768325e+01
    5.9413541133650696e+01
    6.3365723206703883e+01
    6.7500231495407633e+01
    7.1827336356579011e+01
    7.6358745531844804e+01
    8.1107903377872631e+01
    8.6090377999577839e+01
    9.1324370537480519e+01
    9.6831398028521050e+01
    1.0263722928077031e+02
    1.0877320063043845e+02
    1.1527812219753768e+02
    1.2220114072344876e+02
    1.2960623155141076e+02
    1.3757964270655796e+02
    1.4624312870832236e+02
    1.5577979514989221e+02
    1.6649176349961999e+02
    1.7895844319582636e+02
    1.9467553892989926e+02
