    3.3319604709169354e-03
    7.9097573725795733e-02
    2.4643850704882680e-01
    5.0525662319294240e-01
    8.5575801158993714e-01
    1.2982387318523505e+00
    1.8330770698211756e+00
    2.4607340219893259e+00
    3.1817552145162464e+00
    3.9967734796463308e+00
    4.9065119678742422e+00
    5.9117877954095563e+00
    7.0135162610903032e+00
    8.2127156833379757e+00
    9.5105129203471712e+00
    1.0908149649334822e+01
    1.2406989494772287e+01
    1.4008526111909546e+01
    1.5714392351289233e+01
    1.7526370653125539e+01
    1.9446404848341800e+01
    2.1476613576914570e+01
    2.3619305575488443e+01
    2.5876997136972342e+01
    2.8252432107568907e+01
    3.0748604864790195e+01
    3.3368786817932531e+01
    3.6116557096182817e+01
    3.8995838247042052e+01
    4.2010937970045603e+01
    4.5166598172929703e+01
    4.8468052980496324e+01
    5.1921097780180020e+01
    5.5532171995249442e+01
    5.9308459098419796e+01
    6.3258008506485140e+01
    6.7389885567094339e+01
    7.1714358071049773e+01
    7.6243130924002500e+01
    8.0989645311862802e+01
    8.5969465749908807e+01
    9.1200789259065914e+01
    9.6705128077043497e+01
    1.0250824532670717e+02
    1.0864147048109162e+02
    1.1514360519297981e+02
    1.2206378548761120e+02
    1.2946597272296430e+02
    1.3743639596423111e+02
    1.4609678273579866e+02
    1.5563019756450805e+02
    1.6633869316941883e+02
    1.7880154476374639e+02
    1.9451410277353122e+02
