    7.1315481499569884e-03
    9.0552408077350183e-02
    2.6525164990586286e-01
    5.3129257384935047e-01
    8.8889415830211682e-01
    1.3383590070498685e+00
    1.8800707610942098e+00
    2.5144953073934384e+00
    3.2421828745464376e+00
    4.0637706734169852e+00
    4.9799860421119542e+00
    5.9916501152622548e+00
    7.0996820580846540e+00
    8.3051039181353019e+00
    9.6090461589338609e+00
    1.1012753951771893e+01
    1.2517594315912515e+01
    1.4125064213685230e+01
    1.5836799726327621e+01
    1.7654586459586906e+01
    1.9580371356007539e+01
    2.1616276124690298e+01
    2.3764612540633554e+01
    2.6027899916530856e+01
    2.8408885112661142e+01
    3.0910565528639758e+01
    3.3536215618757097e+01
    3.6289417596379934e+01
    3.9174097150471724e+01
    4.2194565199665703e+01
    4.5355566971606642e+01
    4.8662340038527738e+01
    5.2120683393977679e+01
    5.5737040262806126e+01
    5.9518598158721041e+01
    6.3473410832061994e+01
    6.7610548321644671e+01
    7.1940283547778719e+01
    7.6474327085490017e+01
    8.1226126459538293e+01
    8.6211253361679454e+01
    9.1447913049045013e+01
    9.6957627354562391e+01
    1.0276617076790309e+02
    1.0890488648434712e+02
    1.1541259308632158e+02
    1.2233844802551742e+02
    1.2974644062309156e+02
    1.3772283785444114e+02
    1.4638942122053811e+02
    1.5592933736064037e+02
    1.6664477645865747e+02
    1.7911528211214332e+02
    1.9483691310292346e+02
