    1.7260475376345363e+00
    7.3301240078213048e-01
    4.6647918424869500e-01
    3.0051662330991596e-01
    1.8521955515683480e-01
    1.0702771647483482e-01
    5.7414995101626003e-02
    2.8431208642148518e-02
    1.2947077801876969e-02
    5.4070490120436175e-03
    2.0663772864089186e-03
    7.2128195994271337e-04
    2.2956557343227510e-04
    6.6513656107513146e-05
    1.7515547028564455e-05
    4.1854681621565498e-06
    9.0604342529801432e-07
    1.7737134343124444e-07
    3.1343723584801586e-08
    4.9900353809962013e-09
    7.1422946550781561e-10
    9.1702714516016379e-11
    1.0536389036750253e-11
    1.0805337092172390e-12
    9.8628105540119152e-14
    7.9882990796366501e-15
    5.7221468941775915e-16
    3.6119790227359706e-17
    2.0012360266642358e-18
    9.6903666096304550e-20
    4.0813894998505238e-21
    1.4874042438876238e-22
    4.6632699162722705e-24
    1.2496967364936390e-25
    2.8422664065893823e-27
    5.4424407484690263e-29
    8.6951887147744504e-31
    1.1473429970326754e-32
    1.2359293102183822e-34
    1.0724916937999417e-36
    7.3824314461576227e-39
    3.9590364709998685e-41
    1.6192981961128713e-43
    4.9244648833133025e-46
    1.0795917846556447e-48
    1.6421723056139000e-51
    1.6513190404068795e-54
    1.0308516076012160e-57
    3.6709665882040989e-61
    6.6199369278402471e-65
    5.0567472947621190e-69
    1.2203040169126919e-73
    5.3226860922171249e-79
    1.0126652895164084e-85
