    2.5244491348145006e+00
    8.4467224674703323e-01
    5.0606668271115984e-01
    3.1459862908942321e-01
    1.8907842034256395e-01
    1.0716743361469944e-01
    5.6601927779195496e-02
    2.7667584106679126e-02
    1.2460861500512848e-02
    5.1543264731060447e-03
    1.9532466639180231e-03
    6.7669445377133760e-04
    2.1392778677859647e-04
    6.1605939131518242e-05
    1.6133287009963301e-05
    3.8355975019455144e-06
    8.2642439095934560e-07
    1.6108525486419048e-07
    2.8351486545027889e-08
    4.4967740862574641e-09
    6.4137741270503296e-10
    8.2078929735172885e-11
    9.4015719139366433e-12
    9.6135433486757264e-13
    8.7508946754310474e-14
    7.0693007491627904e-15
    5.0513763313409595e-16
    3.1811033889616737e-17
    1.7585777657076112e-18
    8.4972635602996608e-20
    3.5716090016715345e-21
    1.2990923665930968e-22
    4.0652941075918941e-24
    1.0874994679313260e-25
    2.4691209470532379e-27
    4.7201127690398676e-29
    7.5291265491864367e-31
    9.9194973512087605e-33
    1.0669471365292345e-34
    9.2452020185374963e-37
    6.3549734803198483e-39
    3.4033977148984985e-41
    1.3901905550500511e-43
    4.2222567963383373e-46
    9.2447544440591947e-49
    1.4044783806335519e-51
    1.4105749546379479e-54
    8.7950067423019781e-58
    3.1282283264596195e-61
    5.6344202148247883e-65
    4.2987082623822941e-69
    1.0360753429630079e-73
    4.5131442987248151e-79
    8.5736101122859208e-86
