    3.3733606491644061e+00
    9.3093213472353031e-01
    5.3502274006454964e-01
    3.2463682459972176e-01
    1.9182049812074078e-01
    1.0731593185684808e-01
    5.6090079427665043e-02
    2.7179702483479541e-02
    1.2150687029258162e-02
    4.9938098246815462e-03
    1.8817481025613474e-03
    6.4865417318688825e-04
    2.0413979786875386e-04
    5.8547715376146613e-05
    1.5275505241598144e-05
    3.6193195493845024e-06
    7.7738431641366763e-07
    1.5108794758280123e-07
    2.6520489062219611e-08
    4.1958345037383081e-09
    5.9705413057480193e-10
    7.6239179826495911e-11
    8.7146669993817026e-12
    8.8938411128052670e-13
    8.0809200932691860e-14
    6.5167337526823367e-15
    4.6488695304967868e-16
    2.9230427575299256e-17
    1.6135090281761756e-18
    7.7852290631647436e-20
    3.2678820339822767e-21
    1.1870750401768914e-22
    3.7101320794675867e-24
    9.9130548749372829e-26
    2.2481332451037722e-27
    4.2929116768095413e-29
    6.8403975811977421e-31
    9.0028405138176672e-33
    9.6738797707416633e-35
    8.3744379375466001e-37
    5.7510475148597242e-39
    3.0771683044585103e-41
    1.2558232652850225e-43
    3.8108662017444138e-46
    8.3369539676686976e-49
    1.2655139757489169e-51
    1.2699700660326339e-54
    7.9119391210605343e-58
    2.8118798400412910e-61
    5.0605613960504414e-65
    3.8577543855526476e-69
    9.2902036391782242e-74
    4.0432387901050731e-79
    7.6732565303207504e-86
