    1.0072426687620566e+00
    5.8468382048232292e-01
    4.0937947338624081e-01
    2.7939476736938079e-01
    1.7942208328253670e-01
    1.0701271273170415e-01
    5.8894945545156008e-02
    2.9793474931420021e-02
    1.3817022241853367e-02
    5.8624638735785585e-03
    2.2718800168627803e-03
    8.0292039009812388e-04
    2.5841529574744938e-04
    7.5632370873707650e-05
    2.0100963291673544e-05
    4.8439483868894755e-06
    1.0567624897721463e-06
    2.0836840877996324e-07
    3.7067770288319279e-08
    5.9381305533385889e-09
    8.5488635079273310e-10
    1.1036208667380748e-10
    1.2745443544712882e-11
    1.3134057959223748e-12
    1.2043221330523328e-13
    9.7965243418918234e-15
    7.0462169590235224e-16
    4.4651214577780756e-17
    2.4831127847779185e-18
    1.2066295765179211e-19
    5.0992798171130637e-21
    1.8643763363253017e-22
    5.8632771555576378e-24
    1.5759620172275167e-25
    3.5945712980085514e-27
    6.9019359940948742e-29
    1.1056260589255124e-30
    1.4626314951173886e-32
    1.5794688907647273e-34
    1.3738947160039621e-36
    9.4791644394713561e-39
    5.0949860541642336e-41
    2.0885150305748512e-43
    6.3650849496741487e-46
    1.3983600937550125e-48
    2.1314510200126291e-51
    2.1476871227354211e-54
    1.3434132708885836e-57
    4.7936043201463394e-61
    8.6617360347996300e-65
    6.6298203104317083e-69
    1.6032548602917311e-73
    7.0084480877015294e-79
    1.3367164442133990e-85
