    4.0554884992002908e-03
    8.1361357312008206e-02
    2.5017563611728799e-01
    5.1043993794911890e-01
    8.6236294769710609e-01
    1.3062420263162027e+00
    1.8424565288657320e+00
    2.4714684306510812e+00
    3.1938242800093222e+00
    4.0101577869479632e+00
    4.9211929416164537e+00
    5.9277476660230315e+00
    7.0307380343289285e+00
    8.2311831127422153e+00
    9.5302104823870604e+00
    1.0929062521064107e+01
    1.2429103533878635e+01
    1.4031827839083197e+01
    1.5738868934862177e+01
    1.7552009895960513e+01
    1.9473195176976485e+01
    2.1504544032994101e+01
    2.3648365809548171e+01
    2.5907177404665614e+01
    2.8283723268471689e+01
    3.0780998383957073e+01
    3.3402274770429941e+01
    3.6151132174885319e+01
    3.9031493774051938e+01
    4.2047667912187194e+01
    4.5204397161882973e+01
    4.8506916338276660e+01
    5.1961021550854710e+01
    5.5573152984015394e+01
    5.9350494919475068e+01
    6.3301097641534703e+01
    6.7434027436875240e+01
    7.1759553123008132e+01
    7.6289380740284173e+01
    8.1036952743237023e+01
    8.6017835083335441e+01
    9.1250226429701257e+01
    9.6755640940126028e+01
    1.0255984401199026e+02
    1.0869416786409218e+02
    1.1519741753668431e+02
    1.2211873334216341e+02
    1.2952208223349371e+02
    1.3749370086100689e+02
    1.4615532754872908e+02
    1.5569004325247553e+02
    1.6639992819507415e+02
    1.7886431128769257e+02
    1.9457868468351219e+02
