    5.0813678938565962e-03
    8.3244067119244786e-02
    2.5116125950406815e-01
    5.0882165432487181e-01
    8.5642609080609278e-01
    1.2942577083416398e+00
    1.8226768438396397e+00
    2.4421217328002300e+00
    3.1531103188319669e+00
    3.9562426204619010e+00
    4.8522035716359957e+00
    5.8417663410100094e+00
    6.9257961614317454e+00
    8.1052547141845785e+00
    9.3812051230357643e+00
    1.0754817623780649e+01
    1.2227375986880650e+01
    1.3800284784599055e+01
    1.5475077610311935e+01
    1.7253426377033353e+01
    1.9137151845402705e+01
    2.1128235559374520e+01
    2.3228833401824687e+01
    2.5441291023769708e+01
    2.7768161451865915e+01
    3.0212225241889552e+01
    3.2776513624378964e+01
    3.5464335187031089e+01
    3.8279306762773516e+01
    4.1225389350768026e+01
    4.4306930100957807e+01
    4.7528711656333158e+01
    5.0896010492034073e+01
    5.4414666346606275e+01
    5.8091165450953646e+01
    6.1932741086861263e+01
    6.5947496140989159e+01
    7.0144553899415570e+01
    7.4534245562385834e+01
    7.9128346177247579e+01
    8.3940375414307354e+01
    8.8985986705691147e+01
    9.4283479182120359e+01
    9.9854484104204317e+01
    1.0572490565944757e+02
    1.1192624368522634e+02
    1.1849751008938800e+02
    1.2548810707203594e+02
    1.3296234344456465e+02
    1.4100691939771326e+02
    1.4974423332181442e+02
    1.5935837037865883e+02
    1.7015309199545609e+02
    1.8271100943850303e+02
    1.9853627779017839e+02
