    2.5154032739175380e+00
    8.4282315512919037e-01
    5.0650412672677070e-01
    3.1635927172015849e-01
    1.9135539659162742e-01
    1.0933772742251748e-01
    5.8316200165070858e-02
    2.8835878075196761e-02
    1.3160731466728774e-02
    5.5265619471627754e-03
    2.1300503857223799e-03
    7.5195763322514553e-04
    2.4270383022151156e-04
    7.1500092669537533e-05
    1.9194447885923644e-05
    4.6879203203426219e-06
    1.0399335180253560e-06
    2.0917675100685691e-07
    3.8083075341158552e-08
    6.2639383043313800e-09
    9.2895706713956213e-10
    1.2395221949623138e-10
    1.4846882661404822e-11
    1.5924878844609493e-12
    1.5255674309684308e-13
    1.3015559948980076e-14
    9.8589060092755096e-16
    6.6080239114045330e-17
    3.9048523163190784e-18
    2.0262616089891702e-19
    9.1928109832129835e-21
    3.6289570698922913e-22
    1.2399502320221612e-23
    3.6457199399546703e-25
    9.1645316848851020e-27
    1.9554954954838262e-28
    3.5133571509994187e-30
    5.2670706768952687e-32
    6.5214253528640660e-34
    6.5912746635681442e-36
    5.3657444625045098e-38
    3.4641087031208460e-40
    1.7417664312477507e-42
    6.6763224209433636e-45
    1.9016103056875974e-47
    3.9016108281443345e-50
    5.5488897745429854e-53
    5.2106294662529699e-56
    3.0328407870528509e-59
    1.0049679588327233e-62
    1.6818440578121191e-66
    1.1878884454229266e-70
    2.6365671539111364e-75
    1.0487188568742635e-80
    1.7887110183063641e-87
