    1.0012484567555269e+00
    5.8208050551432067e-01
    4.0884546715290482e-01
    2.8037687511643228e-01
    1.8122388147874588e-01
    1.0897386876388679e-01
    6.0569401840416398e-02
    3.0998194928997583e-02
    1.4569155697175528e-02
    6.2760244201212371e-03
    2.4738400244089182e-03
    8.9095874060468258e-04
    2.9278024741250663e-04
    8.7666676641452880e-05
    2.3885815495232594e-05
    5.9134885917487424e-06
    1.3283195183043516e-06
    2.7029432784854786e-07
    4.9742073558595402e-08
    8.2640003586546945e-09
    1.2371052162870657e-09
    1.6652523835357812e-10
    2.0111652460738605e-11
    2.1740486035027844e-12
    2.0980614126217056e-13
    1.8024911614963657e-14
    1.3743809748478649e-15
    9.2699176949579140e-17
    5.5106671660109744e-18
    2.8758767877724864e-19
    1.3118602940469151e-20
    5.2057510104948791e-22
    1.7876135625126617e-23
    5.2812055125686992e-25
    1.3337038700304498e-26
    2.8584476606090225e-28
    5.1576328317217213e-30
    7.7640348999323899e-32
    9.6514235519857825e-34
    9.7925004398478186e-36
    8.0016336486059673e-38
    5.1846325754500422e-40
    2.6160832726148041e-42
    1.0062260456426251e-44
    2.8756890375522115e-47
    5.9196539417828923e-50
    8.4462681977959922e-53
    7.9567355516193717e-56
    4.6458574430253334e-59
    1.5443047740267085e-62
    2.5925902427160696e-66
    1.8369958827891213e-70
    4.0906816879393704e-75
    1.6327672085825835e-80
    2.7958503003697026e-87
