    3.3632785338625872e+00
    9.2942308737585577e-01
    5.3577643984233358e-01
    3.2662320922258142e-01
    1.9422677465138855e-01
    1.0954106675022383e-01
    5.7814956364849179e-02
    2.8339602483610931e-02
    1.2838409203839924e-02
    5.3565501368134641e-03
    2.0528455532320407e-03
    7.2105471944305867e-04
    2.3167752170325689e-04
    6.7972551175866279e-05
    1.8179461534694187e-05
    4.4248659219612910e-06
    9.7849314131915443e-07
    1.9624599908569262e-07
    3.5632402148563253e-08
    5.8461021252486403e-09
    8.6495158263911334e-10
    1.1515733801590037e-10
    1.3764842643375342e-11
    1.4735427291943124e-12
    1.4090154180949027e-13
    1.2000181365828177e-14
    9.0747241463683397e-16
    6.0728406859430073e-17
    3.5832189310574645e-18
    1.8567050837887930e-19
    8.4120583826465435e-21
    3.3164085709794998e-22
    1.1317394944745361e-23
    3.3235601026947919e-25
    8.3450491668896621e-27
    1.7786590748893118e-28
    3.1922210847298277e-30
    4.7806922697740101e-32
    5.9133033730811445e-34
    5.9708601763126611e-36
    4.8561279407649315e-38
    3.1322471663541209e-40
    1.5735100529290313e-42
    6.0261743905651881e-45
    1.7149812110764303e-47
    3.5157892160401463e-50
    4.9961152686993625e-53
    4.6878008796533102e-56
    2.7263702076154500e-59
    9.0270418572903221e-63
    1.5095110716433702e-66
    1.0653181596453035e-70
    2.3625750475197256e-75
    9.3891856502937005e-81
    1.5998562930967969e-87
