    1.7183266300791251e+00
    7.3078433971211465e-01
    4.6650227656394055e-01
    3.0196345590913948e-01
    1.8731087069260907e-01
    1.0911777885979698e-01
    5.9113877966945005e-02
    2.9612626126956348e-02
    1.3665842017327415e-02
    5.7941353067870616e-03
    2.2521622316842667e-03
    8.0107781109706720e-04
    2.6031323605606540e-04
    7.7158836994330095e-05
    2.0829443961320550e-05
    5.1133137527302378e-06
    1.1396521157435468e-06
    2.3023492294949990e-07
    4.2086792373514873e-08
    6.9486062425896331e-09
    1.0341313746726319e-09
    1.3844228818547007e-10
    1.6634059035799655e-11
    1.7894105447896607e-12
    1.7189599774802370e-13
    1.4703937586508753e-14
    1.1165481901400201e-15
    7.5014421319138102e-17
    4.4427619892940759e-18
    2.3103300903334771e-19
    1.0503046433646690e-20
    4.1543088055902504e-22
    1.4221180522578302e-23
    4.1888639473478678e-25
    1.0548101872602535e-26
    2.2544660930327965e-28
    4.0570080104440765e-30
    6.0915124641606241e-32
    7.5535045666729081e-34
    7.6454774010751847e-36
    6.2326866543710615e-38
    4.0292978289248999e-40
    2.0286367985508161e-42
    7.7859875722884864e-45
    2.2204806351753301e-47
    4.5614942397917964e-50
    6.4952725148104854e-53
    6.1066338027751622e-56
    3.5585762213502255e-59
    1.1805685388795414e-62
    1.9780537627881168e-66
    1.3987747095188095e-70
    3.1084628647751494e-75
    1.2380328868021034e-80
    2.1147287999896947e-87
