    3.9818860064139141e-03
    7.9884399207138121e-02
    2.4563188128292293e-01
    5.0116194944202053e-01
    8.4667165741730421e-01
    1.2824422649058358e+00
    1.8088325773749985e+00
    2.4262794324698240e+00
    3.1352994578993969e+00
    3.9364914197496828e+00
    4.8305390536613801e+00
    5.8182143779879327e+00
    6.9003815184888193e+00
    8.0780010884561761e+00
    9.3521351790345744e+00
    1.0723953025286374e+01
    1.2194737425520822e+01
    1.3765892005237943e+01
    1.5438949433321978e+01
    1.7215580717487963e+01
    1.9097605729193766e+01
    2.1087005136222807e+01
    2.3185933955113491e+01
    2.5396736977091315e+01
    2.7721966372123585e+01
    3.0164401838744546e+01
    3.2727073745770156e+01
    3.5413289810420316e+01
    3.8226665981680924e+01
    4.1171162356053017e+01
    4.4251125156166758e+01
    4.7471336066268819e+01
    5.0837070563488872e+01
    5.4354167339932680e+01
    5.8029111520797137e+01
    6.1869135209924245e+01
    6.5882340028092642e+01
    7.0077847888313855e+01
    7.4465988486685930e+01
    7.9058535205255822e+01
    8.3869005849468167e+01
    8.8913051737177199e+01
    9.4208969569567088e+01
    9.9778387773688422e+01
    1.0564720717709775e+02
    1.1184692355765461e+02
    1.1841654381141454e+02
    1.2540546379194632e+02
    1.3287798402429695e+02
    1.4092079346153142e+02
    1.4965627449003287e+02
    1.5926848792185925e+02
    1.7006115441742213e+02
    1.8261680565075173e+02
    1.9843938664851152e+02
