    6.5138800901097249e-02
    1.3571389412707277e-01
    1.7465545586646711e-01
    1.7847167350921850e-01
    1.5495576364681032e-01
    1.1757323325518892e-01
    7.9077980368547643e-02
    4.7528198255721063e-02
    2.5651364039942559e-02
    1.2469469633297127e-02
    5.4698825933647789e-03
    2.1675947976047055e-03
    7.7639999631959528e-04
    2.5139471120336573e-04
    7.3570150294212231e-05
    1.9449731058487042e-05
    4.6417199498376641e-06
    9.9905588808748173e-07
    1.9370880882968973e-07
    3.3788970463246093e-08
    5.2941782969750285e-09
    7.4381650983863814e-10
    9.3526187092935786e-11
    1.0501806569329035e-11
    1.0505637786174002e-12
    9.3382745879955754e-14
    7.3542788512239408e-15
    5.1151810757153906e-16
    3.1311942436177670e-17
    1.6804103929282021e-18
    7.8729149604476671e-20
    3.2050784943217266e-21
    1.1279184463354287e-22
    3.4116243992766962e-24
    8.8128823539789556e-26
    1.9304304223549413e-27
    3.5571412448010669e-29
    5.4645082813239646e-31
    6.9275112921229648e-33
    7.1636277555902788e-35
    5.9624379108669461e-37
    3.9331589147124099e-39
    2.0195086957816141e-41
    7.9008258642822228e-44
    2.2957989516444538e-46
    4.8034851347051445e-49
    6.9641640426977392e-52
    6.6647535590484126e-55
    3.9526716154688388e-58
    1.3344454588683256e-61
    2.2754143570835916e-65
    1.6378705305112378e-69
    3.7069044882285578e-74
    1.5052271280285882e-79
    2.6281301759981898e-86
