    7.0022745985110343e-03
    8.8910554813736511e-02
    2.6043971526338516e-01
    5.2164669469918878e-01
    8.7273850947521769e-01
    1.3140014332564725e+00
    1.8457983551436077e+00
    2.4685698371071689e+00
    3.1828360112762062e+00
    3.9891989784664315e+00
    4.8883456646199246e+00
    5.8810511504975063e+00
    6.9681825092218039e+00
    8.1507031974139306e+00
    9.4296780554646293e+00
    1.0806278982873653e+01
    1.2281791366393598e+01
    1.3857621352474789e+01
    1.5535304071758988e+01
    1.7316512942723307e+01
    1.9203070204780325e+01
    2.1196958859134408e+01
    2.3300336229670542e+01
    2.5515549397641369e+01
    2.7845152814896711e+01
    3.0291928463444428e+01
    3.2858909007629194e+01
    3.5549404483642874e+01
    3.8367033195437550e+01
    4.1315757644477394e+01
    4.4399926524164883e+01
    4.7624324073395478e+01
    5.0994228428710514e+01
    5.4515481070814268e+01
    5.8194570071579086e+01
    6.2038730674171028e+01
    6.6056067873201926e+01
    7.0255707241335202e+01
    7.4647982483842711e+01
    7.9244671421640319e+01
    8.4059296831132272e+01
    8.9107515666118246e+01
    9.4407631104286324e+01
    9.9981279126376279e+01
    1.0585436951705555e+02
    1.1205840887641524e+02
    1.1863241746159308e+02
    1.2562580804575745e+02
    1.3310290324521412e+02
    1.4115042197267061e+02
    1.4989078928124954e+02
    1.5950813089990149e+02
    1.7030627617431750e+02
    1.8286796897342876e+02
    1.9869771433666460e+02
