    3.2714709301581348e-03
    7.7661283269497325e-02
    2.4196131512154492e-01
    4.9607019523339646e-01
    8.4018246527485918e-01
    1.2745781408641512e+00
    1.7996150089797491e+00
    2.4157289754770348e+00
    3.1234357900449559e+00
    3.9233333827289796e+00
    4.8161046891096024e+00
    5.8025209594643314e+00
    6.8834455803099779e+00
    8.0598384518031772e+00
    9.3327609755823229e+00
    1.0703381718516091e+01
    1.2172982829826370e+01
    1.3742967302902235e+01
    1.5414867189412913e+01
    1.7190352892699106e+01
    1.9071243690631913e+01
    2.1059519666121297e+01
    2.3157335257425096e+01
    2.5367034681886715e+01
    2.7691169537690961e+01
    3.0132518951250287e+01
    3.2694112716298640e+01
    3.5379257969161756e+01
    3.8191570068977150e+01
    4.1135008509937890e+01
    4.4213918895949021e+01
    4.7433082271593619e+01
    5.0797773448172627e+01
    5.4313830419687513e+01
    5.7987737573727038e+01
    6.1826726228372841e+01
    6.5838897160019030e+01
    7.0033371365833290e+01
    7.4420477538677204e+01
    7.9011987949913177e+01
    8.3821419161242076e+01
    8.8864421080474727e+01
    9.4159288788538291e+01
    9.9727648822825984e+01
    1.0559539977023985e+02
    1.1179403470150908e+02
    1.1836255717056831e+02
    1.2535035879883948e+02
    1.3282173458571955e+02
    1.4086336599061744e+02
    1.4959762472799844e+02
    1.5920855537283120e+02
    1.6999985140110999e+02
    1.8255399141255816e+02
    1.9837478036271673e+02
