    2.5065484242448752e+00
    8.4098946408008235e-01
    5.0689359192739059e-01
    3.1804585368106020e-01
    1.9356442741171087e-01
    1.1146468564923048e-01
    6.0014181237898097e-02
    3.0006844460965302e-02
    1.3871604434836411e-02
    5.9103371199258244e-03
    2.3153931375208287e-03
    8.3232192204213623e-04
    2.7405886303608724e-04
    8.2522531198837962e-05
    2.2687977794492833e-05
    5.6864233668955711e-06
    1.2972398000997218e-06
    2.6892839180455128e-07
    5.0577400251742360e-08
    8.6141042222096029e-09
    1.3261187431058704e-09
    1.8416436181884071e-10
    2.3022471045528964e-11
    2.5847960353373773e-12
    2.5999084294365886e-13
    2.3366444261943727e-14
    1.8710344502289743e-15
    1.3306780815389411e-16
    8.3771714911238539e-18
    4.6511028041078236e-19
    2.2683156282401951e-20
    9.6745421847774586e-22
    3.5912121991981593e-23
    1.1540597279505073e-24
    3.1918565940114361e-26
    7.5484887896967692e-28
    1.5154124840311726e-29
    2.5617375226884084e-31
    3.6133592210708957e-33
    4.2090161324520504e-35
    4.0016777649580114e-37
    3.0636881315501777e-39
    1.8595996152142416e-41
    8.7874226387842844e-44
    3.1639865763495625e-46
    8.4599795168911911e-49
    1.6281615178603611e-51
    2.1698753921988508e-54
    1.9070169417660831e-57
    1.0372126213490007e-60
    3.2051559791941795e-64
    4.9889723120802364e-68
    3.2655778091315757e-72
    6.6820708717082514e-77
    2.4298407905861324e-82
    3.7260432605811970e-89
