    9.9539439363931626e-01
    5.7951857362312764e-01
    4.0828726704991808e-01
    2.8129698666150432e-01
    1.8295877627103527e-01
    1.1088692837823723e-01
    6.2222145652020736e-02
    3.2202197360905335e-02
    1.5331216782206685e-02
    6.7014653396589418e-03
    2.6851317093613204e-03
    9.8479244369563033e-04
    3.3016200656212774e-04
    1.0105236468669039e-04
    2.8198962940596849e-05
    7.1647586471312325e-06
    1.6551641826750401e-06
    3.4714276592218266e-07
    6.5996296469338434e-08
    1.1353939422576777e-08
    1.7644469165836123e-09
    2.4721074408065883e-10
    3.1161649863096699e-11
    3.5261006455848072e-12
    3.5730467813732741e-13
    3.2338107902098308e-14
    2.6066876623395522e-15
    1.8656169977916392e-16
    1.1815657641897051e-17
    6.5979137699363256e-19
    3.2354373218613599e-20
    1.3871896467272656e-21
    5.1752007155559862e-23
    1.6711173619742233e-24
    4.6433648515452272e-26
    1.1030224844063692e-27
    2.2239228219300458e-29
    3.7750493146810658e-31
    5.3461072266915959e-33
    6.2515753450569997e-35
    5.9659745127349883e-37
    4.5842291862011847e-39
    2.7924133530049182e-41
    1.3240979458439097e-43
    4.7836044189015964e-46
    1.2832745388545955e-48
    2.4777022062437539e-51
    3.3125612856350437e-54
    2.9203997992316943e-57
    1.5933132040890674e-60
    4.9388105712108388e-64
    7.7113073646261359e-68
    5.0633567064296008e-72
    1.0394213246813873e-76
    3.7926646850354656e-82
    5.8384759626421935e-89
