    3.9109074967839524e-03
    7.8460113567278625e-02
    2.4125028933166714e-01
    4.9221546282050471e-01
    8.3154188303644727e-01
    1.2594958480091234e+00
    1.7764170742115790e+00
    2.3827190594328034e+00
    3.0788906667979083e+00
    3.8654982586155606e+00
    4.7431882714341125e+00
    5.7126902278100511e+00
    6.7748202094300849e+00
    7.9304848294215526e+00
    9.1806857512961351e+00
    1.0526524811304810e+01
    1.1969209811211796e+01
    1.3510061060235131e+01
    1.5150518758644743e+01
    1.6892151331771963e+01
    1.8736664842572388e+01
    2.0685913634149543e+01
    2.2741912381727460e+01
    2.4906849767657189e+01
    2.7183104034689578e+01
    2.9573260723932705e+01
    3.2080132967223385e+01
    3.4706784782480767e+01
    3.7456557919478485e+01
    4.0333102928391007e+01
    4.3340415282565708e+01
    4.6482877591316004e+01
    4.9765309203389180e+01
    5.3193024848404917e+01
    5.6771904422035341e+01
    6.0508476633969124e+01
    6.4410020068195621e+01
    6.8484686344898947e+01
    7.2741651660454707e+01
    7.7191305228001724e+01
    8.1845486375887546e+01
    8.6717786812390642e+01
    9.1823941697189397e+01
    9.7182344131641358e+01
    1.0281473503182002e+02
    1.0874714867081742e+02
    1.1501124211756725e+02
    1.2164622145763187e+02
    1.2870173484714036e+02
    1.3624241229651491e+02
    1.4435538966431594e+02
    1.5316368585846385e+02
    1.6285233021207716e+02
    1.7372666495130497e+02
    1.8637238765227758e+02
    2.0230179833154585e+02
