    3.3534035789614487e+00
    9.2792017185994946e-01
    5.3647537943951606e-01
    3.2853249302050508e-01
    1.9656500345221165e-01
    1.1172413980360800e-01
    5.9524885276808374e-02
    2.9502976923690281e-02
    1.3537372866257611e-02
    5.7307409546401801e-03
    2.2322956676335470e-03
    7.9839761048829756e-04
    2.6169589255771415e-04
    7.8476259905354588e-05
    2.1494790998311892e-05
    5.3688915418477479e-06
    1.2209327740618382e-06
    2.5236974396101409e-07
    4.7334413366052986e-08
    8.0413847043674020e-09
    1.2350227189139601e-09
    1.7113311917020692e-10
    2.1348828715945394e-11
    2.3921818177053699e-12
    2.4017016114953750e-13
    2.1547147043286016e-14
    1.7224808159421766e-15
    1.2230862304873974e-16
    7.6882233424834351e-18
    4.2624514156217131e-19
    2.0759167772103451e-20
    8.8423096173999524e-22
    3.2781524958008405e-23
    1.0521831453384298e-24
    2.9067116917114974e-26
    6.8664649842276493e-28
    1.3770076997291079e-29
    2.3253529465427153e-31
    3.2766448543130914e-33
    3.8130888584803417e-35
    3.6218429204891028e-37
    2.7703539181342615e-39
    1.6800585218379141e-41
    7.9321483972313334e-44
    2.8536284640915941e-46
    7.6238392342890025e-49
    1.4660562626516045e-51
    1.9522825773668672e-54
    1.7144385279301021e-57
    9.3174683565747454e-61
    2.8770243273595799e-64
    4.4747495751128302e-68
    2.9266885060125934e-72
    5.9837885966765489e-77
    2.1740556141175444e-82
    3.3305701653608408e-89
