    1.7107753272083517e+00
    7.2858327103305387e-01
    4.6648690766307543e-01
    3.0334077581024987e-01
    1.8933451863898049e-01
    1.1116266031863888e-01
    6.0794447209350400e-02
    3.0795480376796733e-02
    1.4395229801071928e-02
    6.1928924592428054e-03
    2.4467744657920062e-03
    8.8622367432009282e-04
    2.9379542401100080e-04
    8.9010992048026223e-05
    2.4609340433333607e-05
    6.1997372349903766e-06
    1.4210463747917784e-06
    2.9588623106273181e-07
    5.5873948112935033e-08
    9.5522968069459783e-09
    1.4757678628775036e-09
    2.0562855757565182e-10
    2.5786107937935141e-11
    2.9036099336922836e-12
    2.9287177050608995e-13
    2.6390961949714439e-14
    2.1185013868801239e-15
    1.5102559143601132e-16
    9.5291929998102501e-18
    5.3021300546790827e-19
    2.5911450915061453e-20
    1.1073215916440234e-21
    4.1181646070910510e-23
    1.3257970258557817e-24
    3.6732246780452908e-26
    8.7014368794482621e-28
    1.7496943015445159e-29
    2.9623865531810978e-31
    4.1847664203440852e-33
    4.8817162910976615e-35
    4.6477888254230898e-37
    3.5632241228152977e-39
    2.1656875637599723e-41
    1.0247089789149876e-43
    3.6942193468340677e-46
    9.8899523119532069e-49
    1.9056738510329120e-51
    2.5427467959856281e-54
    2.2373452322609746e-57
    1.2182922146691103e-60
    3.7690846439148699e-64
    5.8735720988073247e-68
    3.8491286051159532e-72
    7.8856922528915360e-77
    2.8712066758480263e-82
    4.4092737598971690e-89
