        0.0000000000000000
        0.0000000000000000
        0.0000000000000000
        0.0000000000000000
        0.0000000000000000
        0.0000000000000000
        0.0000000000000000
        0.0000000000000000
        0.0000000000000000
        0.0000000000000013
        0.0000000000000625
        0.0000000000021642
        0.0000000000560140
        0.0000000011062007
        0.0000000169543243
        0.0000002045446454
        0.0000019657534004
        0.0000152010814923
        0.0000953959910478
        0.0004893729356571
        0.0020647475636031
        0.0072020522320410
        0.0208585741401579
        0.0503383974248162
        0.1015193927179871
        0.1714772476212715
        0.2429892709927236
        0.2891750843351476
        0.2891750843351497
        0.2429892709927235
        0.1714772476212710
        0.1015193927179871
        0.0503383974248161
        0.0208585741401578
        0.0072020522320411
        0.0020647475636031
        0.0004893729356570
        0.0000953959910478
        0.0000152010814923
        0.0000019657534004
        0.0000002045446454
        0.0000000169543243
        0.0000000011062007
        0.0000000000560140
        0.0000000000021642
        0.0000000000000625
        0.0000000000000013
        0.0000000000000000
        0.0000000000000000
        0.0000000000000000
        0.0000000000000000
        0.0000000000000000
        0.0000000000000000
        0.0000000000000000
        0.0000000000000000
        0.0000000000000000
