       -9.7793021663403259
       -9.1330950706121108
       -8.5976461414362078
       -8.1193580087474757
       -7.6777841753281599
       -7.2623960212867900
       -6.8668785666252834
       -6.4870683517446253
       -6.1200358061419955
       -5.7636184744715742
       -5.4161600667900451
       -5.0763538899639915
       -4.7431435831181288
       -4.4156573291002168
       -4.0931626262997964
       -3.7750342196411255
       -3.4607307491477970
       -3.1497773444199688
       -2.8417523763809909
       -2.5362771776597755
       -2.2330079208452420
       -1.9316290883640062
       -1.6318481297059444
       -1.3333910111792093
       -1.0359984385570029
       -0.7394225852343009
       -0.4434241950503534
       -0.1477699543942012
        0.1477699543942014
        0.4434241950503531
        0.7394225852343008
        1.0359984385570020
        1.3333910111792087
        1.6318481297059442
        1.9316290883640084
        2.2330079208452407
        2.5362771776597737
        2.8417523763809949
        3.1497773444199679
        3.4607307491477974
        3.7750342196411228
        4.0931626262997982
        4.4156573291002177
        4.7431435831181288
        5.0763538899639968
        5.4161600667900451
        5.7636184744715777
        6.1200358061419893
        6.4870683517446217
        6.8668785666252870
        7.2623960212867873
        7.6777841753281626
        8.1193580087474793
        8.5976461414362113
        9.1330950706121090
        9.7793021663403223
