    3.2131385249115668e-03
    7.6276229787706373e-02
    2.3764395577079561e-01
    4.8721208871621657e-01
    8.2516444422614832e-01
    1.2517661298787650e+00
    1.7673558911250984e+00
    2.3723463379782475e+00
    3.0672254968975743e+00
    3.8525589332454100e+00
    4.7289923206251618e+00
    5.6972544488875592e+00
    6.7581606943100248e+00
    7.9126169893742562e+00
    9.1616243394144465e+00
    1.0506283942830894e+01
    1.1947802981828739e+01
    1.3487501162397846e+01
    1.5126818096000113e+01
    1.6867321631696299e+01
    1.8710717266835005e+01
    2.0658858787689717e+01
    2.2713760319511429e+01
    2.4877609999557880e+01
    2.7152785528306602e+01
    2.9541871905239624e+01
    3.2047681718895660e+01
    3.4673278439717215e+01
    3.7422003263080782e+01
    4.0297506174807921e+01
    4.3303782070537402e+01
    4.6445212964665728e+01
    4.9726617589399680e+01
    5.3153310031078682e+01
    5.6731169509358509e+01
    6.0466724018071631e+01
    6.4367251376998311e+01
    6.8440902383441497e+01
    7.2696852339563392e+01
    7.7145489477229887e+01
    8.1798652036650779e+01
    8.6669930505797893e+01
    9.1775058659023571e+01
    9.7132428003930343e+01
    1.0276377759589639e+02
    1.0869513949969925e+02
    1.1495816811415604e+02
    1.2159206622628662e+02
    1.2864647781307286e+02
    1.3618602742623889e+02
    1.4429784351919261e+02
    1.5310493445167737e+02
    1.6279231350582373e+02
    1.7366529603330821e+02
    1.8630952714144965e+02
    2.0223716838362643e+02
