    4.9908309755448176e-03
    8.1760530483331331e-02
    2.4668296763069938e-01
    4.9974229611795340e-01
    8.4112843232510603e-01
    1.2711094734463384e+00
    1.7900265962627875e+00
    2.3982946305160100e+00
    3.0964036933294778e+00
    3.8849213409412156e+00
    4.7644951526557220e+00
    5.7358557483933339e+00
    6.7998202662879663e+00
    7.9572963388252624e+00
    9.2092866152413038e+00
    1.0556893887093935e+01
    1.2001326884089378e+01
    1.3543906818961803e+01
    1.5186074773934610e+01
    1.6929400037549645e+01
    1.8775589520037762e+01
    2.0726498398668198e+01
    2.2784142172597388e+01
    2.4950710340837379e+01
    2.7228581958615163e+01
    2.9620343378585304e+01
    3.2128808546677426e+01
    3.4757042301206212e+01
    3.7508387222753299e+01
    4.0386494707263566e+01
    4.3395361093914033e+01
    4.6539369883683008e+01
    4.9823341349437101e+01
    5.3252591185041958e+01
    5.6833000299531733e+01
    6.0571098475726629e+01
    6.4474165443281791e+01
    6.8550354056055824e+01
    7.2808841851091842e+01
    7.7260019512774520e+01
    8.1915728000975946e+01
    8.6789560853723799e+01
    9.1897255307935211e+01
    9.7257206854793040e+01
    1.0289115920053180e+02
    1.0882514992972791e+02
    1.1509084011535731e+02
    1.2172744078946168e+02
    1.2878460637526567e+02
    1.3632697506918288e+02
    1.4444169383478325e+02
    1.5325179739844580e+02
    1.6294233916404633e+02
    1.7381870165990165e+02
    1.8646666114672018e+02
    2.0239872528630602e+02
