    6.8776042998863942e-03
    8.7327187006109405e-02
    2.5579932053437082e-01
    5.1234508092365272e-01
    8.5716036768125092e-01
    1.2905162784263526e+00
    1.8127564239373242e+00
    2.4242978509688222e+00
    3.1256327623716649e+00
    3.9173306995112678e+00
    4.8000411414430699e+00
    5.7744965322758972e+00
    6.8415157663091382e+00
    8.0020081705831636e+00
    9.2569780330466944e+00
    1.0607529733487050e+01
    1.2054873544437605e+01
    1.3600332180945669e+01
    1.5245348191794417e+01
    1.6991492301020696e+01
    1.8840472827953214e+01
    2.0794146337260358e+01
    2.2854529698582326e+01
    2.5023813769425757e+01
    2.7304378956657288e+01
    2.9698812963132760e+01
    3.2209931089328393e+01
    3.4840799538703436e+01
    3.7594762274422884e+01
    4.0475472100028796e+01
    4.3486926795796109e+01
    4.6633511346919640e+01
    4.9920047564625641e+01
    5.3351852748059727e+01
    5.6934809493431082e+01
    6.0675449370374174e+01
    6.4581054016262598e+01
    6.8659778339355753e+01
    7.2920802109405486e+01
    7.7374518461107158e+01
    8.2032771071722721e+01
    8.6909156526970762e+01
    9.2019415523833800e+01
    9.7381947534389283e+01
    1.0301850091278912e+02
    1.0895511876012000e+02
    1.1522346881974678e+02
    1.2186277036428777e+02
    1.2892268825779664e+02
    1.3646787433452948e+02
    1.4458549405915892e+02
    1.5339860851202360e+02
    1.6309231119966844e+02
    1.7397205179527259e+02
    1.8662373765083609e+02
    2.0256022237168384e+02
