    2.4978773210532643e+00
    8.3917144348868600e-01
    5.0723808265388270e-01
    3.1966188706816834e-01
    1.9570784461951726e-01
    1.1354893152293082e-01
    6.1695271088011622e-02
    3.1179495403625655e-02
    1.4592707457357686e-02
    6.3052818239287050e-03
    2.5092136265748052e-03
    9.1786635364550387e-04
    3.0809238396712875e-04
    9.4744492351588833e-05
    2.6652684601903292e-05
    6.8484825259457722e-06
    1.6049499013729837e-06
    3.4250984478546025e-07
    6.6455949379935937e-08
    1.1703473809593437e-08
    1.8674356215526067e-09
    2.6946873577917115e-10
    3.5093803527623038e-11
    4.1160232471783386e-12
    4.3375842542384076e-13
    4.0969605792180971e-14
    3.4590397790674602e-15
    2.6029813726486418e-16
    1.7403843255365376e-17
    1.0303807007498341e-18
    5.3816784842611160e-20
    2.4697190652914151e-21
    9.9143489185895914e-23
    3.4646382004712512e-24
    1.0483504569751933e-25
    2.7305193975289698e-27
    6.0817800487462052e-29
    1.1499974504604231e-30
    1.8310587268740058e-32
    2.4325655658031283e-34
    2.6685750676904689e-36
    2.3890138824787702e-38
    1.7218698561604891e-40
    9.8360507638980617e-43
    4.3725432980368917e-45
    1.4803238468641457e-47
    3.7193115634312578e-50
    6.7207074902669778e-53
    8.4012686067551328e-56
    6.9170022450921949e-59
    3.5188803503408303e-62
    1.0150520102501287e-65
    1.4709893728822454e-69
    8.9322395858812833e-74
    1.6867938003085388e-78
    5.6140105849625225e-84
    7.7500847563970371e-91
