    2.5144886226461553e-02
    1.3250752632857532e-01
    3.2574536868119763e-01
    6.0504597778607239e-01
    9.7062437105807042e-01
    1.4227575278145779e+00
    1.9617887050585514e+00
    2.5881294742470842e+00
    3.3022616342983540e+00
    4.1047393474374045e+00
    4.9961915928258698e+00
    5.9773249849105472e+00
    7.0489269946120814e+00
    8.2118696127286235e+00
    9.4671134997156621e+00
    1.0815712672666688e+01
    1.2258819788492438e+01
    1.3797692092028534e+01
    1.5433698109321684e+01
    1.7168325180002316e+01
    1.9003187938904187e+01
    2.0940037876523000e+01
    2.2980774131259167e+01
    2.5127455694604503e+01
    2.7382315244712217e+01
    2.9747774865678835e+01
    3.2226463961365468e+01
    3.4821239736297258e+01
    3.7535210695532115e+01
    4.0371763714913328e+01
    4.3334595358880435e+01
    4.6427748283193843e+01
    4.9655653765676412e+01
    5.3023181674770491e+01
    5.6535699534771723e+01
    6.0199142808291782e+01
    6.4020099134109742e+01
    6.8005910094951147e+01
    7.2164795237621618e+01
    7.6506004666488934e+01
    8.1040008793457744e+01
    8.5778737085786972e+01
    9.0735882438719003e+01
    9.5927294983991956e+01
    1.0137150019733521e+02
    1.0709039364775023e+02
    1.1311019326357605e+02
    1.1946277828773664e+02
    1.2618762938575539e+02
    1.3333474271726743e+02
    1.4096920296896721e+02
    1.4917876292867209e+02
    1.5808732040612279e+02
    1.6788124226141946e+02
    1.7886811025150723e+02
    1.9163799430383992e+02
    2.0771473231330762e+02
