    3.8424151072167559e-03
    7.7085731784850051e-02
    2.3702232835615752e-01
    4.8358301084703692e-01
    8.1694397815552278e-01
    1.2373576070762400e+00
    1.7451458578751815e+00
    2.3407005278159532e+00
    3.0244846797672023e+00
    3.7970345842512843e+00
    4.6589620656569490e+00
    5.6109572450821403e+00
    6.6537917002567513e+00
    7.7883220752043867e+00
    9.0154941808541658e+00
    1.0336347635925669e+01
    1.1752021106192803e+01
    1.3263758210238343e+01
    1.4872914171459794e+01
    1.6580963309802666e+01
    1.8389507482969812e+01
    2.0300285606284568e+01
    2.2315184403717740e+01
    2.4436250570767672e+01
    2.6665704564112037e+01
    2.9005956274769762e+01
    3.1459622892922209e+01
    3.4029549336140441e+01
    3.6718831691970138e+01
    3.9530844225163996e+01
    4.2469270625370932e+01
    4.5538140330964538e+01
    4.8741870970041646e+01
    5.2085318225792605e+01
    5.5573834781823763e+01
    5.9213340463785102e+01
    6.3010406310032849e+01
    6.6972356138764482e+01
    7.1107390324637365e+01
    7.5424738093222018e+01
    7.9934846899194113e+01
    8.4649620705733724e+01
    8.9582723758409770e+01
    9.4749973616144942e+01
    1.0016985823103072e+02
    1.0586422931214371e+02
    1.1185925268114828e+02
    1.1818674452353181e+02
    1.2488610755065585e+02
    1.3200723909928737e+02
    1.3961509471714908e+02
    1.4779725194476529e+02
    1.5667735890319432e+02
    1.6644140244954622e+02
    1.7739632805450364e+02
    1.9013096339846024e+02
    2.0616586842013712e+02
