    4.9034638550952830e-03
    8.0328951568693310e-02
    2.4236163177847217e-01
    4.9098150633195436e-01
    8.2636832994059550e-01
    1.2487762030439851e+00
    1.7585284795763851e+00
    2.3560182269963668e+00
    3.0417097041329950e+00
    3.8161403205503710e+00
    4.6799229912635942e+00
    5.6337488850407755e+00
    6.6783905885163506e+00
    7.8147057194174350e+00
    9.0436410303828705e+00
    1.0366237052826730e+01
    1.1783633339023899e+01
    1.3297074370575690e+01
    1.4907916213051296e+01
    1.6617634010309910e+01
    1.8427830428280053e+01
    2.0340245177400185e+01
    2.2356765766258778e+01
    2.4479439667152938e+01
    2.6710488108516994e+01
    2.9052321750997283e+01
    3.1507558555364309e+01
    3.4079044214059095e+01
    3.6769875597384647e+01
    3.9583427764702236e+01
    4.2523385216528752e+01
    4.5593778223320122e+01
    4.8799025272104515e+01
    5.2143982938327284e+01
    5.5634004838694473e+01
    5.9275011781631278e+01
    6.3073575848425151e+01
    6.7037021972935179e+01
    7.1173551733469552e+01
    7.5492395665973334e+01
    8.0004002665511379e+01
    8.4720278295008228e+01
    8.9654888596636070e+01
    9.4823653171479933e+01
    1.0024506232371701e+02
    1.0594097051120407e+02
    1.1193754682073097e+02
    1.1826661138860368e+02
    1.2496757180982380e+02
    1.3209033161163632e+02
    1.3969985443075851e+02
    1.4788372878427685e+02
    1.5676561843187187e+02
    1.6653153403066841e+02
    1.7748846090231427e+02
    1.9022530453002273e+02
    2.0626283015602630e+02
