    3.1568498871449658e-03
    7.4939719366538052e-02
    2.3347801739043691e-01
    4.7866499938191215e-01
    8.1067450512972350e-01
    1.2297577712585304e+00
    1.7362358314771376e+00
    2.3304996365161528e+00
    3.0130114513501316e+00
    3.7843067862263751e+00
    4.6449967374182570e+00
    5.5957707265190271e+00
    6.6373996576119776e+00
    7.7707395245745312e+00
    8.9967355095602350e+00
    1.0316426621901050e+01
    1.1730950935490355e+01
    1.3241551492728929e+01
    1.4849582954772131e+01
    1.6556519091534877e+01
    1.8363961221185477e+01
    2.0273647728288086e+01
    2.2287464813085222e+01
    2.4407458652590115e+01
    2.6635849188384775e+01
    2.8975045797838206e+01
    3.1427665156864933e+01
    3.3996551665937375e+01
    3.6684800890264682e+01
    3.9495786564380289e+01
    4.2433191836891439e+01
    4.5501045591001564e+01
    4.8703764881750807e+01
    5.2046204797068413e+01
    5.5533717398078771e+01
    5.9172221854839414e+01
    6.2968288510015277e+01
    6.6929240437627470e+01
    7.1063277209496462e+01
    7.5379627177202707e+01
    7.9888736834747249e+01
    8.4602509078385253e+01
    8.9534606955502284e+01
    9.4700846663105665e+01
    1.0011971458471787e+02
    1.0581306059633387e+02
    1.1180704834223749e+02
    1.1813349137331276e+02
    1.2483178914430462e+02
    1.3195183486394862e+02
    1.3955857868598000e+02
    1.4773959083145814e+02
    1.5661850899323341e+02
    1.6638130415803235e+02
    1.7733489522305041e+02
    1.9006805798805954e+02
    2.0610121549070354e+02
