    6.7572956812236677e-03
    8.5799233958191695e-02
    2.5132145031520803e-01
    5.0336961200978925e-01
    8.4212927366599633e-01
    1.2678574106196518e+00
    1.7808797000612000e+00
    2.3815913238808331e+00
    3.0704585302506384e+00
    3.8480206227134621e+00
    4.7148923294637628e+00
    5.6717665609266188e+00
    6.7194175809354650e+00
    7.8587046259336191e+00
    9.0905760141499083e+00
    1.0416073794426545e+01
    1.1836338993001450e+01
    1.3352617526484126e+01
    1.4966266860879204e+01
    1.6678763510213582e+01
    1.8491711484588233e+01
    2.0406851816904705e+01
    2.2426073320850335e+01
    2.4551424760911928e+01
    2.6785128649423637e+01
    2.9129596927487579e+01
    3.1587448838029498e+01
    3.4161531362869297e+01
    3.6854942674915520e+01
    3.9671059155961096e+01
    4.2613566656119076e+01
    4.5686496830859035e+01
    4.8894269597021761e+01
    5.2241743015449018e+01
    5.5734272256353947e+01
    5.9377779764488778e+01
    6.3178839357746334e+01
    6.7144777827816512e+01
    7.1283798757483467e+01
    7.5605134865024638e+01
    8.0119237444494090e+01
    8.4838014723346319e+01
    8.9775135736304733e+01
    9.4946423486162544e+01
    1.0037037219519694e+02
    1.0606884090032192e+02
    1.1206800412768520e+02
    1.1839968859539471e+02
    1.2510331003443042e+02
    1.3222878228532164e+02
    1.3984108246114698e+02
    1.4802781736624553e+02
    1.5691267681483274e+02
    1.6668171111591511e+02
    1.7764197198472272e+02
    1.9038249452757071e+02
    2.0642438603103281e+02
