    3.3437280182002351e+00
    9.2642404551062274e-01
    5.3712278522384249e-01
    3.3036822019900963e-01
    1.9883744244684481e-01
    1.1386569281847643e-01
    6.1219228883743787e-02
    3.0668843535636901e-02
    1.4246828560400165e-02
    6.1160323651630833e-03
    2.4200468112710164e-03
    8.8076323919316409e-04
    2.9429222863719504e-04
    9.0127577679098662e-05
    2.5258630601136705e-05
    6.4679232960497007e-06
    1.5109563749928951e-06
    3.2150427577608214e-07
    6.2210220028656451e-08
    1.0927917113625328e-08
    1.7395413948238551e-09
    2.5045421920772794e-10
    3.2549111208585085e-11
    3.8100227109514281e-12
    4.0076169011148953e-13
    3.7786078417320642e-14
    3.1849076140140047e-15
    2.3928735950725595e-16
    1.5974765411177051e-17
    9.4440492479826779e-19
    4.9258102283378988e-20
    2.2575269323098591e-21
    9.0510540819131831e-23
    3.1591102084514773e-24
    9.5478599756417115e-26
    2.4840294553470190e-27
    5.5267777505925495e-29
    1.0439618116461131e-30
    1.6605497899029287e-32
    2.2038925780519742e-34
    2.4154320998124116e-36
    2.1604087885538163e-38
    1.5557177061526788e-40
    8.8792211405172161e-43
    3.9438590441907845e-45
    1.3340919212679244e-47
    3.3491992843458467e-50
    6.0471327402901845e-53
    7.5533750919925198e-56
    6.2141274413824432e-59
    3.1588990857614227e-62
    9.1052051384880472e-66
    1.3184994722528662e-69
    8.0000946809321088e-74
    1.5095616393015593e-78
    5.0199009548567765e-84
    6.9232810634835108e-91
