    1.7033870403200881e+00
    7.2640895758829183e-01
    4.6643575920967389e-01
    3.0465204005456387e-01
    1.9129293739461231e-01
    1.1316310757586273e-01
    6.2456161958469592e-02
    3.1978776478173800e-02
    1.5134432340558418e-02
    6.6029185855913525e-03
    2.6501372273799858e-03
    9.7679618742902460e-04
    3.3011495699416930e-04
    1.0214528725966227e-04
    2.8896699480238917e-05
    7.4634740734958150e-06
    1.7574023604632660e-06
    3.7669662633206785e-07
    7.3388129022729189e-08
    1.2973578513716973e-08
    2.0774783746986635e-09
    3.0078010204363961e-10
    3.9294751685757598e-11
    4.6223961001659090e-12
    4.8848537046454096e-13
    4.6261011808466539e-14
    3.9156114972238402e-15
    2.9536004039234374e-16
    1.9793055113202093e-17
    1.1743746690468367e-18
    6.1464710008623781e-20
    2.8262840725046566e-21
    1.1367280084168485e-22
    3.9796138254553986e-24
    1.2062829645003247e-25
    3.1471600761822648e-27
    7.0211520018196822e-29
    1.3297003073562712e-30
    2.1203877178607829e-32
    2.8210593060076864e-34
    3.0991445972335952e-36
    2.7782890416180866e-38
    2.0051110104208659e-40
    1.1468922085635760e-42
    5.1048791586208833e-45
    1.7303929081341728e-47
    4.3528704336958522e-50
    7.8748699102565794e-53
    9.8555329106952372e-56
    8.1236920665991700e-59
    4.1374800825812752e-62
    1.1948512598507421e-65
    1.7335286863362860e-69
    1.0538645246007345e-73
    1.9925292699709577e-78
    6.6399644126612906e-84
    9.1795827860171311e-91
