    9.8967484536704708e-01
    5.7699710661713799e-01
    4.0770704405529773e-01
    2.8215845078611024e-01
    1.8462937294165233e-01
    1.1275284800298548e-01
    6.3852742862870168e-02
    3.3404479413463854e-02
    1.6102335221672832e-02
    7.1383281071434618e-03
    2.9056496881911310e-03
    1.0844930771851265e-03
    3.7066904424902492e-04
    1.1587164625804742e-04
    3.3086723642605488e-05
    8.6190113026825786e-06
    2.0455372749125158e-06
    4.4166516469580733e-07
    8.6629985961109678e-08
    1.5411483396943819e-08
    2.4824821740856434e-09
    3.6141386231452009e-10
    4.7462787447376269e-11
    5.6107308775905115e-12
    5.9568952934990312e-13
    5.6662099543135747e-14
    4.8160224195278518e-15
    3.6472239995726351e-16
    2.4533699412705161e-17
    1.4609004663573504e-18
    7.6724424417784590e-20
    3.5395891776515685e-21
    1.4281145623904368e-22
    5.0148900744216006e-24
    1.5245168692032604e-25
    3.9885647194350173e-27
    8.9222944882867440e-29
    1.6941468240693325e-30
    2.7083407593308053e-32
    3.6120635199551804e-34
    3.9774718308891916e-36
    3.5738329081759804e-38
    2.5849883177958306e-40
    1.4817680050435918e-42
    6.6093218027311313e-45
    2.2449601308262191e-47
    5.6586536342170701e-50
    1.0257409074344818e-52
    1.2862264592734626e-55
    1.0622407420305877e-58
    5.4203868979198078e-62
    1.5683038817759229e-65
    2.2796724835687512e-69
    1.3885544234931014e-73
    2.6305413409407691e-78
    8.7845790679803647e-84
    1.2173525327437361e-90
