       -9.8755270017367618
       -9.2313849407386641
       -8.6977298758606274
       -8.2211122660677258
       -7.7811416453356976
       -7.3673183767785728
       -6.9733451542956217
       -6.5950705250038846
       -6.2295737517233496
       -5.8746993020212521
       -5.5287966039093686
       -5.1905639023838308
       -4.8589492677211483
       -4.5330849920738174
       -4.2122424936406189
       -3.8958003472863800
       -3.5832210121368786
       -3.2740334921948349
       -2.9678201464818930
       -2.6642064637087923
       -2.3628529934485312
       -2.0634488697846303
       -1.7657065251132757
       -1.4693573011471881
       -1.1741477394031901
       -0.8798363858917305
       -0.5861909815719066
       -0.2929859360477885
       -0.0000000000000000
        0.2929859360477889
        0.5861909815719071
        0.8798363858917311
        1.1741477394031903
        1.4693573011471868
        1.7657065251132751
        2.0634488697846312
        2.3628529934485325
        2.6642064637087897
        2.9678201464818943
        3.2740334921948349
        3.5832210121368755
        3.8958003472863809
        4.2122424936406198
        4.5330849920738112
        4.8589492677211465
        5.1905639023838397
        5.5287966039093659
        5.8746993020212557
        6.2295737517233487
        6.5950705250038881
        6.9733451542956217
        7.3673183767785817
        7.7811416453356967
        8.2211122660677169
        8.6977298758606310
        9.2313849407386588
        9.8755270017367582
