    9.8408449588643787e-01
    5.7451519806508622e-01
    4.0710679270363564e-01
    2.8296440974396952e-01
    1.8623817015443986e-01
    1.1457260187510647e-01
    6.5460840666533016e-02
    3.4604110217052002e-02
    1.6881670152762512e-02
    7.5861488556958449e-03
    3.1352709822914035e-03
    1.1901181785423359e-03
    4.1440353852400651e-04
    1.3220580431340918e-04
    3.8596510134900666e-05
    1.0298695652195637e-05
    2.5084174492626137e-06
    5.5695598609119880e-07
    1.1257260836676323e-07
    2.0681615053729185e-08
    3.4481145375249411e-09
    5.2081261441808356e-10
    7.1135616545248575e-11
    8.7688433536550691e-12
    9.7347669856195450e-13
    9.7105394259769825e-14
    8.6820652596304671e-15
    6.9391250626145131e-16
    4.9434715785605786e-17
    3.1292619081265173e-18
    1.7540927139210123e-19
    8.6746068689612871e-21
    3.7693925970098076e-22
    1.4328090809743327e-23
    4.7411476783433091e-25
    1.3583945168495427e-26
    3.3499679039980312e-28
    7.0643518242574275e-30
    1.2645658599032751e-31
    1.9058603779121239e-33
    2.3961897861896682e-35
    2.4871808549685052e-37
    2.1061929884188198e-39
    1.4354394200389625e-41
    7.7505540301837909e-44
    3.2550629020585725e-46
    1.0404895540114747e-48
    2.4665475127911070e-51
    4.2015950792802073e-54
    4.9461018791285723e-57
    3.8300123363755760e-60
    1.8296264122781508e-63
    4.9459716750276967e-67
    6.6995894436367605e-71
    3.7892047740040703e-75
    6.6314478450302837e-80
    2.0290396602306364e-85
    2.5344509869892098e-92
