    3.7762804661229019e-03
    7.5758675965293551e-02
    2.3294005484852343e-01
    4.7524833308000081e-01
    8.0285034962937496e-01
    1.2159855115205143e+00
    1.7149592410112593e+00
    2.3001431322266681e+00
    2.9719762405835031e+00
    3.7309668529573150e+00
    4.5776946289847711e+00
    5.5128131034121663e+00
    6.5370525663551327e+00
    7.6512233496968145e+00
    8.8562195555061383e+00
    1.0153023269442521e+01
    1.1542709309685470e+01
    1.3026450570490885e+01
    1.4605524029389207e+01
    1.6281317498657039e+01
    1.8055337215411615e+01
    1.9929216380978229e+01
    2.1904724779661571e+01
    2.3983779630460845e+01
    2.6168457853551594e+01
    2.8461009967723388e+01
    3.0863875876959892e+01
    3.3379702855983126e+01
    3.6011366108470675e+01
    3.8761992351224201e+01
    4.1634986977374304e+01
    4.4634065477823391e+01
    4.7763289960771047e+01
    5.1027111815512278e+01
    5.4430421834172328e+01
    5.7978609455133785e+01
    6.1677633254967802e+01
    6.5534105435123365e+01
    6.9555393888512299e+01
    7.3749746582454634e+01
    7.8126444597846614e+01
    8.2695992433405053e+01
    8.7470357451976469e+01
    9.2463275146135430e+01
    9.7690644106468056e+01
    1.0317104566205764e+02
    1.0892644069657197e+02
    1.1498312476441609e+02
    1.2137307107997360e+02
    1.2813587651245945e+02
    1.3532168456676203e+02
    1.4299577251037019e+02
    1.5124615450643481e+02
    1.6019710080119438e+02
    1.7003554510020786e+02
    1.8107001832213416e+02
    1.9389244346773327e+02
    2.1003154801767360e+02
