    6.1880568099543030e-02
    1.2965901944344313e-01
    1.6857733961385934e-01
    1.7482792827917740e-01
    1.5476560506066289e-01
    1.2028752307222559e-01
    8.3264064602613791e-02
    5.1750808771791786e-02
    2.9023407188661209e-02
    1.4733518932618156e-02
    6.7834612965127685e-03
    2.8360412658565044e-03
    1.0774220737202786e-03
    3.7204267281271055e-04
    1.1676644781541889e-04
    3.3299271051561012e-05
    8.6242223631101357e-06
    2.0270567621875281e-06
    4.3200283324881361e-07
    8.3391506540696432e-08
    1.4562609941404487e-08
    2.2973891202086769e-09
    3.2691189475997051e-10
    4.1886632211128492e-11
    4.8232300468803047e-12
    4.9808637411519006e-13
    4.6022836846169621e-14
    3.7953066546127533e-15
    2.7856380494532394e-16
    1.8142360547413731e-17
    1.0450028530020021e-18
    5.3042297126452582e-20
    2.3631047359376121e-21
    9.2003454291529148e-23
    3.1152966693181354e-24
    9.1256988660062283e-26
    2.2990868093373996e-27
    4.9492103952604331e-29
    9.0375508996208481e-31
    1.3885577981275360e-32
    1.7786698873123917e-34
    1.8799194598713653e-36
    1.6201761555242383e-38
    1.1232410611089623e-40
    6.1667125079842379e-43
    2.6323211394718211e-45
    8.5490616313622009e-48
    2.0584092220581347e-50
    3.5603838006636681e-53
    4.2548600374018638e-56
    3.3441387742649500e-59
    1.6212804760716430e-62
    4.4477776802540519e-66
    6.1145644187990593e-70
    3.5106584022696986e-74
    6.2399138662910964e-79
    1.9409209224812165e-84
    2.4701442988928955e-91
