       -9.9708881704574601
       -9.3287669164964360
       -8.7968659746627633
       -8.3218807506473542
       -7.8834756990041530
       -7.4711795689242502
       -7.0787123410660682
       -6.7019342833176401
       -6.3379332589686239
       -5.9845604541065089
       -5.6401708246496911
       -5.3034673690975165
       -4.9734024034844948
       -4.6491121384000209
       -4.3298717115959420
       -4.0150633146984962
       -3.7041529964080984
       -3.3966733857420257
       -3.0922105568140119
       -2.7903938536440536
       -2.4908878695658672
       -2.1933860192661321
       -1.8976053029060729
       -1.6032819710214763
       -1.3101678741366007
       -1.0180273335786971
       -0.7266344070464920
       -0.4357704487339139
       -0.1452218822981071
        0.1452218822981066
        0.4357704487339139
        0.7266344070464914
        1.0180273335786973
        1.3101678741365999
        1.6032819710214758
        1.8976053029060742
        2.1933860192661321
        2.4908878695658663
        2.7903938536440536
        3.0922105568140097
        3.3966733857420275
        3.7041529964080957
        4.0150633146984980
        4.3298717115959446
        4.6491121384000254
        4.9734024034844948
        5.3034673690975156
        5.6401708246496867
        5.9845604541065036
        6.3379332589686230
        6.7019342833176312
        7.0787123410660753
        7.4711795689242573
        7.8834756990041477
        8.3218807506473578
        8.7968659746627580
        9.3287669164964466
        9.9708881704574566
