    3.3342445035001056e+00
    9.2493528478958309e-01
    5.3772166079140371e-01
    3.3213373774196842e-01
    2.0104627369175493e-01
    1.1596630429754815e-01
    6.2897429489497197e-02
    3.1836280042545108e-02
    1.4966046510170158e-02
    6.5120661921099846e-03
    2.6160314820701399e-03
    9.6822067125008524e-04
    3.2955927617911191e-04
    1.0299487041898394e-04
    2.9509151296408908e-05
    7.7394745698646679e-06
    1.8553952870542766e-06
    4.0595499089995350e-07
    8.0939760152115535e-08
    1.4682037896912918e-08
    2.4188750579438000e-09
    3.6129608287002762e-10
    4.8832299641042625e-11
    5.9602084998793646e-12
    6.5551174895794236e-13
    6.4811145659326959e-14
    5.7461621536354756e-15
    4.5560516232163264e-16
    3.2211503246379819e-17
    2.0242713063885635e-18
    1.1268555434458841e-19
    5.5358563017627239e-21
    2.3902672730820678e-22
    9.0305774853888677e-24
    2.9707548046634999e-25
    8.4637350101511320e-27
    2.0759626039414966e-28
    4.3548943253782458e-30
    7.7562364801848560e-32
    1.1632616016643111e-33
    1.4556319155944084e-35
    1.5039875759940624e-37
    1.2679421116176619e-39
    8.6040693881430239e-42
    4.6261380467749548e-44
    1.9348920708664246e-46
    6.1600886820497794e-49
    1.4545427256919575e-51
    2.4681416757630861e-54
    2.8944350052213043e-57
    2.2328825078665344e-60
    1.0626890900348532e-63
    2.8620549614973067e-67
    3.8623343603217851e-71
    2.1762106128886502e-75
    3.7936792936195983e-80
    1.1559451937697112e-85
    1.4370755841568428e-92
