    4.8191029290261637e-03
    7.8946647498852593e-02
    2.3818913979377065e-01
    4.8252279624185751e-01
    8.1211790612316503e-01
    1.2272155292065872e+00
    1.7281224189188542e+00
    2.3152113816445130e+00
    2.9889226142873264e+00
    3.7497654912223677e+00
    4.5983207137399775e+00
    5.5352428175589550e+00
    6.5612630570166068e+00
    7.6771926947920441e+00
    8.8839267333063319e+00
    1.0182448130890215e+01
    1.1573832553326342e+01
    1.3059253719911244e+01
    1.4639989413084106e+01
    1.6317428232280946e+01
    1.8093077186387148e+01
    1.9968570235462611e+01
    2.1945677911894276e+01
    2.4026318174541796e+01
    2.6212568677727500e+01
    2.8506680671290944e+01
    3.0911094789930218e+01
    3.3428459041693856e+01
    3.6061649369379346e+01
    3.8813793238175784e+01
    4.1688296802703107e+01
    4.4688876332735454e+01
    4.7819594737555171e+01
    5.1084904235256353e+01
    5.4489696480822118e+01
    5.8039361816934715e+01
    6.1739859774589199e+01
    6.5597803570102073e+01
    6.9620562184091156e+01
    7.3816384759476151e+01
    7.8194553659142670e+01
    8.2765574793195270e+01
    8.7541417094262897e+01
    9.2535817820173065e+01
    9.7764677570389978e+01
    1.0324657999015521e+02
    1.0900348867239796e+02
    1.1506170239224036e+02
    1.2145319826375290e+02
    1.2821757797926415e+02
    1.3540499116017045e+02
    1.4308072306912351e+02
    1.5133279872138007e+02
    1.6028550382732735e+02
    1.7012579562963489e+02
    1.8116224445952153e+02
    1.9398685026355631e+02
    2.1012854354978933e+02
