    1.6961555440538736e+00
    7.2426113269516257e-01
    4.6635131341291269e-01
    3.0590050311539974e-01
    1.9318847410643172e-01
    1.1511989503747157e-01
    6.4098562027183517e-02
    3.3161585364490029e-02
    1.5882665119071316e-02
    7.0238048483229430e-03
    2.8621570160914842e-03
    1.0728593656437128e-03
    3.6936927847937642e-04
    1.1663626541607623e-04
    3.3734051943662485e-05
    8.9243463517119061e-06
    2.1565492850662219e-06
    4.7533620357858106e-07
    9.5424061218960642e-08
    1.7420235808304661e-08
    2.8871769503025337e-09
    4.3366532272132314e-10
    5.8923062881493588e-11
    7.2276209368396425e-12
    7.9864051982285024e-13
    7.9313892981615115e-14
    7.0616673235110668e-15
    5.6215644692788208e-16
    3.9896562297918083e-17
    2.5163581632559558e-18
    1.4056606402134419e-19
    6.9285145944076365e-21
    3.0011265204288501e-22
    1.1373121911575453e-23
    3.7523656075557565e-25
    1.0720772525786317e-26
    2.6367207837325107e-28
    5.5457574967050363e-30
    9.9022501524692533e-32
    1.4887560093500448e-33
    1.8673564962369005e-35
    1.9338292593956310e-37
    1.6339641082420225e-39
    1.1111928398895673e-41
    5.9871754173576752e-44
    2.5093173435521579e-46
    8.0049942322050661e-49
    1.8939031686415521e-51
    3.2199045001070342e-54
    3.7832523038927447e-57
    2.9240573631090557e-60
    1.3942419597962908e-63
    3.7620066740667461e-67
    5.0863321044388367e-71
    2.8713166990645690e-75
    5.0152432377434744e-80
    1.5313425630336381e-85
    1.9082763341905898e-92
