    3.1024994561276247e-03
    7.3649243710792914e-02
    2.2945566863093411e-01
    4.7041281881233804e-01
    7.9668524436205557e-01
    1.2085112593325040e+00
    1.7061954011225178e+00
    2.2901084560124780e+00
    2.9606887179136527e+00
    3.7184437478613388e+00
    4.5639525100959526e+00
    5.4978678710575952e+00
    6.5209194770665384e+00
    7.6339170385233892e+00
    8.8377540563479275e+00
    1.0133412033545087e+01
    1.1521965222393492e+01
    1.3004585966330385e+01
    1.4582550705527682e+01
    1.6257246726773534e+01
    1.8030179751992506e+01
    1.9902982476039014e+01
    2.1877424183879352e+01
    2.3955421600683955e+01
    2.6139051156635581e+01
    2.8430562882620244e+01
    3.0832396194964549e+01
    3.3347197879013422e+01
    3.5977842645224115e+01
    3.8727456711017787e+01
    4.1599444961425590e+01
    4.4597522367676838e+01
    4.7725750503503420e+01
    5.0988580205265933e+01
    5.4390901689458808e+01
    5.7938103791213528e+01
    6.1636144450439254e+01
    6.5491635191630948e+01
    6.9511943182187721e+01
    7.3705315605320138e+01
    7.8081032686882622e+01
    8.2649597984276411e+01
    8.7422977813421696e+01
    9.2414906489634220e+01
    9.7641281263797467e+01
    1.0312068192040202e+02
    1.0887506753640425e+02
    1.1493073151846069e+02
    1.2131964448046746e+02
    1.2808140007540456e+02
    1.3526613772947860e+02
    1.4293912937878721e+02
    1.5118838195004244e+02
    1.6013815537766149e+02
    1.6997536767219725e+02
    1.8100852347126431e+02
    1.9382949446667706e+02
    2.0996687275633786e+02
