    6.6411237823529824e-03
    8.4323836263779442e-02
    2.4699771028899223e-01
    4.9470341810007956e-01
    8.2761687565605901e-01
    1.2459818997589720e+00
    1.7501074632209024e+00
    2.3403683906175825e+00
    3.0172067777251073e+00
    3.7811338072992484e+00
    4.6327319124770794e+00
    5.5726572930750633e+00
    6.6016428064101378e+00
    7.7205012626000320e+00
    8.9301291609455937e+00
    1.0231510910704673e+01
    1.1625723586984028e+01
    1.3113942280969885e+01
    1.4697446113599124e+01
    1.6377624993374699e+01
    1.8155987212739017e+01
    2.0034167993719237e+01
    2.2013939113039605e+01
    2.4097219760309518e+01
    2.6286088811185326e+01
    2.8582798731778432e+01
    3.0989791372591650e+01
    3.3509715961915880e+01
    3.6145449672524606e+01
    3.8900121215099141e+01
    4.1777138011652617e+01
    4.4780217628380555e+01
    4.7913424308055660e+01
    5.1181211648500700e+01
    5.4588472741229332e+01
    5.8140599434553536e+01
    6.1843552848660700e+01
    6.5703947889811928e+01
    6.9729155349971350e+01
    7.3927426329886359e+01
    7.8308045327566873e+01
    8.2881520603868964e+01
    8.7659823706111496e+01
    9.2656694832516990e+01
    9.7888037928879626e+01
    1.0337244049875837e+02
    1.0913187064837446e+02
    1.1519263251829769e+02
    1.2158670971929338e+02
    1.2835371197891425e+02
    1.3554379910870131e+02
    1.4322226969145129e+02
    1.5147716682246141e+02
    1.6043280197615610e+02
    1.7027617160933616e+02
    1.8131591171682015e+02
    1.9414415044127250e+02
    2.1029015654509359e+02
