    2.4893830945603255e+00
    8.3736930428446366e-01
    5.0754038982960958e-01
    3.2121068444230566e-01
    1.9778789800701196e-01
    1.1559112146429711e-01
    6.3358949882594648e-02
    3.2352905347457050e-02
    1.5323289055988468e-02
    6.7110181186557042e-03
    2.7114343429329355e-03
    1.0086581301747540e-03
    3.4489901070855022e-04
    1.0823674808650367e-04
    3.1128424400359491e-05
    8.1924991223984620e-06
    1.9702775034770865e-06
    4.3236580460478065e-07
    8.6442385644122480e-08
    1.5720335075722130e-08
    2.5961366241402870e-09
    3.8864359473132093e-10
    5.2639472350225413e-11
    6.4376801324600117e-12
    7.0935619470113203e-13
    7.0259674317030151e-14
    6.2397503062115267e-15
    4.9553523586617966e-16
    3.5088119692462243e-17
    2.2082604263441571e-18
    1.2309883058037142e-19
    6.0554773759484231e-21
    2.6179639539219025e-22
    9.9029326989886390e-24
    3.2615595812954823e-25
    9.3027498592764370e-27
    2.2842388920972133e-28
    4.7968431346708699e-30
    8.5520296035776521e-32
    1.2838706047835706e-33
    1.6080798847366799e-35
    1.6630294413513325e-37
    1.4032761209467870e-39
    9.5307024384418540e-42
    5.1286970358159021e-44
    2.1468597415083068e-46
    6.8404434326259394e-49
    1.6164673320757257e-51
    2.7450321661881877e-54
    3.2216090751744674e-57
    2.4871532921871403e-60
    1.1845895547335525e-63
    3.1927413576920343e-67
    4.3118253245352300e-71
    2.4313224786415728e-75
    4.2417294249223395e-80
    1.2935443069171136e-85
    1.6096614571319646e-92
