    4.7375956622491572e-03
    7.7611117000577601e-02
    2.3415792926088069e-01
    4.7435079648158568e-01
    7.9835118034252417e-01
    1.2063879756884022e+00
    1.6987524545191974e+00
    2.2757985356640349e+00
    2.9379439964205702e+00
    3.6856721046731473e+00
    4.5195335841435007e+00
    5.4401489061038664e+00
    6.4482109230556581e+00
    7.5444878694112054e+00
    8.7298267607451798e+00
    1.0005157229264174e+01
    1.1371495839643069e+01
    1.2829950936709476e+01
    1.4381728084916094e+01
    1.6028136169413678e+01
    1.7770594240147300e+01
    1.9610639194134677e+01
    2.1549934407425599e+01
    2.3590279447782986e+01
    2.5733621022619189e+01
    2.7982065345115373e+01
    3.0337892135961223e+01
    3.2803570520333686e+01
    3.5381777131600977e+01
    3.8075416797420338e+01
    4.0887646263842427e+01
    4.3821901513316405e+01
    4.6881929359218610e+01
    5.0071824160948694e+01
    5.3396070711000419e+01
    5.6859594614206856e+01
    6.0467821831193504e+01
    6.4226749523443303e+01
    6.8143030959932219e+01
    7.2224078088410224e+01
    7.6478186531569619e+01
    8.0914689379902157e+01
    8.5544148433652083e+01
    9.0378594831190014e+01
    9.5431835826155606e+01
    1.0071985171923744e+02
    1.0626131809432997e+02
    1.1207830613443598e+02
    1.1819724256423105e+02
    1.2465025947074051e+02
    1.3147715026740522e+02
    1.3872830776251487e+02
    1.4646933515322269e+02
    1.5478868905283150e+02
    1.6381127024890569e+02
    1.7372497220767423e+02
    1.8483993298593259e+02
    1.9775121320139931e+02
    2.1399581887749642e+02
