    1.6890749506315872e+00
    7.2213950511552305e-01
    4.6623586995631111e-01
    3.0708923052760440e-01
    1.9502338697171656e-01
    1.1703381859845531e-01
    6.5721260901359685e-02
    3.4343040865736828e-02
    1.6639168830950516e-02
    7.4551376030609377e-03
    3.0827250067269152e-03
    1.1744649257389773e-03
    4.1165020818297179e-04
    1.3255754079512277e-04
    3.9164831080915221e-05
    1.0603219029723674e-05
    2.6269778631312607e-06
    5.9479041745376007e-07
    1.2289903904022864e-07
    2.3140246924225759e-08
    3.9640990527395057e-09
    6.1682012922388074e-10
    8.7024933010884428e-11
    1.1111715422680132e-11
    1.2814264533296492e-12
    1.3318028531482228e-13
    1.2445355338033791e-14
    1.0430489759197590e-15
    7.8190564479717493e-17
    5.2273605106763507e-18
    3.1067672215972368e-19
    1.6358155158769259e-20
    7.6020052136335275e-22
    3.1053521454358324e-23
    1.1100337617856914e-24
    3.4551694305738436e-26
    9.3145368505670799e-28
    2.1618129603897454e-29
    4.2910625148540349e-31
    7.2310458010710650e-33
    1.0260008596177306e-34
    1.2144529803119372e-36
    1.1867232124185058e-38
    9.4596209049939680e-41
    6.0675408833942451e-43
    3.0824447732528559e-45
    1.2175798381632376e-47
    3.6588416289087551e-50
    8.1488838925663009e-53
    1.3031406313148114e-55
    1.4387617537485654e-58
    1.0436310033239058e-61
    4.6629572750566590e-65
    1.1766383039844802e-68
    1.4838839729851164e-72
    7.7860010414925428e-77
    1.2576243552959354e-81
    3.5222393438021805e-87
    3.9613217066719642e-94
