      -10.0654083501185060
       -9.4252653876263892
       -8.8950804110294293
       -8.4216909949586203
       -7.9848154458297111
       -7.5740103261427922
       -7.1830125334106718
       -6.8076937845356555
       -6.4451503233185443
       -6.0932398625106696
       -5.7503227086468671
       -5.4151064424967954
       -5.0865474548246574
       -4.7637856994329706
       -4.4460998505989364
       -4.1328755226679839
       -3.8235821457915504
       -3.5177557486926583
       -3.2149858747990190
       -2.9149054536014365
       -2.6171828242728945
       -2.3215153515122378
       -2.0276242346848043
       -1.7352502204281326
       -1.4441500040985724
       -1.1540931580511040
       -0.8648594619670577
       -0.5762365369411494
       -0.2880177038815353
        0.0000000000000001
        0.2880177038815353
        0.5762365369411493
        0.8648594619670574
        1.1540931580511025
        1.4441500040985709
        1.7352502204281315
        2.0276242346848048
        2.3215153515122382
        2.6171828242728927
        2.9149054536014392
        3.2149858747990194
        3.5177557486926578
        3.8235821457915504
        4.1328755226679883
        4.4460998505989400
        4.7637856994329706
        5.0865474548246503
        5.4151064424967936
        5.7503227086468609
        6.0932398625106696
        6.4451503233185461
        6.8076937845356564
        7.1830125334106745
        7.5740103261427958
        7.9848154458297111
        8.4216909949586150
        8.8950804110294222
        9.4252653876263963
       10.0654083501185120
