        0.0000000000000000
        0.0000000000000000
        0.0000000000000000
        0.0000000000000000
        0.0000000000000000
        0.0000000000000000
        0.0000000000000000
        0.0000000000000000
        0.0000000000000000
        0.0000000000000000
        0.0000000000000015
        0.0000000000000611
        0.0000000000018884
        0.0000000000446247
        0.0000000008198963
        0.0000000118842102
        0.0000001375743140
        0.0000012852403271
        0.0000097761956200
        0.0000610088800849
        0.0003143953890745
        0.0013453332060778
        0.0048029120328152
        0.0143625593575872
        0.0360957697191474
        0.0764473096740749
        0.1367392833596406
        0.2069038328764782
        0.2651511876339741
        0.2879842431257187
        0.2651511876339746
        0.2069038328764783
        0.1367392833596406
        0.0764473096740753
        0.0360957697191479
        0.0143625593575871
        0.0048029120328152
        0.0013453332060777
        0.0003143953890745
        0.0000610088800849
        0.0000097761956200
        0.0000012852403271
        0.0000001375743140
        0.0000000118842102
        0.0000000008198963
        0.0000000000446247
        0.0000000000018884
        0.0000000000000611
        0.0000000000000015
        0.0000000000000000
        0.0000000000000000
        0.0000000000000000
        0.0000000000000000
        0.0000000000000000
        0.0000000000000000
        0.0000000000000000
        0.0000000000000000
        0.0000000000000000
        0.0000000000000000
