    3.0499888177022228e-03
    7.2402464425790611e-02
    2.2556960919726626e-01
    4.6244053281810621e-01
    7.8317112418087342e-01
    1.1879876434043559e+00
    1.6771792442846054e+00
    2.2510979162821632e+00
    2.9101596190694607e+00
    3.6548458880086061e+00
    4.4857057865929466e+00
    5.4033581900905290e+00
    6.4084944131095165e+00
    7.5018812051207728e+00
    8.6843641450902549e+00
    9.9568714726735426e+00
    1.1320418400014896e+01
    1.2776111955564588e+01
    1.4325156419806293e+01
    1.5968859422666965e+01
    1.7708638783996168e+01
    1.9546030192239115e+01
    2.1482695832766897e+01
    2.3520434096868101e+01
    2.5661190525894611e+01
    2.7907070173445373e+01
    3.0260351602975284e+01
    3.2723502780390305e+01
    3.5299199173048159e+01
    3.7990344430754135e+01
    4.0800094104270954e+01
    4.3731882957123602e+01
    4.6789456553183669e+01
    4.9976907963907962e+01
    5.3298720646427668e+01
    5.6759818812423276e+01
    6.0365626959485667e+01
    6.4122140701937013e+01
    6.8036011660518781e+01
    7.2114650013293158e+01
    7.6366349467042099e+01
    8.0800441019671069e+01
    8.5427484164264200e+01
    9.0259507469677430e+01
    9.5310315296572355e+01
    1.0059588464980875e+02
    1.0613488730964886e+02
    1.1194939000613999e+02
    1.1806581416651315e+02
    1.2451628545961272e+02
    1.3134058935683009e+02
    1.3858910859043260e+02
    1.4632743318246628e+02
    1.5464400185886922e+02
    1.6366368991359525e+02
    1.7357435200659393e+02
    1.8468606121154494e+02
    1.9759375128068649e+02
    2.1383409351719482e+02
