    3.7123838903656355e-03
    7.4476542781620719e-02
    2.2899606382055721e-01
    4.6719627335564951e-01
    7.8923528264284204e-01
    1.1953404004187103e+00
    1.6858016261927198e+00
    2.2609717209409599e+00
    2.9212673716541562e+00
    3.6671708071669937e+00
    4.4992317556012305e+00
    5.4180697311840964e+00
    6.4243766642346847e+00
    7.5189198987389059e+00
    8.7025455888242202e+00
    9.9761825316621398e+00
    1.1340846480881737e+01
    1.2797644991934158e+01
    1.4347782859318821e+01
    1.5992568215459491e+01
    1.7733419372631623e+01
    1.9571872503078556e+01
    2.1509590268794646e+01
    2.3548371531993844e+01
    2.5690162300772638e+01
    2.7937068092869257e+01
    3.0291367934925905e+01
    3.2755530256838227e+01
    3.5332230992638316e+01
    3.8024374263532309e+01
    4.0835116098648804e+01
    4.3767891749324747e+01
    4.6826447279468454e+01
    5.0014876275942285e+01
    5.3337662730244858e+01
    5.6799731411535774e+01
    6.0406507402833832e+01
    6.4163986937537217e+01
    6.8078822295891442e+01
    7.2158424364044251e+01
    7.6411087615353594e+01
    8.0846143884974808e+01
    8.5474153589077034e+01
    9.0307146324551709e+01
    9.5358927609492397e+01
    1.0064547576734810e+02
    1.0618546410011250e+02
    1.1200096111932358e+02
    1.1811839037153796e+02
    1.2456988009327455e+02
    1.3139521893322271e+02
    1.3864479365464362e+02
    1.4638419955037244e+02
    1.5470188250228335e+02
    1.6372272800316625e+02
    1.7363460623758041e+02
    1.8474761627595589e+02
    1.9765674262357376e+02
    2.1389879048990446e+02
