    9.7861832420060202e-01
    5.7207195520209919e-01
    4.0648834683038343e-01
    2.8371781375050420e-01
    1.8778756345013203e-01
    1.1634717612983766e-01
    6.7046160034100327e-02
    3.5800227319391496e-02
    1.7668410860928484e-02
    8.0444606662477530e-03
    3.3738566287555938e-03
    1.3017116658198024e-03
    4.6146112798993373e-04
    1.5013485521132324e-04
    4.4776638185394565e-05
    1.2227403144661265e-05
    3.0535287518726115e-06
    6.9647111952010277e-07
    1.4489586832266394e-07
    2.7456434956108616e-08
    4.7316337847641989e-09
    7.4038200645229519e-10
    1.0500929794152708e-10
    1.3474779486585922e-11
    1.5612500128965586e-12
    1.6298555809274652e-13
    1.5294959938543492e-14
    1.2870257799802200e-15
    9.6849043942280887e-17
    6.4983838069467123e-18
    3.8756350380409073e-19
    2.0474550035010664e-20
    9.5453863869296777e-22
    3.9111573963896605e-23
    1.4021919586191745e-24
    4.3769227674996410e-26
    1.1831608990032813e-27
    2.7532238668419458e-29
    5.4788555584686367e-31
    9.2553136102941031e-33
    1.3163418934528936e-34
    1.5617119937124632e-36
    1.5294648798605588e-38
    1.2218175810792208e-40
    7.8534909502478290e-43
    3.9979709006771386e-45
    1.5823953448552847e-47
    4.7644787363641799e-50
    1.0631812232139336e-52
    1.7034260085257697e-55
    1.8842200655811944e-58
    1.3692767754805987e-61
    6.1291662815725766e-65
    1.5494482559076531e-68
    1.9576377022639426e-72
    1.0291000931186015e-76
    1.6654477132705325e-81
    4.6739947933728959e-87
    5.2689077317607612e-94
