    6.0865718661013035e-02
    1.2775779252704239e-01
    1.6663415770232121e-01
    1.7360931507926158e-01
    1.5461640013560871e-01
    1.2107312203746724e-01
    8.4560006054449327e-02
    5.3106470307431132e-02
    3.0140761559614222e-02
    1.5507865244041526e-02
    7.2479295120684260e-03
    3.0809492254253970e-03
    1.1920002662881273e-03
    4.1988426748293563e-04
    1.3466354706880726e-04
    3.9312783705296127e-05
    1.0442000751753797e-05
    2.5218564057572649e-06
    5.5333604531092245e-07
    1.1019550187292466e-07
    1.9895311713944471e-08
    3.2522755287612114e-09
    4.8066531073644278e-10
    6.4123312260427120e-11
    7.7078382659494456e-12
    8.3318533032546889e-13
    8.0818405083767290e-14
    7.0180812353659419e-15
    5.4419103934926714e-16
    3.7574404264493734e-17
    2.3030914780105963e-18
    1.2489810356284314e-19
    5.9708571121948763e-21
    2.5061801796978968e-22
    9.1954115517095700e-24
    2.9350151193260132e-25
    8.1060644489600450e-27
    1.9257663635003911e-28
    3.9096790965213685e-30
    6.7335764581266942e-32
    9.7579936797601643e-34
    1.1789142538985563e-35
    1.1751142701386169e-37
    9.5497730975838422e-40
    6.2416395436263927e-42
    3.2295653066112080e-44
    1.2987430179675667e-46
    3.9717229798519231e-49
    8.9990067112388116e-52
    1.4635939291773157e-54
    1.6430281987445896e-57
    1.2115718619740488e-60
    5.5024885554146762e-64
    1.4113138888801755e-67
    1.8092640993086123e-71
    9.6527455590195494e-76
    1.5861940411051363e-80
    4.5244158316629854e-86
    5.1953117618204792e-93
