    3.3249460758359404e+00
    9.2345439393704831e-01
    5.3827480503367908e-01
    3.3383220810581982e-01
    2.0319360453612068e-01
    1.1802658303684552e-01
    6.4559002487228609e-02
    3.3004421731614025e-02
    1.5694317678009252e-02
    6.9184780016445088e-03
    2.8201675474893886e-03
    1.0608278871504298e-03
    3.6758496421769425e-04
    1.1714585876647233e-04
    3.4285415247750493e-05
    9.2020101015176407e-06
    2.2616680593923022e-06
    5.0830258411346718e-07
    1.0430864809291910e-07
    1.9514392000866562e-08
    3.3229715053875115e-09
    5.1415844729770892e-10
    7.2157862518761183e-11
    9.1675634984339853e-12
    1.0522491684697471e-12
    1.0887434873655824e-13
    1.0131014607009946e-14
    8.4567085024430553e-16
    6.3151790017226478e-17
    4.2065443430187019e-18
    2.4913489469777645e-19
    1.3074009122174164e-20
    6.0563670892875060e-22
    2.4663857934023239e-23
    8.7903267378874090e-25
    2.7283854893410787e-26
    7.3351786811863947e-28
    1.6979424818855475e-29
    3.3617437426923323e-31
    5.6510943635001973e-33
    7.9991731927417899e-35
    9.4466073242748864e-37
    9.2102614864750192e-39
    7.3257319660454173e-41
    4.6888902541837059e-43
    2.3771465316367478e-45
    9.3709271371957383e-48
    2.8104268030800323e-50
    6.2472269985256382e-53
    9.9713872016943210e-56
    1.0988551745250132e-58
    7.9560061421936303e-62
    3.5482321353549098e-65
    8.9371209616420254e-69
    1.1250052286262933e-72
    5.8919154791297840e-77
    9.4984843483536711e-82
    2.6547956703916107e-87
    2.9787853011819872e-94
