    6.5288788518541819e-03
    8.2898327938850880e-02
    2.4282027462881051e-01
    4.8633077385232809e-01
    8.1359674998296150e-01
    1.2248497441104487e+00
    1.7203831500897382e+00
    2.3005528145562759e+00
    2.9657783286734469e+00
    3.7165446882391913e+00
    4.5534042723333643e+00
    5.4769791433641739e+00
    6.4879636869816313e+00
    7.5871276179729321e+00
    8.7753193841551287e+00
    1.0053470006125291e+01
    1.1422597397131664e+01
    1.2883811214617873e+01
    1.4438318303431181e+01
    1.6087428800548363e+01
    1.7832562982778317e+01
    1.9675258952635350e+01
    2.1617181273917510e+01
    2.3660130688067490e+01
    2.5806055065890131e+01
    2.8057061777598111e+01
    3.0415431698674166e+01
    3.2883635111224976e+01
    3.5464349812380775e+01
    3.8160481805486995e+01
    4.0975189029795729e+01
    4.3911908684663906e+01
    4.6974388831018210e+01
    5.0166725114301805e+01
    5.3493403660518943e+01
    5.6959351465841877e+01
    6.0569995952148304e+01
    6.4331335826320398e+01
    6.8250026003818761e+01
    7.2333480200330754e+01
    7.6589995952695034e+01
    8.1028908442197334e+01
    8.5660781774401926e+01
    9.0497649655285514e+01
    9.5553322229458004e+01
    1.0084378309129504e+02
    1.0638771162600135e+02
    1.1220718346696883e+02
    1.1832863063342127e+02
    1.2478419162721600e+02
    1.3161366779986463e+02
    1.3886746203080011e+02
    1.4661119068607746e+02
    1.5493332825811439e+02
    1.6395880101649718e+02
    1.7387554121625644e+02
    1.8499375186812426e+02
    1.9790862039824719e+02
    2.1415748739874670e+02
