    2.4810592422349931e+00
    8.3558320553510557e-01
    5.0780310857983035e-01
    3.2269537190636066e-01
    1.9980675695218530e-01
    1.1759193875708036e-01
    6.5004771165881645e-02
    3.3526208411123075e-02
    1.6062620226821426e-02
    7.1271623524121275e-03
    2.9219628651303083e-03
    1.1047528957107678e-03
    3.8456823339376651e-04
    1.2306931783754416e-04
    3.6155950053924415e-05
    9.7378615186514962e-06
    2.4010521348967000e-06
    5.4123162176477190e-07
    1.1137249866317083e-07
    2.0889523684308618e-08
    3.5656921029813175e-09
    5.5295938916706055e-10
    7.7767963485542121e-11
    9.9000898192226543e-12
    1.1384766614674238e-12
    1.1800703263308937e-13
    1.0999482070392800e-14
    9.1964697927040801e-16
    6.8781623264623175e-17
    4.5882631212563960e-18
    2.7212283461503708e-19
    1.4299485973110699e-20
    6.6325513875512785e-22
    2.7043541762475009e-23
    9.6498518320324110e-25
    2.9985744917720709e-26
    8.0704000465959012e-28
    1.8701033828887492e-29
    3.7063779634882628e-31
    6.2365639911515110e-33
    8.8363300193398405e-35
    1.0444891503255451e-36
    1.0192704221048198e-38
    8.1142222502501078e-41
    5.1979754226530674e-43
    2.6374186999466690e-45
    1.0405337743104224e-47
    3.1231205186345470e-50
    6.9476800618588786e-53
    1.1097835821473336e-55
    1.2239072236098328e-58
    8.8679809921503989e-62
    3.9578643999445949e-65
    9.9761992197366209e-69
    1.2567307871041692e-72
    6.5867237912207708e-77
    1.0626810598710197e-81
    2.9725995285545424e-87
    3.3384894591360845e-94
