    6.4203650832289306e-03
    8.1520220337173349e-02
    2.3878183865878636e-01
    4.7823700293577520e-01
    8.0004423974123406e-01
    1.2044236243775286e+00
    1.6916540037409622e+00
    2.2620735106266068e+00
    2.9160807405642233e+00
    3.6541362718255046e+00
    4.4767644779445854e+00
    5.3845556335464382e+00
    6.3781683292283473e+00
    7.4583322182986240e+00
    8.6258511234402029e+00
    9.8816065364816215e+00
    1.1226561550006700e+01
    1.2661765265811141e+01
    1.4188357732447841e+01
    1.5807575472519689e+01
    1.7520757670241085e+01
    1.9329353101412146e+01
    2.1234927901714833e+01
    2.3239174285629048e+01
    2.5343920347876445e+01
    2.7551141102881150e+01
    2.9862970946248961e+01
    3.2281717756922745e+01
    3.4809878901042097e+01
    3.7450159450639823e+01
    4.0205492994788536e+01
    4.3079065501135368e+01
    4.6074342786524006e+01
    4.9195102282746120e+01
    5.2445469945674809e+01
    5.5829963364414333e+01
    5.9353542397226832e+01
    6.3021669014578009e+01
    6.6840378497345426e+01
    7.0816364763916781e+01
    7.4957083447277171e+01
    7.9270877506225304e+01
    8.3767131774623934e+01
    8.8456465144867209e+01
    9.3350972383548495e+01
    9.8464532427235369e+01
    1.0381320728734272e+02
    1.0941576689500147e+02
    1.1529439293467308e+02
    1.2147564363806423e+02
    1.2799181047170998e+02
    1.3488288412204219e+02
    1.4219950772957927e+02
    1.5000761187303090e+02
    1.5839609769491824e+02
    1.6749049959329935e+02
    1.7747967556264092e+02
    1.8867537884207462e+02
    2.0167582331060134e+02
    2.1802633419066902e+02
