    3.3158261385885379e+00
    9.2198181264014922e-01
    5.3878482851650411e-01
    3.3546662101414365e-01
    2.0528146904706440e-01
    1.2004716247044640e-01
    6.6203530326161913e-02
    3.4172458995061578e-02
    1.6430954571270442e-02
    7.3348989304768452e-03
    3.0323594554629526e-03
    1.1586320744205254e-03
    4.0845220531716031e-04
    1.3264735925588031e-04
    3.9627230536723614e-05
    1.0874904507949494e-05
    2.7377857145683586e-06
    6.3141693902465336e-07
    1.3321765951971700e-07
    2.5674384180015272e-08
    4.5130073675480158e-09
    7.2237079453334573e-10
    1.0510960485847441e-10
    1.3877994700564679e-11
    1.6594933813412215e-12
    1.7934684642510317e-13
    1.7479239557801905e-14
    1.5326129072982324e-15
    1.2059133270834121e-16
    8.4914038145358496e-18
    5.3349827288501633e-19
    2.9811280055314891e-20
    1.4764127739209090e-21
    6.4560610535122900e-23
    2.4823601351969751e-24
    8.3548142424832562e-26
    2.4492446162852488e-27
    6.2199164050662308e-29
    1.3601353797900130e-30
    2.5440810604052698e-32
    4.0402715605483110e-34
    5.4028169827728303e-36
    6.0271610799125278e-38
    5.5502446526679606e-40
    4.1687891985753622e-42
    2.5190332246683838e-44
    1.2052505007559407e-46
    4.4820350137764383e-49
    1.2673730207066810e-51
    2.6544391564911795e-54
    3.9887995172745064e-57
    4.1342266976017074e-60
    2.8117606447685578e-63
    1.1761181756883906e-66
    2.7728981033364672e-70
    3.2588659751581422e-74
    1.5878942948865456e-78
    2.3696187709693826e-83
    6.0814807098103185e-89
    6.1660582159849020e-96
