    9.7327158343507225e-01
    5.6966650043709077e-01
    4.0585339374552237e-01
    2.8442143434960732e-01
    1.8927984883615184e-01
    1.1807756368787461e-01
    6.8608488778476653e-02
    3.6992033194686726e-02
    1.8461777237099290e-02
    8.5127956265709862e-03
    3.6212532393566882e-03
    1.4193043130448369e-03
    5.1193072420583480e-04
    1.6973723420045218e-04
    5.1676134070532865e-05
    1.4429805784925546e-05
    3.6913430868311121e-06
    8.6404465547223294e-07
    1.8482601043909124e-07
    3.6081145366238558e-08
    6.4189856197227145e-09
    1.0391034180295377e-09
    1.5280911546871068e-10
    2.0378840906488910e-11
    2.4600044650273391e-12
    2.6825296697630261e-13
    2.6367269530204848e-14
    2.3306917605351069e-15
    1.8480374927313169e-16
    1.3108778040508458e-17
    8.2939472244372796e-19
    4.6657615806487501e-20
    2.3256327792261488e-21
    1.0232432975566635e-22
    3.9577511743750651e-24
    1.3396603536929862e-25
    3.9488694984228969e-27
    1.0081440267412801e-28
    2.2158381156625529e-30
    4.1651484313683080e-32
    6.6463702674012642e-34
    8.9290275980206813e-36
    1.0005679590321733e-37
    9.2542239158872972e-40
    6.9803979390647920e-42
    4.2354423286090161e-44
    2.0346653888668173e-46
    7.5962945564474631e-49
    2.1562838557438374e-51
    4.5333301180589463e-54
    6.8375805736292433e-57
    7.1129154582819754e-60
    4.8552075611066863e-63
    2.0381968491499465e-66
    4.8227281071310723e-70
    5.6885075600060451e-74
    2.7819681763202558e-78
    4.1673547586303169e-83
    1.0738594933756028e-88
    1.0938156170603358e-95
