    2.4728996034634343e+00
    8.3381326069171824e-01
    5.0802865418174936e-01
    3.2411890123804143e-01
    2.0176651226319486e-01
    1.1955208798169158e-01
    6.6632355646265198e-02
    3.4698595737206281e-02
    1.6809995187916725e-02
    7.5533270368283670e-03
    3.1406931352768734e-03
    1.2061950606971317e-03
    4.2718421641400547e-04
    1.3931119924477967e-04
    4.1776757387145135e-05
    1.1504900106656177e-05
    2.9057240116100919e-06
    6.7214773499321435e-07
    1.4220419576086634e-07
    2.7477146789993221e-08
    4.8415709319133156e-09
    7.7671958559055370e-10
    1.1325878657591852e-10
    1.4984036427958091e-11
    1.7951562917656499e-12
    1.9435755089578023e-13
    1.8974536995669612e-14
    1.6664238885594199e-15
    1.3132269310647197e-16
    9.2606791600829332e-18
    5.8264949024198627e-19
    3.2601642426755598e-20
    1.6166893700076826e-21
    7.0782116193881662e-23
    2.7248125139151726e-24
    9.1813136971676358e-26
    2.6944988298249274e-27
    6.8500077009463934e-29
    1.4994546803588943e-30
    2.8074494221276083e-32
    4.4628001860407804e-34
    5.9733791026990320e-36
    6.6696569627840911e-38
    6.1472729702717217e-40
    4.6211449850388184e-42
    2.7946875306920071e-44
    1.3382202061445121e-46
    4.9804477844602325e-49
    1.4093967570812533e-51
    2.9541385308493969e-54
    4.4424654054451883e-57
    4.6078184773834854e-60
    3.1361384628238597e-63
    1.3127485765139093e-66
    3.0972610000730419e-70
    3.6427178757181946e-74
    1.7762370181722170e-78
    2.6527030977849712e-83
    6.8135162191162987e-89
    6.9146449635899899e-96
