    3.6506136624628056e-03
    7.3237088942895823e-02
    2.2518344391538275e-01
    4.5941268755271586e-01
    7.7607478338894498e-01
    1.1753857413201112e+00
    1.6576211607157918e+00
    2.2231162248260081e+00
    2.8722667530927763e+00
    3.6055306781303695e+00
    4.4234298378699339e+00
    5.3265520688229007e+00
    6.3155536116165933e+00
    7.3911618499440301e+00
    8.5541784103081042e+00
    9.8054826554196808e+00
    1.1146035609808369e+01
    1.2576884362547847e+01
    1.4099166999262929e+01
    1.5714118124017451e+01
    1.7423075041552174e+01
    1.9227484681966647e+01
    2.1128911363704876e+01
    2.3129045507091341e+01
    2.5229713430269566e+01
    2.7432888382972017e+01
    2.9740703002054708e+01
    3.2155463407377404e+01
    3.4679665198967761e+01
    3.7316011668498042e+01
    4.0067434602564198e+01
    4.2937118135557895e+01
    4.5928526210652599e+01
    4.9045434334727631e+01
    5.2291966475216888e+01
    5.5672638155182526e+01
    5.9192407072956762e+01
    6.2856732926167005e+01
    6.6671648587507718e+01
    7.0643845405112401e+01
    7.4780776247476098e+01
    7.9090781075545934e+01
    8.3583241443843164e+01
    8.8268772624009827e+01
    9.3159465344902003e+01
    9.8269193991688439e+01
    1.0361401538510617e+02
    1.0921269346023460e+02
    1.1508740287613172e+02
    1.2126469350084855e+02
    1.2777684666177167e+02
    1.3466384049261808e+02
    1.4197630220197280e+02
    1.4978014152988860e+02
    1.5816423132039719e+02
    1.6725406563322852e+02
    1.7723844105419386e+02
    1.8842900798690710e+02
    2.0142377955034263e+02
    2.1776755132362771e+02
