    1.6821396863172875e+00
    7.2004376336297637e-01
    4.6609156129347284e-01
    3.0822111150404347e-01
    1.9679984772359235e-01
    1.1890569022727809e-01
    6.7323939256472023e-02
    3.5522336757314220e-02
    1.7403210031087524e-02
    7.8965003426009293e-03
    3.3117184255226869e-03
    1.2816526627186765e-03
    4.5704374659391817e-04
    1.4998151359075246e-04
    4.5233205106244108e-05
    1.2521949164304953e-05
    3.1778443960350748e-06
    7.3837536009501293e-07
    1.5686372649057536e-07
    3.0426945093903334e-08
    5.3807354135560257e-09
    8.6614659131284282e-10
    1.2670204909047699e-10
    1.6813039787648851e-11
    2.0200109041349270e-12
    2.1929139339414607e-13
    2.1463491480598960e-14
    1.8895958812135116e-15
    1.4925440936978292e-16
    1.0548429075514596e-17
    6.6506952260999114e-19
    3.7288442798220949e-20
    1.8526769665676707e-21
    8.1264506954944582e-23
    3.1339099962473041e-24
    1.0577858169744714e-25
    3.1094704722082231e-27
    7.9175240285063984e-29
    1.7357919168763722e-30
    3.2547673229340592e-32
    5.1812952678346798e-34
    6.9447160051623156e-36
    7.7646767472092773e-38
    7.1659056546645429e-40
    5.3937566661421361e-42
    3.2659823776327291e-44
    1.5657910947557976e-46
    5.8342936901709221e-49
    1.6529359354072675e-51
    3.4685415881165368e-54
    5.2218592233824957e-57
    5.4221901118214306e-60
    3.6944327483091804e-63
    1.5481182363502151e-66
    3.6565355393349211e-70
    4.3051643141035487e-74
    2.1015756933849213e-78
    3.1421614775881804e-83
    8.0805014107527494e-89
    8.2117698253367156e-96
