    4.6587996676002667e-03
    7.6320025292276689e-02
    2.3026094169591871e-01
    4.6645116358311500e-01
    7.8504391023719977e-01
    1.1862567149650125e+00
    1.6703663944787590e+00
    2.2377092387380770e+00
    2.8886821093584221e+00
    3.6237439324158029e+00
    4.4434174980901373e+00
    5.3482915585751023e+00
    6.3390232370880923e+00
    7.4163407697273485e+00
    8.5810466078054599e+00
    9.8340209136361683e+00
    1.1176225488395620e+01
    1.2608708176999137e+01
    1.4132607802187621e+01
    1.5749159688445213e+01
    1.7459701846236584e+01
    1.9265681898676128e+01
    2.1168664846508072e+01
    2.3170341783662682e+01
    2.5272539695261923e+01
    2.7477232493525772e+01
    2.9786553475538657e+01
    3.2202809421485000e+01
    3.4728496594326309e+01
    3.7366318953987737e+01
    4.0119208963589202e+01
    4.2990351445568201e+01
    4.5983211046281262e+01
    4.9101563994990471e+01
    5.2349535005320725e+01
    5.5731640375614298e+01
    5.9252838614681878e+01
    6.2918590272962234e+01
    6.6734929126710981e+01
    7.0708547488397315e+01
    7.4846899263691739e+01
    7.9158325538232731e+01
    8.3652209096800789e+01
    8.8339166569341145e+01
    9.3231290199403844e+01
    9.8342456079504188e+01
    1.0368872297749556e+02
    1.0928885707764213e+02
    1.1516503567426595e+02
    1.2134381177262422e+02
    1.2785747050325159e+02
    1.3474599470828571e+02
    1.4206001757220290e+02
    1.4986545665135600e+02
    1.5825119540411262e+02
    1.6734274302045259e+02
    1.7732891911953195e+02
    1.8852141267679758e+02
    2.0151831211288803e+02
    2.1786461166741125e+02
