    2.9992261095942259e-03
    7.1197198870486061e-02
    2.2181302557179480e-01
    4.5473413002074148e-01
    7.7010831641020350e-01
    1.1681505877434641e+00
    1.6491357344636099e+00
    2.2133982024535888e+00
    2.8613331159877058e+00
    3.5933977446621537e+00
    4.4101132907410969e+00
    5.3120669794095932e+00
    6.2999144620329979e+00
    7.3743825531875871e+00
    8.5362723286872697e+00
    9.7864626173929850e+00
    1.1125913925323964e+01
    1.2555672836948622e+01
    1.4076876945804097e+01
    1.5690760375029463e+01
    1.7398659958269164e+01
    1.9202022163027998e+01
    2.1102410852325590e+01
    2.3101515996883844e+01
    2.5201163469685756e+01
    2.7403326078319296e+01
    2.9710136019022805e+01
    3.2123898970993295e+01
    3.4647110091873706e+01
    3.7282472227421970e+01
    4.0032916712820679e+01
    4.2901627223380146e+01
    4.5892067233113288e+01
    4.9008011766949949e+01
    5.2253584294511782e+01
    5.5633299821663833e+01
    5.9152115506082794e+01
    6.2815490476522591e+01
    6.6629457002975158e+01
    7.0600705790356017e+01
    7.4736689015381216e+01
    7.9045745888872204e+01
    8.3537257144839430e+01
    8.8221837149041306e+01
    9.3111575620175955e+01
    9.8220345804799123e+01
    1.0356420322516182e+02
    1.0916191031644253e+02
    1.1503563998036422e+02
    1.2121193999295004e+02
    1.2772308914550860e+02
    1.3460906243204067e+02
    1.4192048307625933e+02
    1.4972325560614601e+02
    1.5810624578790646e+02
    1.6719493759218400e+02
    1.7717811224582513e+02
    1.8836739443220833e+02
    2.0136074705808710e+02
    2.1770283323275615e+02
