    6.3153994748848356e-03
    8.0187187644544605e-02
    2.3487557616945223e-01
    4.7040839193901968e-01
    7.8693630939801995e-01
    1.1846686822047305e+00
    1.6638707580473533e+00
    2.2248641161134519e+00
    2.8680277403322627e+00
    3.5937994130652289e+00
    4.4026773779629158e+00
    5.2952222710179431e+00
    6.2720593332076229e+00
    7.3338809246683727e+00
    8.4814493650622502e+00
    9.7156001292909639e+00
    1.1037245432537601e+01
    1.2447378244041465e+01
    1.3947076775233684e+01
    1.5537509495070434e+01
    1.7219940733815335e+01
    1.8995736946395191e+01
    2.0866373718099261e+01
    2.2833443609196355e+01
    2.4898664951483859e+01
    2.7063891729462373e+01
    2.9331124702500674e+01
    3.1702523952981920e+01
    3.4180423080222816e+01
    3.6767345302507835e+01
    3.9466021781914037e+01
    4.2279412551368196e+01
    4.5210730504065452e+01
    4.8263469006597703e+01
    5.1441433825067968e+01
    5.4748780216429473e+01
    5.8190056246637766e+01
    6.1770253668597995e+01
    6.5494868048135615e+01
    6.9369970296131356e+01
    7.3402292393622375e+01
    7.7599330948083306e+01
    8.1969473387725998e+01
    8.6522153228213327e+01
    9.1268043149553634e+01
    9.6219297938772129e+01
    1.0138986422754327e+02
    1.0679588127072024e+02
    1.1245620826873621e+02
    1.1839313154229649e+02
    1.2463333393424674e+02
    1.3120925801966280e+02
    1.3816108160932632e+02
    1.4553968538881540e+02
    1.5341131068850268e+02
    1.6186528069335824e+02
    1.7102773145203236e+02
    1.8108843691702575e+02
    1.9236068422330183e+02
    2.0544568175408918e+02
    2.2189665450361190e+02
