    4.5825818757735306e-03
    7.5071190456790449e-02
    2.2649158124678864e-01
    4.5881049573143268e-01
    7.7217344849588532e-01
    1.1667873494018330e+00
    1.6429155022027344e+00
    2.2008777232091918e+00
    2.8410513377050419e+00
    3.5638725471727755e+00
    4.3698380797549969e+00
    5.2595071137711296e+00
    6.2335034848217381e+00
    7.2925181953852478e+00
    8.4373122511388878e+00
    9.6687198529590574e+00
    1.0987651978475489e+01
    1.2395100392520515e+01
    1.3892142132056778e+01
    1.5479944518386420e+01
    1.7159770757862589e+01
    1.8932986202200304e+01
    2.0801065351129449e+01
    2.2765599693935386e+01
    2.4828306502872323e+01
    2.6991038711109450e+01
    2.9255796031539560e+01
    3.1624737501399174e+01
    3.4100195672445928e+01
    3.6684692708981004e+01
    3.9380958708327498e+01
    4.2191952623132870e+01
    4.5120886245531757e+01
    4.8171251814409366e+01
    5.1346853934907692e+01
    5.4651846662246832e+01
    5.8090776811246663e+01
    6.1668634824270789e+01
    6.5390914885496699e+01
    6.9263686439232544e+01
    7.3293679898539949e+01
    7.7488390181670795e+01
    8.1856202882210354e+01
    8.6406549506062277e+01
    9.1150100511315372e+01
    9.6099008204201425e+01
    1.0126721641695678e+02
    1.0667086120867580e+02
    1.1232879808499612e+02
    1.1826330903426914e+02
    1.2450107173837696e+02
    1.3107452251239062e+02
    1.3802383141340079e+02
    1.4539986928236547e+02
    1.5326886456939778e+02
    1.6172012296460937e+02
    1.7087975557483225e+02
    1.8093749837944253e+02
    1.9220657492142320e+02
    2.0528806943972609e+02
    2.2173487943609055e+02
