    3.3068784331166747e+00
    9.2051792284702527e-01
    5.3925416835255335e-01
    3.3703980441968923e-01
    2.0731182964030057e-01
    1.2202869568584310e-01
    6.7830656914346810e-02
    3.5339634865325764e-02
    1.7175291827008374e-02
    7.7609573448176143e-03
    3.2524994116876929e-03
    1.2616699618758489e-03
    4.5223873968394792e-04
    1.4956504286904127e-04
    4.5575004864708987e-05
    1.2778395113431849e-05
    3.2923532584396720e-06
    7.7846976131760426e-07
    1.6869217180431985e-07
    3.3454855535109790e-08
    6.0631985168502918e-09
    1.0026714282312761e-09
    1.5105276591634551e-10
    2.0695162818672406e-11
    2.5738831299562087e-12
    2.9003182959841044e-13
    2.9548679690082667e-14
    2.7158158161013425e-15
    2.2464429788792585e-16
    1.6680449506415882e-17
    1.1087531017282682e-18
    6.5777581298749258e-20
    3.4716123882257177e-21
    1.6243146363391982e-22
    6.7117701543835222e-24
    2.4390759854414766e-25
    7.7599776175190284e-27
    2.1506922207992582e-28
    5.1641494489490067e-30
    1.0678142111689624e-31
    1.8886837740587211e-33
    2.8362988954113961e-35
    3.5863658012656373e-37
    3.7826769052165524e-39
    3.2929652057909957e-41
    2.3376765589599024e-43
    1.3347190418338882e-45
    6.0320325318173705e-48
    2.1178860347344960e-50
    5.6511698960121392e-53
    1.1161565805575725e-55
    1.5803732595763400e-58
    1.5418520581947740e-61
    9.8587273527666852e-65
    3.8709383788360652e-68
    8.5500374386882928e-72
    9.3897693999057066e-76
    4.2604272005131739e-80
    5.8908445126917928e-85
    1.3896425368785882e-90
    1.2746795265279465e-97
