    3.5908653787059021e-03
    7.2038218090013262e-02
    2.2149573693649530e-01
    4.5188436045562058e-01
    7.6334643731486329e-01
    1.1560874130171102e+00
    1.6303694258545693e+00
    2.1865112335513111e+00
    2.8248891645291971e+00
    3.5459384697446796e+00
    4.3501549659377892e+00
    5.2380969547308096e+00
    6.2103874264581016e+00
    7.2677165670382751e+00
    8.4108445918768648e+00
    9.6406049356409991e+00
    1.0957907831719766e+01
    1.2363744320675476e+01
    1.3859190733242938e+01
    1.5445413700659868e+01
    1.7123675753531689e+01
    1.8895341580311264e+01
    2.0761885028119838e+01
    2.2724896942437962e+01
    2.4786093958633280e+01
    2.6947328377966318e+01
    2.9210599284381360e+01
    3.1578065087007811e+01
    3.4052057708089258e+01
    3.6635098678595348e+01
    3.9329917456090001e+01
    4.2139472344177193e+01
    4.5066974473507805e+01
    4.8115915405521335e+01
    5.1290099047983468e+01
    5.4593678734294500e+01
    5.8031200527828936e+01
    6.1607654083875097e+01
    6.5328532756880051e+01
    6.9199905110472329e+01
    7.3228500616194012e+01
    7.7421813178024706e+01
    8.1788227288025467e+01
    8.6337173245480159e+01
    9.1079320174536861e+01
    9.6026818892127594e+01
    1.0119361154995495e+02
    1.0659583228872344e+02
    1.1225233439617389e+02
    1.1818539726011255e+02
    1.2442169546455816e+02
    1.3099366156708552e+02
    1.3794146097078726e+02
    1.4531595860765702e+02
    1.5318337519685093e+02
    1.6163300592783236e+02
    1.7079094693709075e+02
    1.8084691141218960e+02
    1.9211408472766422e+02
    2.0519347660995803e+02
    2.2163778799641423e+02
