    2.3509375936764571e-02
    1.2388635196858820e-01
    3.0454104969753332e-01
    5.6563175293429435e-01
    9.0733464603216285e-01
    1.3298758848952092e+00
    1.8335353744232199e+00
    2.4186483474254530e+00
    3.0856067553473849e+00
    3.8348607889782733e+00
    4.6669206107227863e+00
    5.5823583336554448e+00
    6.5818102726364351e+00
    7.6659794919642232e+00
    8.8356386762027910e+00
    1.0091633354324378e+01
    1.1434885511712103e+01
    1.2866397629800645e+01
    1.4387257199262182e+01
    1.5998641759810294e+01
    1.7701824528086629e+01
    1.9498180684962087e+01
    2.1389194405232285e+01
    2.3376466726499277e+01
    2.5461724370489332e+01
    2.7646829649755706e+01
    2.9933791616417757e+01
    3.2324778638250635e+01
    3.4822132622288628e+01
    3.7428385148715627e+01
    4.0146275830225740e+01
    4.2978773276898039e+01
    4.5929099127436459e+01
    4.9000755708998014e+01
    5.2197558015954073e+01
    5.5523670861139522e+01
    5.8983652262818126e+01
    6.2582504402403238e+01
    6.6325733843770777e+01
    7.0219423175649368e+01
    7.4270316868213087e+01
    7.8485924987760399e+01
    8.2874649583828472e+01
    8.7445940193234108e+01
    9.2210487212572730e+01
    9.7180465213849089e+01
    1.0236984315932570e+02
    1.0779478580024674e+02
    1.1347418181937569e+02
    1.1943035211173365e+02
    1.2569002071194052e+02
    1.3228568016361953e+02
    1.3925757017398809e+02
    1.4665665002170769e+02
    1.5454926387004431e+02
    1.6302487458395038e+02
    1.7220981735409691e+02
    1.8229416932482147e+02
    1.9359172537600017e+02
    2.0670468510622763e+02
    2.2318888829974188e+02
