    1.6753444698734949e+00
    7.1797357943257645e-01
    4.6592036648837548e-01
    3.0929887061932232e-01
    1.9851994424567113e-01
    1.2073633323858983e-01
    6.8906338969262682e-02
    3.6698723834031978e-02
    1.8174081552796120e-02
    8.3474754489699723e-03
    3.5490018809105832e-03
    1.3944508696733008e-03
    5.0562992835139148e-04
    1.6897910519012257e-04
    5.1983909382156790e-05
    1.4703328849506914e-05
    3.8189705139040055e-06
    9.0975152254781260e-07
    1.9851286976001408e-07
    3.9624426591045656e-08
    7.2249524374066441e-09
    1.2015979079749072e-09
    1.8199125576960687e-10
    2.5059932521115635e-11
    3.1316202246301376e-12
    3.5447512820154004e-13
    3.6269202813238927e-14
    3.3470973340988656e-15
    2.7793752314262861e-16
    2.0714074932283599e-17
    1.3817415900386922e-18
    8.2250319109482664e-20
    4.3550884889594444e-21
    2.0440180078861944e-22
    8.4712439087318241e-24
    3.0873182384073066e-25
    9.8495471554756013e-27
    2.7370999420431498e-28
    6.5891216755715843e-30
    1.3658504800535592e-31
    2.4216442473968894e-33
    3.6451377816204696e-35
    4.6195197445885631e-37
    4.8830739901055377e-39
    4.2599699753977932e-41
    3.0304325005722095e-43
    1.7337568428651735e-45
    7.8508982485189569e-48
    2.7618282746362859e-50
    7.3833564410019933e-53
    1.4609889977354503e-55
    2.0724064741864611e-58
    2.0255402279142902e-61
    1.2974603237155438e-64
    5.1034041401631935e-68
    1.1292282162052771e-71
    1.2423492952995357e-75
    5.6471621085456476e-80
    7.8229315811123050e-85
    1.8491078558917259e-90
    1.6999953868844766e-97
