    9.6803978169825367e-01
    5.6729797253255154e-01
    4.0520348700963343e-01
    2.8507787675054258e-01
    1.9071722642288766e-01
    1.1976475984497767e-01
    7.0147675176610538e-02
    3.8178791813911588e-02
    1.9261019994169865e-02
    8.9906866732305142e-03
    3.8772945000318739e-03
    1.5429142695165337e-03
    5.6589437898359456e-04
    1.9108950580708407e-04
    5.9344542357584746e-05
    1.6931587431272954e-05
    4.4330776674099033e-06
    1.0639038349616279e-06
    2.3375597487823121e-07
    4.6960306491463594e-08
    8.6142563128451761e-09
    1.4407752260515081e-09
    2.1938004233931934e-10
    3.0360226156702588e-11
    3.8120067712784468e-12
    4.3343229889717288e-13
    4.4537430983636615e-14
    4.1268251793691039e-15
    3.4401052265989190e-16
    2.5732955866734159e-17
    1.7225791852509849e-18
    1.0288501582323228e-19
    5.4652800876854583e-21
    2.5730258290018020e-22
    1.0695415427115630e-23
    3.9090713947262276e-25
    1.2505591168278067e-26
    3.4844278937716726e-28
    8.4097129102731610e-30
    1.7475605020068826e-31
    3.1058458431600720e-33
    4.6858824335125159e-35
    5.9518467265587921e-37
    6.3051780117559485e-39
    5.5123067568399551e-41
    3.9294324246159703e-43
    2.2526266619339959e-45
    1.0220579203300303e-47
    3.6023766689777078e-50
    9.6486296294168568e-53
    1.9127717095665768e-55
    2.7182080544431660e-58
    2.6615198219485768e-61
    1.7078755163434619e-64
    6.7296246513021267e-68
    1.4916980433655665e-71
    1.6440550126177705e-75
    7.4866848037880963e-80
    1.0390633551154822e-84
    2.4609352464495119e-90
    2.2676256639925944e-97
