    5.8932687662256109e-02
    1.2411626840231255e-01
    1.6286627320643052e-01
    1.7117481665827375e-01
    1.5420690669676415e-01
    1.2248117140938748e-01
    8.7009070353518014e-02
    5.5737156968025413e-02
    3.2358424947224157e-02
    1.7079678725493149e-02
    8.2133190363385070e-03
    3.6030952922034699e-03
    1.4430907881165702e-03
    5.2789352072840786e-04
    1.7639123865326168e-04
    5.3829866379446506e-05
    1.4998020648007333e-05
    3.8131163855929468e-06
    8.8402106582265258e-07
    1.8673134900794718e-07
    3.5901867259581849e-08
    6.2758698446066171e-09
    9.9618201450262596e-10
    1.4338379403463344e-10
    1.8684559004601456e-11
    2.2006209261879987e-12
    2.3381655883090942e-13
    2.2365903178197793e-14
    1.9218190169813310e-15
    1.4797934717529530e-16
    1.0183725763170079e-17
    6.2457102270909588e-19
    3.4030425791063050e-20
    1.6416516379465731e-21
    6.9856001238460407e-23
    2.6113451213555758e-24
    8.5373039040460115e-26
    2.4290638177008823e-27
    5.9822798301852699e-29
    1.2676624571117491e-30
    2.2959589670921545e-32
    3.5280396001911176e-34
    4.5615633917794239e-36
    4.9165169001753318e-38
    4.3710482749870673e-40
    3.1672543558837330e-42
    1.8448741710358792e-44
    8.5018900149872253e-47
    3.0425949701451910e-49
    8.2718607472787019e-52
    1.6640499980118939e-54
    2.3991168843968382e-57
    2.3827707840624077e-60
    1.5507161700282483e-63
    6.1966335948492524e-67
    1.3929406155816590e-70
    1.5570283164471024e-74
    7.1929065492934706e-79
    1.0132189651778520e-83
    2.4379432450110330e-89
    2.2872422946135502e-96
