    2.9501254850747803e-03
    7.0031407400617376e-02
    2.1817955109501352e-01
    4.4728051945437475e-01
    7.5747456159638360e-01
    1.1489661554242894e+00
    1.6220166649086658e+00
    2.1769441425362874e+00
    2.8141242518256759e+00
    3.5339916093969639e+00
    4.3370414236101809e+00
    5.2238314108048041e+00
    6.1949839969862870e+00
    7.2511888229008346e+00
    8.3932055763347986e+00
    9.6218671804092111e+00
    1.0938083371645838e+01
    1.2342844707085863e+01
    1.3837227046002875e+01
    1.5422396558979298e+01
    1.7099615325538636e+01
    1.8870247591402780e+01
    2.0735766768089956e+01
    2.2697763271370942e+01
    2.4757953311538369e+01
    2.6918188768117229e+01
    2.9180468305309368e+01
    3.1546949913080866e+01
    3.4019965093590756e+01
    3.6602034955194988e+01
    3.9295888528572526e+01
    4.2104483684266285e+01
    4.5031031111584312e+01
    4.8079021919992378e+01
    5.1252259552005007e+01
    5.4554896859483783e+01
    5.7991479404520845e+01
    6.1566996317374063e+01
    6.5286940399027813e+01
    6.9157379625683632e+01
    7.3185042840897168e+01
    7.7377423272158353e+01
    8.1742904676866772e+01
    8.6290916549573794e+01
    9.1032127124804674e+01
    9.5978686226281525e+01
    1.0114453488498721e+02
    1.0654580596231013e+02
    1.1220135126696798e+02
    1.1813344845259793e+02
    1.2436877003743977e+02
    1.3093974607344830e+02
    1.3788653886030770e+02
    1.4526000938978629e+02
    1.5312637322590220e+02
    1.6157491855612915e+02
    1.7073173153453845e+02
    1.8078651015084168e+02
    1.9205241432841493e+02
    2.0513040410787661e+02
    2.2157304935490822e+02
