    2.4648983363365593e+00
    8.3205954309968000e-01
    5.0821927652902332e-01
    3.2548406114876172e-01
    2.0366917819834307e-01
    1.2147229012647244e-01
    6.8241385442546570e-02
    3.5869312847856986e-02
    1.7564731901177889e-02
    7.9891225433347604e-03
    3.3675066959793411e-03
    1.3130181688908169e-03
    4.7282564573692683e-04
    1.5703011759107385e-04
    4.8032930608547034e-05
    1.3514836374877717e-05
    3.4933648959227515e-06
    8.2847274818068973e-07
    1.8002743202313774e-07
    3.5795539268559929e-08
    6.5031689593145298e-09
    1.0778799426401719e-09
    1.6273103280273481e-10
    2.2340223827108244e-11
    2.7837892729234751e-12
    3.1425211246103629e-13
    3.2071224226544567e-14
    2.9524728779331303e-15
    2.4459937384611416e-16
    1.8189085674678159e-17
    1.2107440943680743e-18
    7.1925545133508954e-20
    3.8010146007096866e-21
    1.7806500176981476e-22
    7.3665518363786623e-24
    2.6801024481408821e-25
    8.5362456046677867e-27
    2.3683603700943098e-28
    5.6926604494351028e-30
    1.1782679624110165e-31
    2.0860535463770800e-33
    3.1356162015827588e-35
    3.9684228689522882e-37
    4.1893211537512654e-39
    3.6500767024291084e-41
    2.5933425248243279e-43
    1.4818930118717048e-45
    6.7024544598719644e-48
    2.3550948508874075e-50
    6.2888752454260408e-53
    1.2430325896300988e-55
    1.7613054097149934e-58
    1.7196144288144566e-61
    1.1003211707658456e-64
    4.3233785866291527e-68
    9.5561559510414811e-72
    1.0502202129966182e-75
    4.7686354035643459e-80
    6.5984917228032301e-85
    1.5578200609911839e-90
    1.4302450986093723e-97
