    1.6686842928103638e+00
    7.1592861203711566e-01
    4.6572412375449651e-01
    3.1032507863283748e-01
    2.0018568327135594e-01
    1.2252657817515245e-01
    7.0468257592955816e-02
    3.7871507030192313e-02
    1.8951102724815934e-02
    8.8076457647944719e-03
    3.7944286428644894e-03
    1.5128767922873187e-03
    5.5748272105895548e-04
    1.8961951503775501e-04
    5.9462079823945747e-05
    1.7171022662218665e-05
    4.5608386516814678e-06
    1.1129358944017858e-06
    2.4919581183620758e-07
    5.1133167489337196e-08
    9.6022959992496535e-09
    1.6479543156083278e-09
    2.5808568934453093e-10
    3.6824910926254974e-11
    4.7790739540744053e-12
    5.6310000481745707e-13
    6.0121218913446713e-14
    5.8045841299259435e-15
    5.0565016303030357e-16
    3.9648522061528277e-17
    2.7911550871121570e-18
    1.7592006039125423e-19
    9.8973348351576637e-21
    4.9542957291075775e-22
    2.1987494025945653e-23
    8.6185708802579516e-25
    2.9712974949726966e-26
    8.9686131929061901e-28
    2.3582992059843741e-29
    5.3724997965173208e-31
    1.0539490458287372e-32
    1.7685027358955999e-34
    2.5193165959180862e-36
    3.0214474980034596e-38
    3.0221545325895912e-40
    2.4944121189656756e-42
    1.6784658206817169e-44
    9.0807477753264753e-47
    3.8870928225050008e-49
    1.2920611278508363e-51
    3.2620093800993088e-54
    6.0916412858235634e-57
    8.1482589637980346e-60
    7.5023922385222627e-63
    4.5215448667730376e-66
    1.6707765364446283e-69
    3.4662248130470035e-73
    3.5663863523386101e-77
    1.5108625352939928e-81
    1.9409613557106979e-86
    4.2210531974185202e-92
    3.5147046950070238e-99
