        0.0000000000000000
        0.0000000000000000
        0.0000000000000000
        0.0000000000000000
        0.0000000000000000
        0.0000000000000000
        0.0000000000000000
        0.0000000000000000
        0.0000000000000000
        0.0000000000000000
        0.0000000000000000
        0.0000000000000016
        0.0000000000000570
        0.0000000000015952
        0.0000000000347794
        0.0000000005992693
        0.0000000082638648
        0.0000000921857373
        0.0000008395636882
        0.0000062919256841
        0.0000390669326887
        0.0002021521799946
        0.0008761600412960
        0.0031945104951283
        0.0098342822671495
        0.0256418445446699
        0.0567735564411293
        0.1069655603592887
        0.1717735112789321
        0.2354014137664905
        0.2755176345713128
        0.2755176345713132
        0.2354014137664904
        0.1717735112789319
        0.1069655603592892
        0.0567735564411289
        0.0256418445446697
        0.0098342822671496
        0.0031945104951283
        0.0008761600412960
        0.0002021521799946
        0.0000390669326887
        0.0000062919256841
        0.0000008395636882
        0.0000000921857373
        0.0000000082638648
        0.0000000005992693
        0.0000000000347794
        0.0000000000015952
        0.0000000000000570
        0.0000000000000016
        0.0000000000000000
        0.0000000000000000
        0.0000000000000000
        0.0000000000000000
        0.0000000000000000
        0.0000000000000000
        0.0000000000000000
        0.0000000000000000
        0.0000000000000000
        0.0000000000000000
        0.0000000000000000
