    9.6291866456311759e-01
    5.6496552749895534e-01
    4.0454005796798764e-01
    2.8568959121929827e-01
    1.9210180406701716e-01
    1.2140975848018583e-01
    7.1663622111495559e-02
    3.9359825296116036e-02
    2.0065420676773259e-02
    9.4776692303594721e-03
    4.1418026051151663e-03
    1.6725476134226607e-03
    6.2342720243987245e-04
    2.1426609978098562e-04
    6.7831735955290086e-05
    1.9759369121391356e-05
    5.2906875658625604e-06
    1.3006820141815425e-06
    2.9325727988501713e-07
    6.0564319038814350e-08
    1.1442367726296527e-08
    1.9749298323463282e-09
    3.1095031204173847e-10
    4.4592104596660289e-11
    5.8147334431837015e-12
    6.8822825297897787e-13
    7.3796544920297769e-14
    7.1540050308130708e-15
    6.2562496214690605e-16
    4.9237858246462618e-17
    3.4785053364179378e-18
    2.1998559531027803e-19
    1.2416686755082513e-20
    6.2347742856404606e-22
    2.7753171672598605e-23
    1.0909895376867480e-24
    3.7716692370448605e-26
    1.1414888011069356e-27
    3.0092880991908251e-29
    6.8726149168337223e-31
    1.3514832033582144e-32
    2.2730511250606275e-34
    3.2453968222797208e-36
    3.9007930705306078e-38
    3.9100336211004164e-40
    3.2339480073524452e-42
    2.1804954347847062e-44
    1.1820089844828236e-46
    5.0694512895440597e-49
    1.6882554100980378e-51
    4.2701519571023418e-54
    7.9887968714811650e-57
    1.0705051619878691e-59
    9.8739478887263469e-63
    5.9612577721165430e-66
    2.2066093900825785e-69
    4.5858509713828525e-73
    4.7266479605205032e-77
    2.0059728153230211e-81
    2.5817781078186183e-86
    5.6257047242055037e-92
    4.6948149492838985e-99
