    2.4570498963595826e+00
    8.3032209086143338e-01
    5.0837707326319304e-01
    3.2679348773481731e-01
    2.0551669461390634e-01
    1.2335327830124211e-01
    6.9831598761584568e-02
    3.7037657027812136e-02
    1.8326172397473715e-02
    8.4341586315130369e-03
    3.6022738831759300e-03
    1.4252452988934238e-03
    5.2156561869770698e-04
    1.7629229470970663e-04
    5.4966988423290680e-05
    1.5789726757017519e-05
    4.1736650322973676e-06
    1.0138950149124943e-06
    2.2607397998980288e-07
    4.6208418330559253e-08
    8.6459063382093486e-09
    1.4787505608369179e-09
    2.3084244759095918e-10
    3.2837856039523145e-11
    4.2494260801150213e-12
    4.9933410651213810e-13
    5.3175646081814994e-14
    5.1214220167002579e-15
    4.4509713240999205e-16
    3.4822794438836369e-17
    2.4462215399001933e-18
    1.5386591207215533e-19
    8.6396804695737255e-21
    4.3166637296939197e-22
    1.9123219493305720e-23
    7.4828912833802187e-25
    2.5754737308401483e-26
    7.7613835544936129e-28
    2.0376986772798005e-29
    4.6351887627991109e-31
    9.0799166337594031e-33
    1.5214549376476153e-34
    2.1644412143394195e-36
    2.5924186143158383e-38
    2.5897029014911967e-40
    2.1348123986630207e-42
    1.4347498404527473e-44
    7.7530099591073441e-47
    3.3149004888564463e-49
    1.1006170622736683e-51
    2.7755920023527137e-54
    5.1776236737437117e-57
    6.9182138276194719e-60
    6.3630862285687255e-63
    3.8308758196826471e-66
    1.4140839022917793e-69
    2.9306171587796367e-73
    3.0121249736279013e-77
    1.2746872763823455e-81
    1.6357376631826527e-86
    3.5530746924294008e-92
    2.9545228000034338e-99
