    3.5330413602897210e-03
    7.0877968958659665e-02
    2.1792690129544315e-01
    4.4459893068516598e-01
    7.5102928116521783e-01
    1.1374135095407567e+00
    1.6040011566191013e+00
    2.1510956136260266e+00
    2.7790549823550270e+00
    3.4882933140139225e+00
    4.2792821181064582e+00
    5.1525521245154211e+00
    6.1086953057091016e+00
    7.1483671749319049e+00
    8.2722893814328522e+00
    9.4812526281037321e+00
    1.0776119941254354e+01
    1.2157830327021694e+01
    1.3627402854310375e+01
    1.5185941210374484e+01
    1.6834638782361889e+01
    1.8574784326565691e+01
    2.0407768297019551e+01
    2.2335089916747979e+01
    2.4358365088825501e+01
    2.6479335260891997e+01
    2.8699877376516458e+01
    3.1022015070560311e+01
    3.3447931294423626e+01
    3.5979982591994798e+01
    3.8620715289843005e+01
    4.1372883917739593e+01
    4.4239472240625922e+01
    4.7223717364168493e+01
    5.0329137477688036e+01
    5.3559563926716812e+01
    5.6919178471096515e+01
    6.0412556794777998e+01
    6.4044719606046300e+01
    6.7821193023681019e+01
    7.1748080416520565e+01
    7.5832148495310406e+01
    8.0080931310863420e+01
    8.4502856986344469e+01
    8.9107403646254099e+01
    9.3905293318303507e+01
    9.8908735917025865e+01
    1.0413174031341566e+02
    1.0959051684461262e+02
    1.1530400692562625e+02
    1.2129459331148820e+02
    1.2758907375743527e+02
    1.3422003025667530e+02
    1.4122781334012328e+02
    1.4866352302729317e+02
    1.5659368765254590e+02
    1.6510802026694310e+02
    1.7433321277404275e+02
    1.8445988542934339e+02
    1.9580274265237776e+02
    2.0896575961744355e+02
    2.2550945985634016e+02
