    3.2980970163412913e+00
    9.1906305482652206e-01
    5.3968510171992745e-01
    3.3855443469342283e-01
    2.0928657886671156e-01
    1.2397185103582009e-01
    6.9440082432059458e-02
    3.6505242566136485e-02
    1.7926686602955280e-02
    8.1962803392058060e-03
    3.4804685173334656e-03
    1.3699681883149108e-03
    4.9901701986602000e-04
    1.6796321175155030e-04
    5.2169599634524544e-05
    1.4933529740119461e-05
    3.9345674808429894e-06
    9.5294582339486686e-07
    2.1189146633418504e-07
    4.3196951672706559e-08
    8.0627703170290171e-09
    1.3758642968263857e-09
    2.1431963922935921e-10
    3.0425647863810735e-11
    3.9297264067194183e-12
    4.6092923484258242e-13
    4.9001234142626145e-14
    4.7116490037294118e-15
    4.0884550312165488e-16
    3.1939006514799856e-17
    2.2404530043228714e-18
    1.4073156211259252e-19
    7.8918831574443673e-21
    3.9381126066216445e-22
    1.7425262819391118e-23
    6.8106126511721936e-25
    2.3414826522995229e-26
    7.0486745346512905e-28
    1.8486684888527970e-29
    4.2009979641950081e-31
    8.2214249191038959e-33
    1.3763148781726097e-34
    1.9561871355674142e-36
    2.3409234790205858e-38
    2.3364705742747312e-40
    1.9244579373066550e-42
    1.2923273726447060e-44
    6.9778712611768603e-47
    2.9811734952470993e-49
    9.8906382981004951e-52
    2.4924214235156509e-54
    4.6460061228869714e-57
    6.2034256172634153e-60
    5.7016117985922450e-63
    3.4302283096095964e-66
    1.2653097434249811e-69
    2.6204596085552594e-73
    2.6914472464536216e-77
    1.1381660233256467e-81
    1.4594660850447334e-86
    3.1676864506843129e-92
    2.6316905368829961e-99
