    2.9026066284974987e-03
    6.8903181845840031e-02
    2.1466322991306047e-01
    4.4006745616544385e-01
    7.4524904187612229e-01
    1.1304026132909504e+00
    1.5957769694792292e+00
    2.1416748266884427e+00
    2.7684536503239681e+00
    3.4765268842941950e+00
    4.2663654554559134e+00
    5.1384995329776535e+00
    6.0935205485249506e+00
    7.1320834927650942e+00
    8.2549095090969473e+00
    9.4627888099084352e+00
    1.0756583945052936e+01
    1.2137233457019265e+01
    1.3605755962677266e+01
    1.5163254707697176e+01
    1.6810922646953181e+01
    1.8550048112646277e+01
    2.0382021141773460e+01
    2.2308340546244633e+01
    2.4330621822790565e+01
    2.6450606016297957e+01
    2.8670169669951747e+01
    3.0991336019321785e+01
    3.3416287616261187e+01
    3.5947380603418857e+01
    3.8587160902885216e+01
    4.1338382635030122e+01
    4.4204029148623349e+01
    4.7187337124341497e+01
    5.0291824315403957e+01
    5.3521321617541432e+01
    5.6880010324141956e+01
    6.0372465632656208e+01
    6.4003707740882078e+01
    6.7779262228510419e+01
    7.1705231891234433e+01
    7.5788382826085936e+01
    8.0036248421751608e+01
    8.4457256081299306e+01
    8.9060883139397959e+01
    9.3857850749534123e+01
    9.8860367849124472e+01
    1.0408244220548487e+02
    1.0954028289474596e+02
    1.1525282987288796e+02
    1.2124246418301843e+02
    1.2753598153986515e+02
    1.3416596146040561e+02
    1.4117275140725613e+02
    1.4860744750295729e+02
    1.5653657298197271e+02
    1.6504983396705234e+02
    1.7427391248306367e+02
    1.8439941374443893e+02
    1.9574101698150901e+02
    2.0890264819533709e+02
    2.2544470120755304e+02
