    4.5088177853468787e-03
    7.3862571131097760e-02
    2.2284367739065417e-01
    4.5141625669175139e-01
    7.5971861366442872e-01
    1.1479477137977474e+00
    1.6163542145047218e+00
    2.1652425202740737e+00
    2.7949716870666452e+00
    3.5059566761412935e+00
    4.2986698698831907e+00
    5.1736428380941666e+00
    6.1314683632901454e+00
    7.1728027414487103e+00
    8.2983683794992338e+00
    9.5089567150379075e+00
    1.0805431488053330e+01
    1.2188732399194523e+01
    1.3659879194502389e+01
    1.5219976222733681e+01
    1.6870217518614282e+01
    1.8611892473781364e+01
    2.0446392167065675e+01
    2.2375216437439882e+01
    2.4399981796802297e+01
    2.6522430296260435e+01
    2.8744439479325095e+01
    3.1068033579186896e+01
    3.3495396145982227e+01
    3.6028884324896524e+01
    3.8671045048676206e+01
    4.1424633460672176e+01
    4.4292633949577663e+01
    4.7278284258054711e+01
    5.0385103229099911e+01
    5.3616922882484403e+01
    5.6977925677276914e+01
    6.0472688026734048e+01
    6.4106231404433501e+01
    6.7884082737354333e+01
    7.1812346253622536e+01
    7.5897789584121156e+01
    8.0147947772419073e+01
    8.4571250021384444e+01
    8.9177175639812830e+01
    9.3976447966285065e+01
    9.8981278380518248e+01
    1.0420567740850581e+02
    1.0966585727834276e+02
    1.1538076159296971e+02
    1.2137277567462512e+02
    1.2766870033853357e+02
    1.3430112129134665e+02
    1.4131039366534921e+02
    1.4874762332418416e+02
    1.5667934625035937e+02
    1.6519528588513373e+02
    1.7442214894690665e+02
    1.8455057824794309e+02
    1.9589531598350067e+02
    2.0906041107192982e+02
    2.2560658156830286e+02
