    6.2138108002809042e-03
    7.8897053774066264e-02
    2.3109510086152280e-01
    4.6283211262469631e-01
    7.7425141354146976e-01
    1.1655523203049079e+00
    1.6369873530361003e+00
    2.1888626037879964e+00
    2.8215387162407257e+00
    3.5354321652991088e+00
    4.3310167848687042e+00
    5.2088255413299436e+00
    6.1694525640676074e+00
    7.2135554505172017e+00
    8.3418578674402983e+00
    9.5551524741058103e+00
    1.0854304197265241e+01
    1.2240253892514607e+01
    1.3714022432005571e+01
    1.5276715264666610e+01
    1.6929527502298100e+01
    1.8673749593325926e+01
    2.0510773655888848e+01
    2.2442100553610750e+01
    2.4469347811252888e+01
    2.6594258483938720e+01
    2.8818711113392975e+01
    3.1144730928401863e+01
    3.3574502475440177e+01
    3.6110383900359267e+01
    3.8754923144759644e+01
    4.1510876373234112e+01
    4.4381229012717327e+01
    4.7369219866226778e+01
    5.0478368864952223e+01
    5.3712509151161704e+01
    5.7075824348095928e+01
    6.0572892083337436e+01
    6.4208735104785518e+01
    6.7988881685264772e+01
    7.1919437483898960e+01
    7.6007171663985687e+01
    8.0259620922528939e+01
    8.4685216260727145e+01
    8.9293438959996706e+01
    9.4095014542454649e+01
    9.9102156828486741e+01
    1.0432887910103437e+02
    1.0979139673829533e+02
    1.1550865698813541e+02
    1.2150304944965492e+02
    1.2780138003599590e+02
    1.3443624064047896e+02
    1.4144799406146510e+02
    1.4888775589926772e+02
    1.5682207487877662e+02
    1.6534069175220114e+02
    1.7457033792082473e+02
    1.8470169377864826e+02
    1.9604956445895073e+02
    2.0921812174472362e+02
    2.2576840778463747e+02
