    2.3133210618384737e-02
    1.2190356316628746e-01
    2.9966456879215259e-01
    5.5656827497299466e-01
    8.9278266234647363e-01
    1.3085231641323016e+00
    1.8040563320129601e+00
    2.3797013253348664e+00
    3.0358312009534703e+00
    3.7728743157379636e+00
    4.5913159207236642e+00
    5.4916999800196420e+00
    6.4746312375045774e+00
    7.5407775532156407e+00
    8.6908725330715075e+00
    9.9257184785599986e+00
    1.1246189686818186e+01
    1.2653236136048509e+01
    1.4147887596493000e+01
    1.5731258213341377e+01
    1.7404551615129709e+01
    1.9169066609599160e+01
    2.1026203538875091e+01
    2.2977471377508977e+01
    2.5024495670781928e+01
    2.7169027427183739e+01
    2.9412953098753363e+01
    3.1758305806762667e+01
    3.4207277999002571e+01
    3.6762235759926185e+01
    3.9425735037695041e+01
    4.2200540104810045e+01
    4.5089644634156159e+01
    4.8096295853455096e+01
    5.1224022342946817e+01
    5.4476666169820554e+01
    5.7858420216869050e+01
    6.1373871773472452e+01
    6.5028053730076479e+01
    6.8826505074774829e+01
    7.2775342863433536e+01
    7.6881348467375801e+01
    8.1152071759392356e+01
    8.5595958074809900e+01
    9.0222504422194916e+01
    9.5042453736238485e+01
    1.0006803930433571e+02
    1.0531329640312720e+02
    1.1079446554502459e+02
    1.1653052306441280e+02
    1.2254389269406762e+02
    1.2886142103804553e+02
    1.3551574937536995e+02
    1.4254730170422962e+02
    1.5000727135947321e+02
    1.5796230880197587e+02
    1.6650229300050205e+02
    1.7575415243756657e+02
    1.8590886758363982e+02
    1.9728174611115494e+02
    2.1047794083168787e+02
    2.2706108162647766e+02
