    2.2768893732585817e-02
    1.1998325242729557e-01
    2.9494185444771126e-01
    5.4779087896238010e-01
    8.7869061179931773e-01
    1.2878464335919679e+00
    1.7755123815388527e+00
    2.3419925567085835e+00
    2.9876423223246253e+00
    3.7128695992017842e+00
    4.5181363349503618e+00
    5.4039601781825990e+00
    6.3709163787865428e+00
    7.4196399339311849e+00
    8.5508280008403315e+00
    9.7652425999245231e+00
    1.1063713635140646e+01
    1.2447142262356492e+01
    1.3916504641057806e+01
    1.5472856110036291e+01
    1.7117335833863599e+01
    1.8851171974154834e+01
    2.0675687448056514e+01
    2.2592306346311528e+01
    2.4602561094972639e+01
    2.6708100458737341e+01
    2.8910698500451385e+01
    3.1212264631175913e+01
    3.3614854909101133e+01
    3.6120684774484801e+01
    3.8732143442933598e+01
    4.1451810222318763e+01
    4.4282473071479195e+01
    4.7227149784295690e+01
    5.0289112264240686e+01
    5.3471914456788667e+01
    5.6779424636342064e+01
    6.0215862909019883e+01
    6.3785845004236002e+01
    6.7494433702293904e+01
    7.1347199604295312e+01
    7.5350293425653263e+01
    7.9510532629986287e+01
    8.3835506080872221e+01
    8.8333701570354350e+01
    9.3014662728558548e+01
    9.7889184147578135e+01
    1.0296955690741383e+02
    1.0826988161961597e+02
    1.1380647350287462e+02
    1.1959839538830461e+02
    1.2566817255856117e+02
    1.3204277272091167e+02
    1.3875498418103783e+02
    1.4584541318313552e+02
    1.5336548459497860e+02
    1.6138215194813759e+02
    1.6998570600665849e+02
    1.7930366247401585e+02
    1.8952789596532457e+02
    2.0097521159924665e+02
    2.1425368536638777e+02
    2.3093465747089698e+02
