    2.8565943169125336e-03
    6.7810735083589327e-02
    2.1125848436098896e-01
    4.3308347391853280e-01
    7.3341226602313592e-01
    1.1124302556739165e+00
    1.5703744704647957e+00
    2.1075332634473898e+00
    2.7242470633746021e+00
    3.4209095021049283e+00
    4.1979687977380404e+00
    5.0559293722919501e+00
    5.9953537081496764e+00
    7.0168644566531757e+00
    8.1211468172079755e+00
    9.3089512091988347e+00
    1.0581096262878420e+01
    1.1938472159562416e+01
    1.3382044356150724e+01
    1.4912857734358544e+01
    1.6532041221238874e+01
    1.8240812934789982e+01
    2.0040485916874836e+01
    2.1932474525594102e+01
    2.3918301570959589e+01
    2.5999606291601872e+01
    2.8178153286794782e+01
    3.0455842537898523e+01
    3.2834720677171383e+01
    3.5316993690747985e+01
    3.7905041277661326e+01
    4.0601433129683514e+01
    4.3408947449528199e+01
    4.6330592090270571e+01
    4.9369628780213546e+01
    5.2529600999520738e+01
    5.5814366203969776e+01
    5.9228133255564856e+01
    6.2775506130933202e+01
    6.6461535252214162e+01
    7.0291778143545116e+01
    7.4272371590342431e+01
    7.8410118112851606e+01
    8.2712590424504540e+01
    8.7188258724768332e+01
    9.1846647318471440e+01
    9.6698529377891660e+01
    1.0175617201201371e+02
    1.0703364872562481e+02
    1.1254724373503689e+02
    1.1831598396836469e+02
    1.2436235254913446e+02
    1.3071326689971772e+02
    1.3740145426861000e+02
    1.4446744520847065e+02
    1.5196256841673411e+02
    1.5995365153165943e+02
    1.6853081425181574e+02
    1.7782132833252959e+02
    1.8801669692889621e+02
    1.9943310306303621e+02
    2.1267740833446967e+02
    2.2931774987532063e+02
