    3.4770501204452083e-03
    6.9754504668789269e-02
    2.1447127894245904e-01
    4.3754482279767304e-01
    7.3910368728019582e-01
    1.1193341629976288e+00
    1.5784739885725674e+00
    2.1168121635118653e+00
    2.7346897260652323e+00
    3.4325008898813660e+00
    4.2106944314177639e+00
    5.0697753102089527e+00
    6.0103065272220393e+00
    7.0329112350339971e+00
    8.1382751183392426e+00
    9.3271490671547639e+00
    1.0600352168920335e+01
    1.1958775049847794e+01
    1.3403383600553591e+01
    1.4935223126369545e+01
    1.6555422968922947e+01
    1.8265201652787976e+01
    2.0065872619444360e+01
    2.1958850620693401e+01
    2.3945658855387297e+01
    2.6027936947215210e+01
    2.8207449877839597e+01
    3.0486098009496114e+01
    3.2865928355020912e+01
    3.5349147282118018e+01
    3.7938134873762202e+01
    4.0635461209532814e+01
    4.3443904885446329e+01
    4.6366474155171687e+01
    4.9406431156894335e+01
    5.2567319792189146e+01
    5.5852997952311284e+01
    5.9267674951705835e+01
    6.2815955239742308e+01
    6.6502889735483620e+01
    7.0334036488721509e+01
    7.4315532844640643e+01
    7.8454181923798188e+01
    8.2757557088235203e+01
    8.7234129243772685e+01
    9.1893423470974199e+01
    9.6746213801736886e+01
    1.0180476830685370e+02
    1.0708316157853831e+02
    1.1259767907660355e+02
    1.1836734916901963e+02
    1.2441465666985194e+02
    1.3076652101762738e+02
    1.3745567190868428e+02
    1.4452264293000172e+02
    1.5201876663405417e+02
    1.6001087570536274e+02
    1.6858909669918802e+02
    1.7788071114862296e+02
    1.8807723709718337e+02
    1.9949488250104224e+02
    2.1274055763360406e+02
    2.2938252801081128e+02
