    4.4373907841575065e-03
    7.2692255366941835e-02
    2.1931145118433804e-01
    4.4425670699884112e-01
    7.4765957332223676e-01
    1.1297076969037561e+00
    1.5906398869225444e+00
    2.1307461134223757e+00
    2.7503683285553238e+00
    3.4499016178318840e+00
    4.2297955942300831e+00
    5.0905560224765098e+00
    6.0327466803238039e+00
    7.0569914711309742e+00
    8.1639768064889680e+00
    9.3544542813664240e+00
    1.0629243668029238e+01
    1.1989236259121306e+01
    1.3435398594963335e+01
    1.4968776615481501e+01
    1.6590500283372030e+01
    1.8301788732316702e+01
    2.0103956002498318e+01
    2.1998417435579139e+01
    2.3986696813012202e+01
    2.6070434335443014e+01
    2.8251395557511792e+01
    3.0531481412187102e+01
    3.2912739482614278e+01
    3.5397376708315306e+01
    3.7987773747661180e+01
    4.0686501261443880e+01
    4.3496338435152090e+01
    4.6420294122879270e+01
    4.9461631077181188e+01
    5.2623893831309019e+01
    5.5910940929303678e+01
    5.9326982363850149e+01
    6.2876623293016898e+01
    6.6564915380843445e+01
    7.0397417465197506e+01
    7.4380267730511875e+01
    7.8520270197405949e+01
    8.2824999200424884e+01
    8.7302926704503335e+01
    9.1963578953379709e+01
    9.6817731267935599e+01
    1.0187765316120992e+02
    1.0715742085606017e+02
    1.1267332167701554e+02
    1.1844438615124369e+02
    1.2449310162796219e+02
    1.3084639056918482e+02
    1.3753698634214217e+02
    1.4460542708424992e+02
    1.5210305112924991e+02
    1.6009669872940756e+02
    1.6867650672281283e+02
    1.7796977130609852e+02
    1.8816803285070503e+02
    1.9958753670601709e+02
    2.1283526614086571e+02
    2.2947967920602065e+02
