      -10.4354998778541820
       -9.8028759912975136
       -9.2792019543050444
       -8.8118581437284540
       -8.3807683451863397
       -7.9755950801420372
       -7.5901395198641026
       -7.2203167078889656
       -6.8632544331795353
       -6.5168348106821155
       -6.1794379922705946
       -5.8497884000810663
       -5.5268572526403039
       -5.2097979830408336
       -4.8979018644975740
       -4.5905665744435193
       -4.2872733352824408
       -3.9875699104197171
       -3.6910577000963474
       -3.3973817713303860
       -3.1062230279282548
       -2.8172919672837988
       -2.5303236304711976
       -2.2450734604812057
       -1.9613138583081475
       -1.6788312791720132
       -1.3974237486049630
       -1.1168987050996464
       -0.8370710955894760
       -0.5577616642790819
       -0.2787953856711525
       -0.0000000000000002
        0.2787953856711514
        0.5577616642790818
        0.8370710955894767
        1.1168987050996459
        1.3974237486049614
        1.6788312791720137
        1.9613138583081464
        2.2450734604812062
        2.5303236304712011
        2.8172919672837984
        3.1062230279282539
        3.3973817713303931
        3.6910577000963469
        3.9875699104197162
        4.2872733352824399
        4.5905665744435202
        4.8979018644975776
        5.2097979830408345
        5.5268572526403004
        5.8497884000810645
        6.1794379922705946
        6.5168348106821137
        6.8632544331795335
        7.2203167078889621
        7.5901395198641106
        7.9755950801420399
        8.3807683451863380
        8.8118581437284558
        9.2792019543050497
        9.8028759912975207
       10.4354998778541720
