    1.6621544012587781e+00
    7.1390850940812889e-01
    4.6550454183140610e-01
    3.1130216251914528e-01
    2.0179899313051977e-01
    1.2427725922883565e-01
    7.2009543265280862e-02
    3.9040042602188789e-02
    1.9733619415115332e-02
    9.2765959954793694e-03
    4.0478418664497626e-03
    1.6369371102603325e-03
    6.1266996601433898e-04
    2.1196999947764461e-04
    6.7713088919003366e-05
    1.9949500407706176e-05
    5.4145833864712988e-06
    1.3523122818324398e-06
    3.1042670314581313e-07
    6.5415807222044509e-08
    1.2638472756898825e-08
    2.2356936982201705e-09
    3.6159302192126723e-10
    5.3390575044477222e-11
    7.1854041509027509e-12
    8.7991197517759873e-13
    9.7867318921891096e-14
    9.8673459705550958e-15
    8.9995426818547435e-16
    7.4084059482783344e-17
    5.4912003147576811e-18
    3.6552894301448996e-19
    2.1790824662721116e-20
    1.1598739501051985e-21
    5.4943051791482402e-23
    2.3080165629919129e-24
    8.5647411050629990e-26
    2.7958462255438352e-27
    7.9917384200357013e-29
    1.9902697561862786e-30
    4.2945883831318395e-32
    7.9802722587540366e-34
    1.2684179142304346e-35
    1.7115394732810899e-37
    1.9441852552292985e-39
    1.8416563420807443e-41
    1.4393227513224591e-43
    9.1686286806030381e-46
    4.6945184994077736e-48
    1.9011452173569349e-50
    5.9758588628881549e-53
    1.4259074345669772e-55
    2.5150045004723701e-58
    3.1747772179477708e-61
    2.7558700670359010e-64
    1.5639481441439439e-67
    5.4333129757832359e-71
    1.0577165244596922e-74
    1.0186084360944846e-78
    4.0251451498236520e-83
    4.7996718673035083e-88
    9.6126451786267126e-94
   7.2573019522995825e-101
