    2.4493490168962406e+00
    8.2860091113304013e-01
    5.0850400171024146e-01
    3.2804967418196923e-01
    2.0731092920044572e-01
    1.2519579398508945e-01
    7.1402784980140063e-02
    3.8202974751875729e-02
    1.9093682931082795e-02
    8.8880458195052820e-03
    3.8448549703848363e-03
    1.5428894930297869e-03
    5.7347157311437430e-04
    1.9716223780839737e-04
    6.2621732144887071e-05
    1.8352401981944838e-05
    4.9569262654612092e-06
    1.2324426167512545e-06
    2.8172694191923868e-07
    5.9136198962730373e-08
    1.1383488794024628e-08
    2.0067842603856162e-09
    3.2352206902855847e-10
    4.7623742102537148e-11
    6.3908330039534155e-12
    7.8047461388949929e-13
    8.6582645557087304e-14
    8.7080812964241644e-15
    7.9235981819430957e-16
    6.5080911435548896e-17
    4.8135602242975960e-18
    3.1976533208178260e-19
    1.9025280800089645e-20
    1.0107661666225824e-21
    4.7793349408906996e-23
    2.0041882056471150e-24
    7.4248350291537615e-26
    2.4198312725422591e-27
    6.9061632197288773e-29
    1.7173319529114236e-30
    3.7002584796069590e-32
    6.8662014352266948e-34
    1.0898540046107833e-35
    1.4686475747837762e-37
    1.6661322289688234e-39
    1.5762927784324616e-41
    1.2304308627332368e-43
    7.8286588372617843e-46
    4.0037799705909090e-48
    1.6195777440657865e-50
    5.0851571077948211e-53
    1.2120541761414762e-55
    2.1355224133210531e-58
    2.6928992559616413e-61
    2.3351380042666513e-64
    1.3238142733858113e-67
    4.5943321674469094e-71
    8.9346921978618024e-75
    8.5954111521542348e-79
    3.3929830916755068e-83
    4.0414418129384795e-88
    8.0846471996312441e-94
   6.0955857667514798e-101
