    6.1154386758725384e-03
    7.7647780507541841e-02
    2.2743443146092546e-01
    4.5549615160177381e-01
    7.6196937818907762e-01
    1.1470440217844724e+00
    1.6109606777070207e+00
    2.1540109325631311e+00
    2.7765382593302892e+00
    3.4789391937253789e+00
    4.2616647398450915e+00
    5.1252220013047856e+00
    6.0701760474661333e+00
    7.0971520300602764e+00
    8.2068375693595961e+00
    9.3999854325632537e+00
    1.0677416530748827e+01
    1.2040023264835554e+01
    1.3488773255655163e+01
    1.5024713498571678e+01
    1.6648974989280713e+01
    1.8362777874625873e+01
    2.0167437190702998e+01
    2.2064369260437083e+01
    2.4055098834524426e+01
    2.6141267073522211e+01
    2.8324640485422183e+01
    3.0607120952868492e+01
    3.2990757008037555e+01
    3.5477756542053626e+01
    3.8070501170906482e+01
    4.0771562522749093e+01
    4.3583720764241761e+01
    4.6509985748943024e+01
    4.9553621252153427e+01
    5.2718172858744140e+01
    5.6007500199586815e+01
    5.9425814396643624e+01
    6.2977721788045677e+01
    6.6668275278371098e+01
    7.0503035017868200e+01
    7.4488140588640533e+01
    7.8630397510331065e+01
    8.2937381737234801e+01
    8.7417566998365842e+01
    9.2080481474946879e+01
    9.6936902634983312e+01
    1.0199910239401548e+02
    1.0728115969132006e+02
    1.1279936495786210e+02
    1.1857275231790820e+02
    1.2462381334418586e+02
    1.3097947553586241e+02
    1.3767247837600161e+02
    1.4474336758329437e+02
    1.5224349112349429e+02
    1.6023970185737164e+02
    1.6882215375518791e+02
    1.7811816744451971e+02
    1.8831932049747616e+02
    1.9974192056449593e+02
    2.1299307253241852e+02
    2.2964155523439896e+02
