    3.2894762401450004e+00
    9.1761749256334157e-01
    5.4007975816807530e-01
    3.4001304609923289e-01
    2.1120754131317901e-01
    1.2587730828096194e-01
    7.1031558530770159e-02
    3.7668623096757975e-02
    1.8684518799752869e-02
    8.6404950845954467e-03
    3.7161378626257647e-03
    1.4835436987397158e-03
    5.4885413312066378e-04
    1.8790459456620776e-04
    5.9452185663385808e-05
    1.7362110133356700e-05
    4.6742111393299447e-06
    1.1586527104843773e-06
    2.6411780126999178e-07
    5.5295147590968591e-08
    1.0618083330060372e-08
    1.8675569820706195e-09
    3.0042658810419202e-10
    4.4133920841031475e-11
    5.9111148260768593e-12
    7.2057263595131972e-13
    7.9798964760921631e-14
    8.0125976310597397e-15
    7.2793369774256231e-16
    5.9699809505931434e-17
    4.4092498122578151e-18
    2.9250651485308569e-19
    1.7380652162063468e-20
    9.2223098897109522e-22
    4.3554406192977211e-23
    1.8243109851614313e-24
    6.7509004531030695e-26
    2.1978196411203153e-27
    6.2660272026960149e-29
    1.5565873771647599e-30
    3.3506532792995695e-32
    6.2116299868452429e-34
    9.8505741305904879e-36
    1.3262541292935201e-37
    1.5032995948262265e-39
    1.4210524933368285e-41
    1.1083505475271375e-43
    7.0463273975500606e-46
    3.6008857125219136e-48
    1.4554996364691599e-50
    4.5665965187786721e-53
    1.0876630100466640e-55
    1.9149872069516013e-58
    2.4131027897109422e-61
    2.0910571555722139e-64
    1.1846244143100931e-67
    4.1084467443736279e-71
    7.9842901267988161e-75
    7.6757787145478795e-79
    3.0278267256338517e-83
    3.6038642928364079e-88
    7.2036913661831677e-94
   5.4265503694080396e-101
