    9.5790419900719403e-01
    5.6266833925686677e-01
    4.0386442617304086e-01
    2.8625888360154300e-01
    1.9343560099088700e-01
    1.2301354880774859e-01
    7.3156281696925313e-02
    4.0534510655974840e-02
    2.0874291494691263e-02
    9.9732826592100442e-03
    4.4145896222280573e-03
    1.8081989311420064e-03
    6.8459732757899735e-04
    2.3933907287134967e-04
    7.7187729998699068e-05
    2.2940629364110199e-05
    6.2768535322080571e-06
    1.5794295144724239e-06
    3.6509150839112055e-07
    7.7436082791418457e-08
    1.5051974969428202e-08
    2.6778612170008910e-09
    4.3543887201864322e-10
    6.4620664150786871e-11
    8.7385211834221919e-12
    1.0749708131973743e-12
    1.2007867555921393e-13
    1.2156472699480202e-14
    1.1130694932405730e-15
    9.1969401762203666e-17
    6.8411740546867298e-18
    4.5694423042562431e-19
    2.7329473971249164e-20
    1.4592410483936761e-21
    6.9332056679254329e-23
    2.9208909280531791e-24
    1.0869239350647706e-25
    3.5576492791461239e-27
    1.0195659543529882e-28
    2.5454942582078540e-30
    5.5059489528127108e-32
    1.0255230572980086e-33
    1.6337136831056821e-35
    2.2093125259291875e-37
    2.5149957468331465e-39
    2.3873282263975463e-41
    1.8695710923758280e-43
    1.1932913020067905e-45
    6.1216877317471865e-48
    2.4837898454255463e-50
    7.8217230658562967e-53
    1.8697383802747526e-55
    3.3037135287655370e-58
    4.1777232470622636e-61
    3.6327779902736313e-64
    2.0651407724500265e-67
    7.1868043466903661e-71
    1.4014730030077179e-74
    1.3519885330063341e-78
    5.3519425860579171e-83
    6.3934088155403135e-88
    1.2829416683973862e-93
   9.7073553971718913e-101
