    1.6557502793071557e+00
    7.1191291172423821e-01
    4.6526321031769513e-01
    3.1223241476737484e-01
    2.0336172651464207e-01
    1.2598921113852526e-01
    7.3530090019851196e-02
    4.0203735386427790e-02
    2.0521003926245843e-02
    9.7539139537250567e-03
    4.3090757565038187e-03
    1.7666284386897329e-03
    6.7125335729523920e-04
    2.3609567266270781e-04
    7.6782385599053336e-05
    2.3063965956768277e-05
    6.3919788070938706e-06
    1.6326397503207066e-06
    3.8389430676345979e-07
    8.3003053996793546e-08
    1.6482000448340433e-08
    3.0019596935758595e-09
    5.0083404004279442e-10
    7.6428848813301357e-11
    1.0652153028028400e-11
    1.3537356995746123e-12
    1.5660302303446007e-13
    1.6460335174498345e-14
    1.5689037876853031e-15
    1.3531905501299224e-16
    1.0537698549203075e-17
    7.3909914074417350e-19
    4.6568815964685442e-20
    2.6284519726600995e-21
    1.3249395052263675e-22
    5.9450214476611237e-24
    2.3660376535357677e-25
    8.3198490402454979e-27
    2.5739406251770564e-28
    6.9737224982068002e-30
    1.6463246682154456e-31
    3.3677067305653213e-33
    5.9327323741231043e-35
    8.9397199320173425e-37
    1.1435544546769006e-38
    1.2313514703318015e-40
    1.1055384916845687e-42
    8.1878322066611456e-45
    4.9415211504884538e-47
    2.3964320782275971e-49
    9.1885623115223411e-52
    2.7333437934905256e-54
    6.1688882728466565e-57
    1.0284520995564713e-59
    1.2261208990700654e-62
    1.0042000915690885e-65
    5.3702263018791139e-69
    1.7554182236597853e-72
    3.2091542474737116e-76
    2.8949501833778020e-80
    1.0679481670383417e-84
    1.1830217265548838e-89
    2.1840175778143048e-95
   1.4966535935651985e-102
