    4.3681915341383512e-03
    7.1558450534450049e-02
    2.1588948467909871e-01
    4.3732084161108908e-01
    7.3597773826575341e-01
    1.1120390798193127e+00
    1.5657325632229582e+00
    2.0973346249589802e+00
    2.7071711870308377e+00
    3.3956187152752104e+00
    4.1631055032390583e+00
    5.0101131679683046e+00
    5.9371783630416743e+00
    6.9448947212967767e+00
    8.0339150437728115e+00
    9.2049537547336282e+00
    1.0458789645965021e+01
    1.1796268937151678e+01
    1.3218308683198687e+01
    1.4725900563996548e+01
    1.6320115097469291e+01
    1.8002106322937721e+01
    1.9773117009046562e+01
    2.1634484448955789e+01
    2.3587646915434703e+01
    2.5634150860240851e+01
    2.7775658956099790e+01
    3.0013959096213114e+01
    3.2350974486118751e+01
    3.4788774986673808e+01
    3.7329589895899872e+01
    3.9975822392660831e+01
    4.2730065908230024e+01
    4.5595122744806098e+01
    4.8574025325643646e+01
    5.1670060543208280e+01
    5.4886797774323888e+01
    5.8228121260908956e+01
    6.1698267720045827e+01
    6.5301870259297075e+01
    6.9044009948250590e+01
    7.2930276757355230e+01
    7.6966842051445653e+01
    8.1160545462640854e+01
    8.5518999830456750e+01
    9.0050719081764427e+01
    9.4765275573417540e+01
    9.9673495755885185e+01
    1.0478770638056612e+02
    1.1012204841565182e+02
    1.1569288325559909e+02
    1.2151932722615622e+02
    1.2762396844630365e+02
    1.3403384959142278e+02
    1.4078185001656573e+02
    1.4790868885996190e+02
    1.5546593444976136e+02
    1.6352072813911346e+02
    1.7216361592890667e+02
    1.8152247752484746e+02
    1.9178974182642713e+02
    2.0328314223850148e+02
    2.1661256682782047e+02
    2.3335413514566747e+02
