    2.8120180226850976e-03
    6.6752391589215379e-02
    2.0796008540542005e-01
    4.2631782422813808e-01
    7.2194596533139122e-01
    1.0950212447847536e+00
    1.5457696503668852e+00
    2.0744660687915415e+00
    2.6814349620516253e+00
    3.3670514024841247e+00
    4.1317423460548328e+00
    4.9759881218420823e+00
    5.9003241404990687e+00
    6.9053428332292910e+00
    7.9916958374282281e+00
    9.1600964486847758e+00
    1.0411322362247818e+01
    1.1746218730711561e+01
    1.3165701568749585e+01
    1.4670761540370357e+01
    1.6262468169511976e+01
    1.7941974520988019e+01
    1.9710522406014185e+01
    2.1569448174996495e+01
    2.3520189170200116e+01
    2.5564290922659310e+01
    2.7703415191621438e+01
    2.9939348961427342e+01
    3.2274014530623063e+01
    3.4709480852041253e+01
    3.7247976311554496e+01
    3.9891903168427696e+01
    4.2643853923275124e+01
    4.5506629932621749e+01
    4.8483262654662916e+01
    5.1577037992544930e+01
    5.4791524304029835e+01
    5.8130604776011872e+01
    6.1598515027470121e+01
    6.5199887016573058e+01
    6.8939800602667503e+01
    7.2823844473896330e+01
    7.6858188627438366e+01
    8.1049671226528048e+01
    8.5405903521408547e+01
    8.9935397705934676e+01
    9.4647724231422401e+01
    9.9553707434406547e+01
    1.0466567169866592e+02
    1.0999775531310785e+02
    1.1556631660586731e+02
    1.2139046834963793e+02
    1.2749279448914385e+02
    1.3390033271883345e+02
    1.4064595634360367e+02
    1.4777037699917813e+02
    1.5532515347906966e+02
    1.6337741465264759e+02
    1.7201768955537025e+02
    1.8137383369717210e+02
    1.9163823913278887e+02
    2.0312857756116779e+02
    2.1645461659602373e+02
    2.3319215810055766e+02
