      -10.5261231679605430
       -9.8952875868295340
       -9.3731595496467115
       -8.9072490999647513
       -8.4775290833798742
       -8.0736872850102266
       -7.6895401640405012
       -7.3210130327809448
       -6.9652411205511049
       -6.6201122626360256
       -6.2840112287748271
       -5.9556663267994843
       -5.6340521643499679
       -5.3183252246332726
       -5.0077796021987719
       -4.7018156474074964
       -4.3999171682281357
       -4.1016344745666524
       -3.8065715139453622
       -3.5143759357409068
       -3.2247312919920343
       -2.9373508230046212
       -2.6519724354306322
       -2.3683545886324016
       -2.0862728798817618
       -1.8055171714655460
       -1.5258891402098631
       -1.2472001569431188
       -0.9692694230711777
       -0.6919223058100448
       -0.4149888241210785
       -0.1383022449870098
        0.1383022449870102
        0.4149888241210785
        0.6919223058100448
        0.9692694230711767
        1.2472001569431186
        1.5258891402098640
        1.8055171714655449
        2.0862728798817618
        2.3683545886323998
        2.6519724354306340
        2.9373508230046199
        3.2247312919920348
        3.5143759357409072
        3.8065715139453578
        4.1016344745666542
        4.3999171682281313
        4.7018156474075026
        5.0077796021987719
        5.3183252246332700
        5.6340521643499706
        5.9556663267994878
        6.2840112287748306
        6.6201122626360283
        6.9652411205511067
        7.3210130327809404
        7.6895401640405048
        8.0736872850102284
        8.4775290833798689
        8.9072490999647602
        9.3731595496467168
        9.8952875868295251
       10.5261231679605430
