    2.4417906911762626e+00
    8.2689598392701624e-01
    5.0860188974724774e-01
    3.2925497978044799e-01
    2.0905367977452385e-01
    1.2700058374870021e-01
    7.2954780104418235e-02
    3.9364659170290965e-02
    1.9866653986934320e-02
    9.3503966067789018e-03
    4.0951012611088787e-03
    1.6659542070478061e-03
    6.2860525252517803e-04
    2.1970254837362267e-04
    7.1040096969070683e-05
    2.1226402644068464e-05
    5.8540514868530316e-06
    1.4884916449459170e-06
    3.4852991145682197e-07
    7.5061429782879526e-08
    1.4850325479085392e-08
    2.6954539780699798e-09
    4.4823938782846779e-10
    6.8193404584810088e-11
    9.4768461069594866e-12
    1.2010686126894913e-12
    1.3858049043496092e-13
    1.4529952026404293e-14
    1.3816450292548451e-15
    1.1889974783686329e-16
    9.2391741272664226e-18
    6.4668959716225898e-19
    4.0666019437108449e-20
    2.2909450351751416e-21
    1.1527132865558667e-22
    5.1632075428011985e-24
    2.0514313600389170e-25
    7.2018885218363957e-27
    2.2245891088468411e-28
    6.0181003200460965e-30
    1.4186504624282686e-31
    2.8978750029161755e-33
    5.0980563562040383e-35
    7.6717792007610731e-37
    9.8009463780968966e-39
    1.0540173589005349e-40
    9.4516734449296861e-43
    6.9917585265344994e-45
    4.2147648183328047e-47
    2.0416655485254824e-49
    7.8195984323268119e-52
    2.3235830374850017e-54
    5.2384948729840670e-57
    8.7242264017849610e-60
    1.0390245050945752e-62
    8.5009504700981178e-66
    4.5414876288226899e-69
    1.4830173120762518e-72
    2.7084179710429581e-76
    2.4407420443550485e-80
    8.9945236510331340e-85
    9.9529473544041108e-90
    1.8353332098425156e-95
   1.2560562040910153e-102
