    3.2810107324069460e+00
    9.1618147857295429e-01
    5.4044013083560105e-01
    3.4141803960695888e-01
    2.1307647558359227e-01
    1.2774575520447096e-01
    7.2604883893202674e-02
    3.8829162863327014e-02
    1.9448191137051152e-02
    9.0932300352080334e-03
    3.9593695729380875e-03
    1.6024041618510998e-03
    6.0181175847010416e-04
    2.0945016069073388e-04
    6.7464101642245025e-05
    2.0086631696162854e-05
    5.5216436570597760e-06
    1.3997289802323291e-06
    3.2682516674320916e-07
    7.0202391649530604e-08
    1.3854907835861389e-08
    2.5089824725330733e-09
    4.1632524576141305e-10
    6.3208505950341502e-11
    8.7670993036548152e-12
    1.1090806167970156e-12
    1.2774416790503690e-13
    1.3371619652253010e-14
    1.2694960365517708e-15
    1.0908433217491761e-16
    8.4642859347647542e-18
    5.9163763338931812e-19
    3.7155182229508601e-20
    2.0905161618060810e-21
    1.0505893559082501e-22
    4.7002868426240211e-24
    1.8654076529893179e-25
    6.5417329199428811e-27
    2.0185634168790752e-28
    5.4552374861145301e-30
    1.2847119940314308e-31
    2.6218010456154049e-33
    4.6081556445801028e-35
    6.9283996781970383e-37
    8.8436251079779231e-39
    9.5026768891081633e-41
    8.5143699037072333e-43
    6.2933933684517412e-45
    3.7908346780302986e-47
    1.8349189390071721e-49
    7.0225463691519418e-52
    2.0852238666738955e-54
    4.6977630184433665e-57
    7.8181977839657354e-60
    9.3047548752260590e-63
    7.6076313723306348e-66
    4.0614895330119610e-69
    1.3253782108591644e-72
    2.4188854699508110e-76
    2.1783366364977749e-80
    8.0219346311942492e-85
    8.8703280661200560e-90
    1.6344405212916641e-95
   1.1175893232227984e-102
