    5.6252842339042659e-02
    1.1902398731240474e-01
    1.5749640386212801e-01
    1.6754705041578147e-01
    1.5335285577925015e-01
    1.2422105360933781e-01
    9.0342300986482049e-02
    5.9477755768354748e-02
    3.5627518904034997e-02
    1.9480410431166568e-02
    9.7435948993820180e-03
    4.4643103641664114e-03
    1.8753595813231305e-03
    7.2264698157498359e-04
    2.5548753283349449e-04
    8.2871435343968367e-05
    2.4656863967886439e-05
    6.7267138788297078e-06
    1.6817853699640562e-06
    3.8508129815465805e-07
    8.0687280409902970e-08
    1.5457237067576487e-08
    2.7044801476174003e-09
    4.3167754754271394e-10
    6.2777525417613068e-11
    8.3063173762889713e-12
    9.9840317872201840e-13
    1.0883538871166581e-13
    1.0740174034415818e-14
    9.5757372315746095e-16
    7.6970280236487577e-17
    5.5648811374539710e-18
    3.6097564090104544e-19
    2.0950953695489686e-20
    1.0847933010975582e-21
    4.9946994863636787e-23
    2.0378369745988323e-24
    7.3395375642787268e-26
    2.3237830821987546e-27
    6.4382347069088959e-29
    1.5531210957882882e-30
    3.2442500920193721e-32
    5.8323862678367839e-34
    8.9632548331029202e-36
    1.1687039895507121e-37
    1.2820559843600481e-39
    1.1720949374050008e-41
    8.8353396723300639e-44
    5.4249555903061464e-46
    2.6755426666791392e-48
    1.0429170314116205e-50
    3.1529023519577938e-53
    7.2295419106482200e-56
    1.2242353012301287e-58
    1.4821685049021291e-61
    1.2325193488145092e-64
    6.6914990045725353e-68
    2.2204659418504100e-71
    4.1209460947388275e-75
    3.7743990618965628e-79
    1.4141150529177599e-83
    1.5918330640413254e-88
    2.9894843488605352e-94
   2.0890635084370840e-101
