    9.5299255866487642e-01
    5.6040560010213891e-01
    4.0317780881845716e-01
    2.8678792504995937e-01
    1.9472055135340141e-01
    1.2457711260736345e-01
    7.4625650349896031e-02
    4.1702276658871489e-02
    2.1686975006973603e-02
    1.0477071532288416e-02
    4.6954587851601275e-03
    1.9498519145236754e-03
    7.4946591717721227e-04
    2.6637789636802119e-04
    8.7462500939292458e-05
    2.6503620324460205e-05
    7.4049653017530043e-06
    1.9056222586533850e-06
    4.5122128181959091e-07
    9.8197777594557137e-08
    1.9618555819474633e-08
    3.5937659657143426e-09
    6.0281044621808934e-10
    9.2460061691013306e-11
    1.2948638879855356e-11
    1.6531068367024921e-12
    1.9206456032015990e-13
    2.0270935280599030e-14
    1.9397007266217306e-15
    1.6792776713372190e-16
    1.3123877995160591e-17
    9.2364479027193677e-19
    5.8387673398816886e-20
    3.3059164472959488e-21
    1.6714749127910516e-22
    7.5217515345003646e-24
    3.0019402033044664e-25
    1.0584413601817118e-26
    3.2830675484560522e-28
    8.9173841817411848e-30
    2.1102982571265832e-31
    4.3269756002314113e-33
    7.6400320760470021e-35
    1.1537852971733100e-36
    1.4790774533814446e-38
    1.5959644086011080e-40
    1.4358133632458373e-42
    1.0655001991290193e-44
    6.4429519317395316e-47
    3.1304714569448864e-49
    1.2025272984698122e-51
    3.5836730918181550e-54
    8.1023957515005125e-57
    1.3531641728780402e-59
    1.6160283478682065e-62
    1.3257961135275203e-65
    7.1020534759609668e-69
    2.3254335352492441e-72
    4.2584044849223562e-76
    3.8480147238000993e-80
    1.4219989151707979e-84
    1.5780555160621232e-89
    2.9188923561509989e-95
   2.0046267949077458e-102
