    3.4228058814186756e-03
    6.8666103016871025e-02
    2.1112356539848273e-01
    4.3071118576609840e-01
    7.2755125879905003e-01
    1.1018213831648731e+00
    1.5537482287018352e+00
    2.0836073016682737e+00
    2.6917236481718883e+00
    3.3784728982513572e+00
    4.1442825432842243e+00
    4.9896334279430068e+00
    5.9150614604627823e+00
    6.9211595531056727e+00
    8.0085798091175366e+00
    9.1780359759355168e+00
    1.0430306187785831e+01
    1.1766236024445632e+01
    1.3186741917012387e+01
    1.4692814936163600e+01
    1.6285525003733689e+01
    1.7966025574627331e+01
    1.9735558843307302e+01
    2.1595461537544391e+01
    2.3547171372057242e+01
    2.5592234246410570e+01
    2.7732312285474091e+01
    2.9969192837354633e+01
    3.2304798563607925e+01
    3.4741198780481291e+01
    3.7280622238904122e+01
    3.9925471566171140e+01
    4.2678339635344301e+01
    4.5542028181395871e+01
    4.8519569048717749e+01
    5.1614248536351781e+01
    5.4829635409848599e+01
    5.8169613278272223e+01
    6.1638418200000061e+01
    6.5240682593113135e+01
    6.8981486801207510e+01
    7.2866420025500489e+01
    7.6901652810385229e+01
    8.1094023906802704e+01
    8.5451145200859671e+01
    8.9981529579775327e+01
    9.4694748257243077e+01
    9.9601626415540665e+01
    1.0471448938567244e+02
    1.1004747652844917e+02
    1.1561694739873944e+02
    1.2144201619068434e+02
    1.2754526851896296e+02
    1.3395374407068499e+02
    1.4070031857114668e+02
    1.4782570665747912e+02
    1.5538147093755052e+02
    1.6343474527488442e+02
    1.7207606549196959e+02
    1.8143329677826068e+02
    1.9169884592822999e+02
    2.0319040932625475e+02
    2.1651780277326864e+02
    2.3325695522365396e+02
