    6.0201327161214530e-03
    7.6437456745784796e-02
    2.2388796010162759e-01
    4.4838924660161178e-01
    7.5007129327369915e-01
    1.1291151865454654e+00
    1.5857503372657973e+00
    2.1202547314832474e+00
    2.7329557488808680e+00
    3.4242312455900237e+00
    4.1945108492103858e+00
    5.0442774611548238e+00
    5.9740689743735373e+00
    6.9844802198873577e+00
    8.0761651590571990e+00
    9.2498393416392286e+00
    1.0506282652914718e+01
    1.1846342376756427e+01
    1.3270936605532711e+01
    1.4781058032375988e+01
    1.6377778166677814e+01
    1.8062252019862850e+01
    1.9835723315710059e+01
    2.1699530287940330e+01
    2.3655112137729805e+01
    2.5704016235551613e+01
    2.7847906165685693e+01
    3.0088570728348863e+01
    3.2427934034298346e+01
    3.4868066850711152e+01
    3.7411199386115946e+01
    4.0059735737392018e+01
    4.2816270264941544e+01
    4.5683606215155265e+01
    4.8664776974909827e+01
    5.1763070424592634e+01
    5.4982056958726460e+01
    5.8325621872921658e+01
    6.1798002981056548e+01
    6.5403834538800069e+01
    6.9148198824708032e+01
    7.3036687090269680e+01
    7.7075472066711740e+01
    8.1271394853766481e+01
    8.5632069878935241e+01
    9.0166012800792572e+01
    9.4882797880377666e+01
    9.9793253680686391e+01
    1.0490970931925702e+02
    1.1024630844198725e+02
    1.1581941550794829e+02
    1.2164815039406618e+02
    1.2775510539147622e+02
    1.3416732815409114e+02
    1.4091770408431057e+02
    1.4804695981949888e+02
    1.5560667321827069e+02
    1.6366399811221106e+02
    1.7230949746048765e+02
    1.8167107515448913e+02
    1.9194119692318833e+02
    2.0343765785180386e+02
    2.1677046641011225e+02
    2.3351605970465175e+02
