%%%%%%%%%%%%%%%%%%%%%%%%%%%%%% Meta data %%%%%%%%%%%%%%%%%%%%%%%%%%%%%%
% Boundary condition: SHBC
% Incident wave direction: alpha_s = NaNDeg, beta_s = NaNDeg
% Formulation: BGC
% Core method: IGA
% Method: IE
% Infinite element basis (in radial shape functions): Chebyshev
% N: 7
%
%%%%%%%%%%%%%%%%%%%%%%%%%%%%%%%% Data %%%%%%%%%%%%%%%%%%%%%%%%%%%%%%%%%
               k_ROM         surfaceError
                 1.8 1.56233541649872e-05
                1.81 1.58874816436053e-05
                1.82 1.61550976969927e-05
                1.83 1.64262513876331e-05
                1.84   1.670099315838e-05
                1.85 1.69793747719038e-05
                1.86 1.72614492959277e-05
                1.87 1.75472710472799e-05
                1.88 1.78368955515506e-05
                1.89 1.81303794858037e-05
                 1.9 1.84277806285462e-05
                1.91 1.87291577965629e-05
                1.92  1.9034570779966e-05
                1.93 1.93440802851737e-05
                1.94 1.96577478555687e-05
                1.95  1.9975635811316e-05
                1.96 2.02978071589675e-05
                1.97 2.06243255353704e-05
                1.98 2.09552551148845e-05
                1.99 2.12906605324997e-05
                   2 2.16306068113167e-05
                2.01 2.19751592669295e-05
                2.02 2.23243834395998e-05
                2.03 2.26783449983177e-05
                2.04 2.30371096753967e-05
                2.05 2.34007432096533e-05
                2.06 2.37693113650674e-05
                2.07 2.41428801675196e-05
                2.08 2.45215167319224e-05
                2.09 2.49052916902286e-05
                 2.1  2.5294285678676e-05
                2.11 2.56886059230119e-05
                2.12 2.60884269237879e-05
                2.13 2.64940871704411e-05
                2.14 2.69063122670926e-05
                2.15  2.7326715945985e-05
                2.16 2.77588962136233e-05
                2.17 2.82107735741685e-05
                2.18 2.86994505553458e-05
                2.19 2.92610181362967e-05
                 2.2 2.99696069538515e-05
                2.21 3.09723476011035e-05
                2.22 3.25476180862305e-05
                2.23 3.51862822392348e-05
                2.24 3.96707051542405e-05
                2.25 4.70994118613762e-05
                2.26 5.88406560853007e-05
                2.27 7.65003937478636e-05
                2.28 0.000102002535147031
                2.29 0.000137770508698926
                 2.3 0.000186948314971946
                2.31 0.000253637610248525
                2.32 0.000343163536289642
                2.33 0.000462390467119178
                2.34  0.00062010693643913
                2.35  0.00082749752453099
                2.36  0.00109872017993565
                2.37  0.00145160970241023
                2.38  0.00190853133327401
                2.39  0.00249741232343999
                 2.4  0.00325298389799774
                2.41  0.00421827123933488
                2.42  0.00544637501332128
                2.43  0.00700259464649949
                2.44  0.00896695111501317
                2.45   0.0114371755136378
                2.46   0.0145322392531494
                2.47   0.0183965124856449
                2.48   0.0232046494133317
                2.49   0.0291673126184867
                 2.5    0.036537863611701
                2.51   0.0456201635772112
                2.52   0.0567776469753668
                2.53   0.0704438514062534
                2.54   0.0871346101533522
                2.55     0.10746213930907
                2.56    0.132151279557719
                2.57    0.162058183804324
                2.58    0.198191776130649
                2.59    0.241738345324544
                 2.6    0.294089677746777
                2.61    0.356875179891021
                2.62    0.431998490998441
                2.63    0.521679140859155
                2.64    0.628499867861753
                2.65    0.755460277844279
                2.66    0.906037595793314
                2.67     1.08425534039813
                2.68     1.29476083638475
                2.69      1.5429125719672
                 2.7     1.83487850920138
                2.71     2.17774656412121
                2.72     2.57964859189281
                2.73     3.04989934051549
                2.74     3.59915197552143
                2.75     4.23957192844062
                2.76     4.98503098427328
                2.77     5.85132369869349
                2.78     6.85640842506525
                2.79      8.0206754355117
                 2.8     9.36724484020999
                2.81     10.9222972458167
                2.82     12.7154403485312
                2.83     14.7801149309131
                2.84     17.1540440253652
                2.85     19.8797293224214
                2.86     23.0049992399425
                2.87     26.5836134313825
                2.88     30.6759288988772
                2.89      35.349633291504
                 2.9     40.6805514122414
                2.91      46.753531430537
                2.92     53.6634178026623
                2.93      61.516118440978
                2.94     70.4297742476922
                2.95      80.536039740576
                2.96     91.9814841494328
                2.97     104.929123054941
                2.98     119.560091378026
                2.99     136.075469310361
                   3     154.698273607333
                3.01     175.675627546262
                3.02     199.281123787355
                3.03     225.817395365432
                3.04     255.618911089687
                3.05     289.055012739376
                3.06     326.533212618372
                3.07      368.50277127413
                3.08     415.458576499821
                3.09     467.945346125697
                 3.1      526.56217857043
                3.11     591.967476669069
                3.12     664.884271924865
                3.13     746.105978051628
                3.14     836.502604485454

                3.15     30.6090633157088
                3.16     27.2441183446607
                3.17     24.2275085169841
                3.18      21.525437428861
                3.19     19.1071655257394
                 3.2     16.9447539480322
                3.21     15.0128281129209
                3.22     13.2883596479899
                3.23     11.7504653795132
                3.24     10.3802221605226
                3.25     9.16049640149973
                3.26     8.07578723990038
                3.27     7.11208235391886
                3.28     6.25672549114425
                3.29     5.49829484423865
                 3.3     4.82649146366095
                3.31     4.23203695194872
                3.32     3.70657973531952
                3.33     3.24260925653261
                3.34     2.83337747821125
                3.35     2.47282712832296
                3.36     2.15552615938696
                3.37     1.87660793036928
                3.38     1.63171665526688
                3.39     1.41695769519952
                 3.4     1.22885230154453
                3.41     1.06429644637936
                3.42    0.920523403357477
                3.43    0.795069767228802
                3.44    0.685744623642785
                3.45    0.590601602722216
                3.46    0.507913570273265
                3.47    0.436149729480925
                3.48    0.373954923614413
                3.49    0.320130946717616
                 3.5    0.273619684552575
                3.51    0.233487922275994
                3.52    0.198913668526908
                3.53    0.169173857848286
                3.54    0.143633304719375
                3.55    0.121734792998892
                3.56    0.102990194317363
                3.57    0.086972517971691
                3.58   0.0733088032048186
                3.59   0.0616737724512312
                 3.6   0.0517841712309607
                3.61   0.0433937269282669
                3.62   0.0362886647261317
                3.63   0.0302837245283034
                3.64   0.0252186278121204
                3.65   0.0209549480574911
                3.66    0.017373342712972
                3.67   0.0143711086205559
                3.68   0.0118600264551331
                3.69  0.00976446305966418
                 3.7  0.00801970360656299
                3.71  0.00657048830426038
                3.72   0.0053697309178749
                3.73  0.00437739870582726
                3.74  0.00355953550296084
                3.75  0.00288741161408481
                3.76   0.0023367859235838
                3.77   0.0018872671448066
                3.78  0.00152176235762261
                3.79  0.00122600173648061
                 3.8 0.000988128327856072
                3.81 0.000798340340330952
                3.82 0.000648570110141732
                3.83 0.000532179217818638
                3.84 0.000443647729018569
                3.85 0.000378249506556958
                3.86 0.000331748584542538
                3.87 0.000300205829013397
                3.88 0.000279976476011843
                3.89 0.000267864100222708
                 3.9 0.000261283951871539
                3.91 0.000258313364656591
                3.92 0.000257620076830228
                3.93 0.000258329565261906
                3.94 0.000259889862504064
                3.95   0.0002619622968026
                3.96 0.000264343397203968
                3.97 0.000266912946775799
                3.98 0.000269600934880994
                3.99 0.000272367140236006
                   4 0.000275188776949944
                4.01 0.000278053138611168
                4.02 0.000280953277606207
                4.03 0.000283885498452241
                4.04 0.000286847920745319
                4.05 0.000289839664962561
                4.06  0.00029286039663126
                4.07 0.000295910074246213
                4.08 0.000298988811583252
                4.09 0.000302096803465006
                 4.1 0.000305234286255102
                4.11 0.000308401517127976
                4.12 0.000311598763317487
                4.13  0.00031482629664818
                4.14 0.000318084390783251
                4.15 0.000321373319867931
                4.16 0.000324693357919593
                4.17  0.00032804477854146
                4.18 0.000331427854865799
                4.19 0.000334842859583114
                 4.2 0.000338290065032885
                4.21 0.000341769743355848
                4.22 0.000345282166659256
                4.23 0.000348827607221344
                4.24 0.000352406337731975
                4.25 0.000356018631537348
                4.26 0.000359664762927705
                4.27 0.000363345007438341
                4.28 0.000367059642185232
                4.29 0.000370808946210437
                 4.3 0.000374593200870348
                4.31 0.000378412690211015
                4.32 0.000382267701396127
                4.33 0.000386158525151657
                4.34 0.000390085456211087
                4.35 0.000394048793795848
                4.36 0.000398048842097769
                4.37  0.00040208591079492
                4.38 0.000406160315576696
                4.39 0.000410272378668096
                 4.4 0.000414422429386554
                4.41 0.000418610804692887
                4.42 0.000422837849765003
                4.43 0.000427103918572167
                4.44 0.000431409374461373
                4.45 0.000435754590728536
                4.46 0.000440139951228481
                4.47 0.000444565850959681
                4.48 0.000449032696652535
                4.49 0.000453540907359677
                 4.5 0.000458090915060775
                4.51 0.000462683165223932
                4.52 0.000467318117392738
                4.53 0.000471996245765709
                4.54  0.00047671803973828
                4.55 0.000481484004463781
                4.56 0.000486294661401995
                4.57 0.000491150548820906
                4.58 0.000496052222318821
                4.59 0.000501000255330978
                 4.6 0.000505995239577921
                4.61 0.000511037785553193
                4.62 0.000516128522937341
                4.63 0.000521268101038612
                4.64 0.000526457189182129
                4.65 0.000531696477075424
                4.66 0.000536986675185483
                4.67 0.000542328515045523
                4.68 0.000547722749567394
                4.69 0.000553170153345359
                 4.7 0.000558671522875854
                4.71 0.000564227676827115
                4.72 0.000569839456236415
                4.73 0.000575507724686577
                4.74 0.000581233368479657
                4.75 0.000587017296770941
                4.76 0.000592860441689662
                4.77 0.000598763758420532
                4.78 0.000604728225286611
                4.79 0.000610754843790053
                 4.8 0.000616844638659182
                4.81 0.000622998657831181
                4.82 0.000629217972498082
                4.83 0.000635503677050195
                4.84 0.000641856889059876
                4.85 0.000648278749270428
                4.86 0.000654770421567623
                4.87 0.000661333092980085
                4.88 0.000667967973755224
                4.89 0.000674676297601465
                 4.9 0.000681459322128691
                4.91 0.000688318329893454
                4.92 0.000695254630414633
                4.93  0.00070226956405879
                4.94 0.000709364509489589
                4.95 0.000716540897375765
                4.96  0.00072380023560021
                4.97 0.000731144154757432
                4.98 0.000738574489251283
                4.99 0.000746093419984101
                   5 0.000753703722631078
                5.01 0.000761409194166916
                5.02 0.000769215377930004
                5.03 0.000777130782305775
                5.04 0.000785168907666004
                5.05 0.000793351582474966
                5.06 0.000801714397966996
                5.07 0.000810315469819357
                5.08 0.000819249413472734
                5.09 0.000828669380313919
                 5.1 0.000838821357471539
                5.11 0.000850096732639547
                5.12 0.000863111267648298
                5.13 0.000878820598605441
                5.14 0.000898682803787017
                5.15 0.000924874576834636
                5.16 0.000960554594138355
                5.17  0.00101014189660196
                5.18  0.00107954294767013
                5.19  0.00117624261482957
                 5.2  0.00130921242479185
                5.21  0.00148869754289535
                5.22  0.00172605329641763
                5.23  0.00203380393078388
                5.24  0.00242597928656469
                5.25  0.00291866147457198
                5.26  0.00353063676387626
                5.27   0.0042840849005107
                5.28  0.00520528957908952
                5.29  0.00632538588801477
                 5.3  0.00768117189211712
                5.31  0.00931601192392062
                5.32   0.0112808564311923
                5.33    0.013635400900234
                5.34   0.0164494053875576
                5.35   0.0198041964556204
                5.36    0.023794374505795
                5.37   0.0285297513600965
                5.38    0.034137545275988
                5.39   0.0407648632866454
                 5.4   0.0485815037915689
                5.41   0.0577831156577052
                5.42    0.068594753734263
                5.43   0.0812748746447817
                5.44   0.0961198210125713
                5.45    0.113468846928256
                5.46    0.133709742498664
                5.47    0.157285120755915
                5.48    0.184699436081604
                5.49    0.216526809640274
                 5.5    0.253419744157408
                5.51    0.296118817744863
                5.52    0.345463454414465
                5.53    0.402403877458766
                5.54    0.468014361060237
                5.55    0.543507905355057
                5.56    0.630252470768203
                5.57    0.729788918800244
                5.58    0.843850818626428
                5.59    0.974386291920797
                 5.6     1.12358208228835
                5.61     1.29389005063648
                5.62     1.48805631379841
                5.63     1.70915326079615
                5.64     1.96061469936215
                5.65      2.2462744047947
                5.66     2.57040836396773
                5.67     2.93778102942865
                5.68     3.35369592206702
                5.69     3.82405094590794
                 5.7     4.35539880525422
                5.71     4.95501294275881
                5.72     5.63095944714363
                5.73     6.39217541128386
                5.74     7.24855425535094
                5.75     8.21103856574464
                5.76      9.2917210387626
                5.77     10.5039541584543
                5.78     11.8624692810045
                5.79     13.3835058434112
                 5.8     15.0849514622777
                5.81      16.986493739372
                5.82      19.109784644339
                5.83     21.4786184017296
                5.84     24.1191238694752
                5.85     27.0599724592379

                5.86     4.28568778600783
                5.87     3.81176027953478
                5.88      3.3871400606677
                5.89     3.00702677762808
                 5.9     2.66705474067236
                5.91     2.36325658203253
                5.92     2.09202969663394
                5.93     1.85010527091556
                5.94     1.63451971900891
                5.95     1.44258835681433
                5.96     1.27188115517332
                5.97     1.12020042341034
                5.98    0.985560284028103
                5.99    0.866167808315224
                   6    0.760405691095931
                6.01    0.666816350836074
                6.02    0.584087348840836
                6.03    0.511038028377293
                6.04    0.446607281219209
                6.05    0.389842355399437
                6.06    0.339888623859451
                6.07    0.295980239239645
                6.08    0.257431605273332
                6.09    0.223629600147626
                 6.1    0.194026491793163
                6.11    0.168133489385586
                6.12    0.145514879383482
                6.13    0.125782698227797
                6.14    0.108591897377057
                6.15   0.0936359596820891
                6.16   0.0806429292133982
                6.17   0.0693718195564749
                6.18   0.0596093682892615
                6.19   0.0511671078544431
                 6.2   0.0438787253210322
                6.21   0.0375976855830563
                6.22   0.0321950943214288
                6.23   0.0275577784890945
                6.24   0.0235865630701497
                6.25   0.0201947232633019
                6.26   0.0173065908825615
                6.27   0.0148562925380768
                6.28    0.012786595160036
                6.29   0.0110478323669016
                 6.3  0.00959688491644124
                6.31  0.00839619361695014
                6.32  0.00741279854864277
                6.33  0.00661742765468389
                6.34  0.00598369598415902
                6.35  0.00548750484930928
                6.36  0.00510671852094266
                6.37  0.00482112945447957
                6.38  0.00461262720265178
                6.39  0.00446542046583445
                 6.4  0.00436616925591878
                6.41  0.00430395275088076
                6.42  0.00427007787290681
                6.43  0.00425778278551113
                6.44  0.00426189992936122
                6.45  0.00427852910460435
                6.46  0.00430474980703911
                6.47  0.00433838399872454
                6.48  0.00437780895250264
                6.49  0.00442181403416968
                 6.5  0.00446949334592959
                6.51  0.00452016631873497
                6.52  0.00457331943393678
                6.53  0.00462856359442982
                6.54  0.00468560293561124
                6.55  0.00474421193394557
                6.56  0.00480421851352048
                6.57  0.00486549148788221
                6.58   0.0049279311468132
                6.59  0.00499146213737503
                 6.6  0.00505602803189119
                6.61  0.00512158715007326
                6.62  0.00518810932113422
                6.63  0.00525557336072114
                6.64  0.00532396509491388
                6.65  0.00539327580931416
                6.66  0.00546350102882188
                6.67   0.0055346395584764
                6.68  0.00560669272939387
                6.69  0.00567966380844027
                 6.7  0.00575355753608731
                6.71  0.00582837976798716
                6.72  0.00590413719631905
                6.73  0.00598083713595949
                6.74  0.00605848736078103
                6.75  0.00613709597886648
                6.76  0.00621667133864602
                6.77  0.00629722195859102
                6.78   0.0063787564748771
                6.79  0.00646128360291146
                 6.8  0.00654481210955818
                6.81  0.00662935079274242
                6.82  0.00671490846703796
                6.83  0.00680149395391398
                6.84  0.00688911607428046
                6.85  0.00697778364454865
                6.86  0.00706750547332608
                6.87  0.00715829035979999
                6.88  0.00725014709297791
                6.89  0.00734308445176582
                 6.9  0.00743711120560102
                6.91  0.00753223611509135
                6.92  0.00762846793385431
                6.93   0.0077258154100444
                6.94  0.00782428728833459
                6.95  0.00792389231292581
                6.96  0.00802463922977432
                6.97  0.00812653679005126
                6.98  0.00822959375370169
                6.99    0.008333818892888
                   7   0.0084392209966981
                7.01  0.00854580887554865
                7.02  0.00865359136580975
                7.03  0.00876257733534715
                7.04  0.00887277568900862
                7.05  0.00898419537453912
                7.06   0.0090968453890625
                7.07  0.00921073478516567
                7.08  0.00932587267849067
                7.09  0.00944226825419661
                 7.1  0.00955993077522503
                7.11  0.00967886958873595
                7.12  0.00979909413575543
                7.13  0.00992061395816115
                7.14   0.0100434387076542
                7.15   0.0101675781540425
                7.16   0.0102930421939478
                7.17   0.0104198408601315
                7.18   0.0105479843297914
                7.19   0.0106774829340588
                 7.2   0.0108083471667655
