%%%%%%%%%%%%%%%%%%%%%%%%%%%%%% Meta data %%%%%%%%%%%%%%%%%%%%%%%%%%%%%%
% Boundary condition: SHBC
% Incident wave direction: alpha_s = NaNDeg, beta_s = NaNDeg
% Formulation: BGC
% Core method: IGA
% Method: IE
% Infinite element basis (in radial shape functions): Chebyshev
% N: 7
%
%%%%%%%%%%%%%%%%%%%%%%%%%%%%%%%% Data %%%%%%%%%%%%%%%%%%%%%%%%%%%%%%%%%
               k_ROM         surfaceError
                 1.8 1.56233541649872e-05
                1.81 1.58874816436053e-05
                1.82 1.61550976969927e-05
                1.83 1.64262513876331e-05
                1.84   1.670099315838e-05
                1.85 1.69793747719038e-05
                1.86 1.72614492959277e-05
                1.87 1.75472710472799e-05
                1.88 1.78368955515506e-05
                1.89 1.81303794858032e-05
                 1.9 1.84277806285453e-05
                1.91 1.87291577965523e-05
                1.92 1.90345707799964e-05
                1.93 1.93440802851884e-05
                1.94 1.96577478556371e-05
                1.95 1.99756358115311e-05
                1.96 2.02978071595875e-05
                1.97 2.06243255369422e-05
                1.98 2.09552551186638e-05
                1.99 2.12906605413359e-05
                   2 2.16306068307587e-05
                2.01 2.19751593073858e-05
                2.02 2.23243835205085e-05
                2.03 2.26783451506326e-05
                2.04 2.30371099391894e-05
                2.05 2.34007436033841e-05
                2.06 2.37693117535156e-05
                2.07 2.41428798187436e-05
                2.08 2.45215129622952e-05
                2.09 2.49052760149016e-05
                 2.1 2.52942333897987e-05
                2.11 2.56884490210579e-05
                2.12 2.60879862867106e-05
                2.13 2.64929079528658e-05
                2.14 2.69032760959333e-05
                2.15 2.73191520583284e-05
                2.16 2.77405963884243e-05
                2.17 2.81676687846467e-05
                2.18 2.86004280569565e-05
                2.19 2.90389320750993e-05
                 2.2 2.94832377478527e-05
                2.21 2.99334009728465e-05
                2.22 3.03894766253912e-05
                2.23 3.08515185263939e-05
                2.24 3.13195794353797e-05
                2.25 3.17937110388304e-05
                2.26 3.22739639517117e-05
                2.27 3.27603877088032e-05
                2.28 3.32530307899291e-05
                2.29 3.37519406271395e-05
                 2.3 3.42571636271135e-05
                2.31 3.47687452108969e-05
                2.32 3.52867298340984e-05
                2.33 3.58111610449141e-05
                2.34 3.63420815254363e-05
                2.35 3.68795331397265e-05
                2.36 3.74235570203342e-05
                2.37 3.79741936080774e-05
                2.38 3.85314827455568e-05
                2.39 3.90954637474387e-05
                 2.4 3.96661754931102e-05
                2.41 4.02436565113329e-05
                2.42 4.08279450818723e-05
                2.43 4.14190793334176e-05
                2.44 4.20170973506083e-05
                2.45 4.26220372849189e-05
                2.46 4.32339374618498e-05
                2.47  4.3852836503363e-05
                2.48 4.44787734457518e-05
                2.49 4.51117878577781e-05
                 2.5 4.57519199684349e-05
                2.51  4.6399210786152e-05
                2.52 4.70537022255431e-05
                2.53  4.7715437234915e-05
                2.54 4.83844599148802e-05
                2.55 4.90608156475772e-05
                2.56 4.97445512122691e-05
                2.57 5.04357149372615e-05
                2.58 5.11343568934185e-05
                2.59 5.18405295643858e-05
                 2.6 5.25542904902791e-05
                2.61  5.3275714464098e-05
                2.62 5.40049490957673e-05
                2.63 5.47424641831011e-05
                2.64 5.54901503766045e-05
                2.65 5.62560697864034e-05
                2.66  5.7074611516785e-05
                2.67 5.80901366460513e-05
                2.68  5.9891682788044e-05
                2.69 6.47337773771906e-05
                 2.7 7.99172677020906e-05
                2.71 0.000122441173651384
                2.72 0.000221372243572634
                2.73 0.000426922157162824
                2.74 0.000835144626495409
                2.75  0.00163140802891711
                2.76  0.00316920006892825
                2.77  0.00611636967579609
                2.78   0.0117253666241461
                2.79   0.0223292015169924
                 2.8   0.0422457594452755
                2.81   0.0794164494534182
                2.82    0.148357562029253
                2.83    0.275444534415284
                2.84      0.5083184286847
                2.85    0.932535350756292
                2.86      1.7008719371502
                2.87     3.08462606404137
                2.88     5.56294076660831
                2.89     9.97751704639658
                 2.9     17.7992025745547
                2.91     31.5850334658043
                2.92      55.757901518346
                2.93     97.9301072946972
                2.94      171.13945648034
                2.95     297.609314024734
                2.96      515.04204971632
                2.97      887.10501921861
                2.98     1520.82419854041
                2.99     2595.30957031745
                   3     4408.99061116618
                3.01     7456.96085429955
                3.02     12557.0970610008
                3.03     21054.8699244475
                3.04      35154.607838413
                3.05     58453.1680991753
                3.06     96796.3439320496
                3.07     159647.918860966
                3.08     262269.995144277
                3.09     429182.467016432
                 3.1     699632.050942711
                3.11     1136207.13767176
                3.12     1838359.97296446
                3.13     2963557.65067376
                3.14     4760252.42443581

                3.15      5.7707773593965
                3.16     3.59520860314202
                3.17     2.23188234039868
                3.18     1.38055095788056
                3.19    0.850831397740741
                 3.2    0.522420143826109
                3.21    0.319563013061552
                3.22    0.194727616834379
                3.23    0.118197071505781
                3.24   0.0714606797897863
                3.25   0.0430310136118941
                3.26   0.0258061306896501
                3.27   0.0154122371382251
                3.28  0.00916623597983392
                3.29  0.00542876367124975
                 3.3    0.003202298460416
                3.31  0.00188250560428306
                3.32  0.00110504595890453
                3.33   0.0006516356601438
                3.34 0.000392662400776693
                3.35 0.000251804309054847
                3.36 0.000182817986407873
                3.37 0.000154335849205014
                3.38 0.000144866303800067
                3.39 0.000142770250860811
                 3.4 0.000143220695606152
                3.41 0.000144509736185409
                3.42 0.000146074833475344
                3.43 0.000147736668043775
                3.44 0.000149439222361123
                3.45 0.000151165333490054
                3.46 0.000152909887337216
                3.47 0.000154671444944269
                3.48 0.000156449666005223
                3.49 0.000158244529898753
                 3.5 0.000160056105636954
                3.51 0.000161884486383182
                3.52 0.000163729772042841
                3.53 0.000165592065344541
                3.54 0.000167471471415763
                3.55 0.000169368098127207
                3.56 0.000171282056511168
                3.57 0.000173213461091817
                3.58 0.000175162430184592
                3.59 0.000177129086113234
                 3.6 0.000179113555419453
                3.61 0.000181115969020921
                3.62 0.000183136462374073
                3.63 0.000185175175622504
                3.64 0.000187232253698782
                3.65 0.000189307846455793
                3.66 0.000191402108743805
                3.67 0.000193515200502029
                3.68 0.000195647286821657
                3.69  0.00019779853799277
                 3.7 0.000199969129540919
                3.71 0.000202159242251881
                3.72 0.000204369062160528
                3.73 0.000206598780556323
                3.74 0.000208848593941703
                3.75 0.000211118703998665
                3.76 0.000213409317523905
                3.77 0.000215720646351781
                3.78 0.000218052907272714
                3.79 0.000220406321931038
                 3.8 0.000222781116694557
                3.81 0.000225177522540623
                3.82  0.00022759577490016
                3.83 0.000230036113508292
                3.84 0.000232498782234211
                3.85 0.000234984028904637
                3.86 0.000237492105121368
                3.87 0.000240023266054166
                3.88 0.000242577770247407
                3.89  0.00024515587940412
                 3.9 0.000247757858174813
                3.91 0.000250383973920848
                3.92  0.00025303449652056
                3.93 0.000255709698105263
                3.94 0.000258409852861246
                3.95 0.000261135236786845
                3.96 0.000263886127471043
                3.97 0.000266662803863801
                3.98 0.000269465546071307
                3.99 0.000272294635117192
                   4 0.000275150352759575
                4.01 0.000278032981271316
                4.02 0.000280942803258954
                4.03 0.000283880101473244
                4.04 0.000286845158642939
                4.05 0.000289838257319445
                4.06 0.000292859679723915
                4.07 0.000295909707625394
                4.08  0.00029898862222209
                4.09 0.000302096704047507
                 4.1 0.000305234232882348
                4.11 0.000308401487707645
                4.12 0.000311598746647954
                4.13 0.000314826286962849
                4.14 0.000318084385041552
                4.15  0.00032137331641867
                4.16 0.000324693355833869
                4.17 0.000328044777279799
                4.18 0.000331427854105867
                4.19 0.000334842859130191
                 4.2 0.000338290064765739
                4.21 0.000341769743200812
                4.22 0.000345282166570849
                4.23 0.000348827607171786
                4.24  0.00035240633770462
                4.25 0.000356018631522642
                4.26 0.000359664762920008
                4.27 0.000363345007434234
                4.28  0.00036705964218356
                4.29 0.000370808946209642
                 4.3 0.000374593200869972
                4.31 0.000378412690210835
                4.32 0.000382267701395922
                4.33  0.00038615852515179
                4.34 0.000390085456211156
                4.35 0.000394048793795857
                4.36 0.000398048842097889
                4.37 0.000402085910794942
                4.38 0.000406160315576697
                4.39 0.000410272378668096
                 4.4 0.000414422429386554
                4.41 0.000418610804692887
                4.42 0.000422837849765003
                4.43 0.000427103918572167
                4.44 0.000431409374461373
                4.45 0.000435754590728536
                4.46 0.000440139951228481
                4.47 0.000444565850959681
                4.48 0.000449032696652535
                4.49 0.000453540907359677
                 4.5 0.000458090915060775
                4.51 0.000462683165223932
                4.52 0.000467318117392738
                4.53 0.000471996245765709
                4.54  0.00047671803973828
                4.55 0.000481484004463781
                4.56 0.000486294661401995
                4.57 0.000491150548820906
                4.58 0.000496052222318821
                4.59 0.000501000255330978
                 4.6 0.000505995239577921
                4.61 0.000511037785553193
                4.62 0.000516128522937341
                4.63 0.000521268101038628
                4.64 0.000526457189182224
                4.65 0.000531696477075546
                4.66 0.000536986675185583
                4.67 0.000542328515045766
                4.68  0.00054772274956737
                4.69 0.000553170153344962
                 4.7 0.000558671522875722
                4.71 0.000564227676826014
                4.72 0.000569839456233953
                4.73 0.000575507724681496
                4.74 0.000581233368470216
                4.75 0.000587017296753082
                4.76 0.000592860441656147
                4.77 0.000598763758358584
                4.78 0.000604728225175013
                4.79 0.000610754843594611
                 4.8 0.000616844638323652
                4.81 0.000622998657262017
                4.82 0.000629217971551263
                4.83 0.000635503675491775
                4.84 0.000641856886525074
                4.85 0.000648278745184181
                4.86 0.000654770415015044
                4.87 0.000661333082493411
                4.88 0.000667967956927053
                4.89  0.00067467627039264
                 4.9  0.00068145927758232
                4.91 0.000688318255724161
                4.92 0.000695254504455934
                4.93  0.00070226934569741
                4.94 0.000709364123574333
                4.95 0.000716540204266962
                4.96 0.000723798975910432
                4.97 0.000731141848501459
                4.98 0.000738570253805429
                4.99 0.000746085645231307
                   5 0.000753689497824241
                5.01 0.000761383308136605
                5.02 0.000769168594231487
                5.03 0.000777046895617733
                5.04 0.000785019773256914
                5.05 0.000793088809543386
                5.06 0.000801255608379916
                5.07  0.00080952179516015
                5.08 0.000817889016925632
                5.09 0.000826358942355561
                 5.1 0.000834933261997903
                5.11 0.000843613688346991
                5.12 0.000852401956032509
                5.13 0.000861299822063865
                5.14 0.000870309066008346
                5.15 0.000879431490300793
                5.16  0.00088866892051292
                5.17 0.000898023205669917
                5.18 0.000907496218634603
                5.19 0.000917089856468616
                 5.2 0.000926806040850854
                5.21 0.000936646718500216
                5.22 0.000946613861707163
                5.23 0.000956709468770577
                5.24 0.000966935564577903
                5.25 0.000977294201106937
                5.26 0.000987787458066127
                5.27 0.000998417443480621
                5.28  0.00100918629429894
                5.29  0.00102009617710636
                 5.3  0.00103114928873473
                5.31  0.00104234785700206
                5.32  0.00105369414140472
                5.33  0.00106519043388932
                5.34  0.00107683905950747
                5.35  0.00108864237727398
                5.36  0.00110060278086959
                5.37  0.00111272269942834
                5.38  0.00112500459831915
                5.39  0.00113745097994407
                 5.4  0.00115006438449939
                5.41  0.00116284739076629
                5.42  0.00117580261691648
                5.43  0.00118893272124511
                5.44   0.0012022404029706
                5.45  0.00121572840296966
                5.46  0.00122939950452361
                5.47  0.00124325653405405
                5.48   0.0012573023618052
                5.49  0.00127153990259975
                 5.5  0.00128597211643283
                5.51  0.00130060200944816
                5.52  0.00131543263524977
                5.53  0.00133046709817406
                5.54  0.00134570856304869
                5.55  0.00136116028597297
                5.56  0.00137682571290909
                5.57  0.00139270879384235
                5.58   0.0014088149723758
                5.59  0.00142515426945138
                 5.6   0.0014417507855955
                5.61  0.00145867166494188
                5.62  0.00147611442348944
                5.63  0.00149466724295963
                5.64  0.00151607424924116
                5.65  0.00154543944375787
                5.66   0.0015973189213104
                5.67  0.00171100659193657
                5.68  0.00198080767546796
                5.69  0.00259074523941733
                 5.7  0.00382629173792211
                5.71  0.00609797537370053
                5.72   0.0100466465723311
                5.73   0.0167289433221628
                5.74   0.0278925516643845
                5.75    0.046406314927962
                5.76   0.0769490900319623
                5.77    0.127113578841255
                5.78    0.209168243400794
                5.79    0.342858255185432
                 5.8    0.559841162845093
                5.81      0.9106855099501
                5.82     1.47587372285306
                5.83     2.38303955199586
                5.84     3.83387948363283
                5.85     6.14602452620711

                5.86  0.00384383108889963
                5.87  0.00256990038489326
                5.88  0.00202000574013007
                5.89  0.00188201163585098
                 5.9  0.00190671660637947
                5.91  0.00197130040745753
                5.92  0.00203530147182915
                5.93  0.00208992499540613
                5.94  0.00213568603353143
                5.95  0.00217500253695536
                5.96  0.00221011174975012
                5.97  0.00224265935134933
                5.98  0.00227375377946239
                5.99  0.00230411009309284
                   6  0.00233417885829307
                6.01  0.00236424029434587
                6.02  0.00239446759941714
                6.03  0.00242496779771502
                6.04   0.0024558074537865
                6.05  0.00248702861085864
                6.06  0.00251865856258979
                6.07  0.00255071579343466
                6.08  0.00258321356511179
                6.09  0.00261616206851164
                 6.1  0.00264956970675837
                6.11  0.00268344385691145
                6.12  0.00271779131880952
                6.13  0.00275261857885876
                6.14  0.00278793196392865
                6.15  0.00282373773091393
                6.16  0.00286004211853577
                6.17   0.0028968513774298
                6.18  0.00293417178733047
                6.19  0.00297200966735903
                 6.2  0.00301037138202978
                6.21   0.0030492633447067
                6.22  0.00308869202013613
                6.23  0.00312866392597321
                6.24  0.00316918563395768
                6.25  0.00321026377086916
                6.26  0.00325190501933269
                6.27  0.00329411611862504
                6.28  0.00333690386521657
                6.29  0.00338027511351451
                 6.3  0.00342423677634629
                6.31  0.00346879582574947
                6.32  0.00351395929300929
                6.33  0.00355973426967538
                6.34  0.00360612790740864
                6.35  0.00365314741880477
                6.36   0.0037008000773331
                6.37  0.00374909321763618
                6.38  0.00379803423566802
                6.39  0.00384763058890553
                 6.4  0.00389788979569756
                6.41  0.00394881943604965
                6.42  0.00400042715062346
                6.43  0.00405272064090844
                6.44  0.00410570766846434
                6.45  0.00415939605471259
                6.46  0.00421379367985481
                6.47  0.00426890848266315
                6.48  0.00432474845922202
                6.49  0.00438132166205981
                 6.5  0.00443863619937772
                6.51  0.00449670023332578
                6.52  0.00455552197900879
                6.53  0.00461510970312005
                6.54  0.00467547172231839
                6.55  0.00473661640150274
                6.56    0.004798552152327
                6.57  0.00486128743112728
                6.58  0.00492483073710011
                6.59  0.00498919061041838
                 6.6  0.00505437562974732
                6.61  0.00512039441051571
                6.62  0.00518725560234183
                6.63  0.00525496788701363
                6.64  0.00532353997577829
                6.65  0.00539298060728639
                6.66  0.00546329854486193
                6.67    0.005534502574359
                6.68   0.0056066015013179
                6.69  0.00567960414897089
                 6.7  0.00575351935519441
                6.71  0.00582835597076016
                6.72  0.00590412285635664
                6.73  0.00598082888052965
                6.74  0.00605848291753019
                6.75  0.00613709384489972
                6.76  0.00621667054145986
                6.77  0.00629722188543656
                6.78   0.0063787567524734
                6.79  0.00646128401391519
                 6.8   0.0065448125354807
                6.81  0.00662935117568434
                6.82  0.00671490878459937
                6.83  0.00680149420318441
                6.84  0.00688911626194731
                6.85   0.0069777837810806
                6.86  0.00706750556973785
                6.87  0.00715829042606374
                6.88  0.00725014713737921
                6.89    0.007343084480797
                 6.9  0.00743711122412832
                6.91  0.00753223612663423
                6.92  0.00762846794087067
                6.93  0.00772581541420297
                6.94  0.00782428729073384
                6.95  0.00792389231427312
                6.96  0.00802463923050971
                6.97  0.00812653679044083
                6.98  0.00822959375389899
                6.99  0.00833381889298622
                   7  0.00843922099674364
                7.01  0.00854580887557182
                7.02  0.00865359136581934
                7.03  0.00876257733535109
                7.04  0.00887277568901032
                7.05  0.00898419537453942
                7.06  0.00909684538906254
                7.07  0.00921073478516567
                7.08  0.00932587267849067
                7.09  0.00944226825419661
                 7.1  0.00955993077522503
                7.11  0.00967886958873595
                7.12  0.00979909413575543
                7.13  0.00992061395816115
                7.14   0.0100434387076542
                7.15   0.0101675781540425
                7.16   0.0102930421939478
                7.17   0.0104198408601315
                7.18   0.0105479843297914
                7.19   0.0106774829340588
                 7.2   0.0108083471667655
