%%%%%%%%%%%%%%%%%%%%%%%%%%%%%% Meta data %%%%%%%%%%%%%%%%%%%%%%%%%%%%%%
% Boundary condition: SHBC
% Incident wave direction: alpha_s = NaNDeg, beta_s = NaNDeg
% Formulation: BGC
% Core method: IGA
% Method: IE
% Infinite element basis (in radial shape functions): Chebyshev
% N: 7
%
%%%%%%%%%%%%%%%%%%%%%%%%%%%%%%%% Data %%%%%%%%%%%%%%%%%%%%%%%%%%%%%%%%%
               k_ROM         surfaceError
                 1.8 1.56233541649872e-05
                1.81 1.58874816436049e-05
                1.82 1.61550976970224e-05
                1.83  1.6426251387647e-05
                1.84 1.67009931583591e-05
                1.85 1.69793747719506e-05
                1.86 1.72614492959839e-05
                1.87 1.75472710473771e-05
                1.88 1.78368955515363e-05
                1.89 1.81303794858246e-05
                 1.9 1.84277806285716e-05
                1.91 1.87291577966024e-05
                1.92  1.9034570779914e-05
                1.93 1.93440802851895e-05
                1.94 1.96577478556058e-05
                1.95 1.99756358115606e-05
                1.96  2.0297807159593e-05
                1.97 2.06243255368713e-05
                1.98 2.09552551186322e-05
                1.99 2.12906605413204e-05
                   2 2.16306068308272e-05
                2.01 2.19751593073756e-05
                2.02 2.23243835204694e-05
                2.03 2.26783451505834e-05
                2.04 2.30371099391903e-05
                2.05 2.34007436033883e-05
                2.06 2.37693117535875e-05
                2.07 2.41428798187446e-05
                2.08 2.45215129621357e-05
                2.09 2.49052760148775e-05
                 2.1  2.5294233389701e-05
                2.11 2.56884490209385e-05
                2.12 2.60879862865495e-05
                2.13 2.64929079526357e-05
                2.14 2.69032760956776e-05
                2.15 2.73191520579698e-05
                2.16  2.7740596388141e-05
                2.17 2.81676687845411e-05
                2.18 2.86004280573499e-05
                2.19 2.90389320765537e-05
                 2.2 2.94832377513113e-05
                2.21 2.99334009797137e-05
                2.22 3.03894766381348e-05
                2.23 3.08515185485427e-05
                2.24  3.1319579472363e-05
                2.25 3.17937110988582e-05
                2.26 3.22739640468705e-05
                2.27 3.27603878562259e-05
                2.28 3.32530310144479e-05
                2.29 3.37519409634039e-05
                 2.3 3.42571641240137e-05
                2.31 3.47687459360447e-05
                2.32 3.52867308811676e-05
                2.33 3.58111625421962e-05
                2.34  3.6342083648814e-05
                2.35 3.68795361291922e-05
                2.36 3.74235612035551e-05
                2.37 3.79741994322692e-05
                2.38 3.85314908231892e-05
                2.39 3.90954749191856e-05
                 2.4 3.96661909187557e-05
                2.41 4.02436777982968e-05
                2.42  4.0827974470122e-05
                2.43 4.14191199618469e-05
                2.44 4.20171536407618e-05
                2.45 4.26221154941315e-05
                2.46 4.32340464801675e-05
                2.47 4.38529889995282e-05
                2.48 4.44789875106561e-05
                2.49 4.51120893517812e-05
                 2.5 4.57523458660025e-05
                2.51 4.63998139146894e-05
                2.52 4.70545579544493e-05
                2.53 4.77166528727405e-05
                2.54 4.83861878444847e-05
                2.55 4.90632715992248e-05
                2.56 4.97480395554918e-05
                2.57   5.044066349972e-05
                2.58 5.11413645887163e-05
                2.59 5.18504308671504e-05
                 2.6 5.25682406109216e-05
                2.61   5.329529343177e-05
                2.62 5.40322514504105e-05
                2.63 5.47799935484934e-05
                2.64 5.55396865254597e-05
                2.65 5.63128779248778e-05
                2.66 5.71016164907057e-05
                2.67 5.79086075941057e-05
                2.68 5.87374125322582e-05
                2.69 5.95927023872528e-05
                 2.7 6.04805788726201e-05
                2.71 6.14089763798607e-05
                2.72 6.23881606183771e-05
                2.73 6.34313395432421e-05
                2.74 6.45554008844925e-05
                2.75  6.5781786347379e-05
                2.76  6.7137504312602e-05
                2.77 6.86562691700983e-05
                2.78 7.03797352668338e-05
                2.79 7.23587669423327e-05
                 2.8 7.46546561771833e-05
                2.81 7.73401716578936e-05
                2.82 8.05003080154443e-05
                2.83 8.42326149116798e-05
                2.84 8.86470324766369e-05
                2.85 9.38652446518153e-05
                2.86 0.000100019669471215
                2.87 0.000107252306317525
                2.88 0.000115713714074945
                2.89  0.00012556238196442
                 2.9 0.000136964674142131
                2.91 0.000150095412079471
                2.92 0.000165139045437322
                2.93  0.00018229128533264
                2.94 0.000201761044296941
                2.95  0.00022377253814792
                2.96 0.000248567440954514
                2.97 0.000276407023453665
                2.98 0.000307574243947252
                2.99 0.000342375785009432
                   3 0.000381144046982971
                3.01 0.000424239116074304
                3.02 0.000472050728122489
                3.03 0.000525000247052918
                3.04 0.000583542675117443
                3.05 0.000648168708534015
                3.06 0.000719406849003607
                3.07  0.00079782557876309
                3.08 0.000884035604640686
                3.09 0.000978692174556489
                 3.1  0.00108249746821481
                3.11  0.00119620306305235
                3.12  0.00132061247472689
                3.13  0.00145658377109469
                3.14  0.00160503225808291

                3.15  0.00225215334157389
                3.16   0.0020313926039396
                3.17   0.0018305127785737
                3.18  0.00164792906949049
                3.19  0.00148216873964575
                 3.2  0.00133186501802123
                3.21  0.00119575127779106
                3.22  0.00107265548687892
                3.23 0.000961494925966548
                3.24 0.000861271168225831
                3.25 0.000771065307496093
                3.26 0.000690033412293361
                3.27 0.000617402170808957
                3.28 0.000552464671512463
                3.29 0.000494576239404062
                 3.3 0.000443150211316493
                3.31 0.000397653496625434
                3.32  0.00035760173208226
                3.33  0.00032255382003329
                3.34 0.000292105672484495
                3.35 0.000265883102456465
                3.36 0.000243534051533331
                3.37 0.000224720718812739
                3.38  0.00020911257822923
                3.39 0.000196381546285471
                 3.4 0.000186200448928458
                3.41 0.000178245299533252
                3.42 0.000172200887960334
                3.43 0.000167768228215037
                3.44 0.000164671977316026
                3.45 0.000162666188989675
                3.46 0.000161537497560689
                3.47 0.000161105638444813
                3.48 0.000161221793504269
                3.49 0.000161765499239102
                 3.5  0.00016264083914765
                3.51 0.000163772483029564
                3.52 0.000165101941907305
                3.53 0.000166584238480128
                3.54 0.000168185070093065
                3.55 0.000169878464151203
                3.56 0.000171644883828619
                3.57 0.000173469723497999
                3.58 0.000175342129567919
                3.59 0.000177254085919796
                 3.6 0.000179199710749278
                3.61 0.000181174719774181
                3.62 0.000183176019042897
                3.63 0.000185201397783568
                3.64 0.000187249297849324
                3.65 0.000189318641579976
                3.66 0.000191408703790495
                3.67 0.000193519017077079
                3.68 0.000195649302048393
                3.69 0.000197799416162222
                 3.7 0.000199969316383663
                3.71 0.000202159032059466
                3.72 0.000204368645280204
                3.73 0.000206598276772715
                3.74 0.000208848075771075
                3.75 0.000211118212802514
                3.76   0.0002134088745548
                3.77 0.000215720260240965
                3.78 0.000218052579037759
                3.79 0.000220406048272176
                 3.8 0.000222780892118184
                3.81 0.000225177340689142
                3.82 0.000227595629351852
                3.83 0.000230035998229191
                3.84 0.000232498691807345
                3.85 0.000234983958616366
                3.86 0.000237492050965393
                3.87 0.000240023224686694
                3.88 0.000242577738920573
                3.89 0.000245155855887638
                 3.9 0.000247757840679688
                3.91 0.000250383961027444
                3.92 0.000253034487111447
                3.93 0.000255709691311619
                3.94 0.000258409848011515
                3.95 0.000261135233367132
                3.96 0.000263886125093236
                3.97 0.000266662802236126
                3.98 0.000269465544976726
                3.99 0.000272294634396734
                   4 0.000275150352297268
                4.01    0.000278032980984
                4.02 0.000280942803088409
                4.03 0.000283880101378067
                4.04 0.000286845158594822
                4.05 0.000289838257300053
                4.06 0.000292859679720971
                4.07 0.000295909707630602
                4.08 0.000298988622231309
                4.09  0.00030209670405694
                 4.1 0.000305234232891313
                4.11 0.000308401487715355
                4.12 0.000311598746654573
                4.13 0.000314826286968064
                4.14 0.000318084385045607
                4.15 0.000321373316421424
                4.16 0.000324693355835654
                4.17 0.000328044777280909
                4.18 0.000331427854107187
                4.19 0.000334842859130664
                 4.2 0.000338290064766035
                4.21 0.000341769743200848
                4.22 0.000345282166570832
                4.23 0.000348827607172002
                4.24 0.000352406337704806
                4.25 0.000356018631522901
                4.26 0.000359664762919902
                4.27 0.000363345007434186
                4.28  0.00036705964218326
                4.29 0.000370808946209876
                 4.3 0.000374593200869973
                4.31 0.000378412690210831
                4.32 0.000382267701396191
                4.33 0.000386158525151633
                4.34 0.000390085456211213
                4.35  0.00039404879379562
                4.36 0.000398048842097242
                4.37 0.000402085910794794
                4.38 0.000406160315576669
                4.39 0.000410272378668063
                 4.4 0.000414422429387178
                4.41 0.000418610804693033
                4.42 0.000422837849765021
                4.43 0.000427103918572218
                4.44 0.000431409374461695
                4.45  0.00043575459072839
                4.46 0.000440139951228848
                4.47  0.00044456585095982
                4.48 0.000449032696651935
                4.49 0.000453540907359762
                 4.5 0.000458090915060635
                4.51 0.000462683165223903
                4.52 0.000467318117392584
                4.53  0.00047199624576486
                4.54 0.000476718039738121
                4.55 0.000481484004463811
                4.56 0.000486294661401566
                4.57 0.000491150548820976
                4.58 0.000496052222319012
                4.59 0.000501000255331063
                 4.6 0.000505995239578638
                4.61 0.000511037785552909
                4.62 0.000516128522937012
                4.63  0.00052126810103799
                4.64 0.000526457189182423
                4.65 0.000531696477076012
                4.66 0.000536986675185381
                4.67 0.000542328515044765
                4.68  0.00054772274956738
                4.69 0.000553170153345501
                 4.7 0.000558671522875644
                4.71 0.000564227676825713
                4.72 0.000569839456234034
                4.73  0.00057550772468142
                4.74 0.000581233368469406
                4.75 0.000587017296752719
                4.76 0.000592860441655613
                4.77 0.000598763758358869
                4.78  0.00060472822517609
                4.79 0.000610754843596293
                 4.8 0.000616844638324973
                4.81 0.000622998657267218
                4.82 0.000629217971557661
                4.83 0.000635503675502679
                4.84 0.000641856886543509
                4.85 0.000648278745213069
                4.86 0.000654770415062028
                4.87 0.000661333082565846
                4.88 0.000667967957039307
                4.89 0.000674676270563671
                 4.9 0.000681459277839487
                4.91 0.000688318256106083
                4.92 0.000695254505020339
                4.93 0.000702269346523266
                4.94 0.000709364124770413
                4.95 0.000716540205984009
                4.96 0.000723798978355873
                4.97 0.000731141851956798
                4.98 0.000738570258649354
                4.99 0.000746085651970825
                   5 0.000753689507139054
                5.01 0.000761383320921285
                5.02  0.00076916861166231
                5.03 0.000777046919231879
                5.04 0.000785019805053771
                5.05 0.000793088852110836
                5.06 0.000801255665037698
                5.07 0.000809521870159905
                5.08   0.0008178891156748
                5.09 0.000826359071702207
                 5.1 0.000834933430577267
                5.11 0.000843613906995166
                5.12 0.000852402238283332
                5.13 0.000861300184755765
                5.14 0.000870309530000736
                5.15 0.000879432081333033
                5.16  0.00088866967021371
                5.17 0.000898024152773703
                5.18 0.000907497410401697
                5.19 0.000917091350345656
                 5.2 0.000926807906445319
                5.21 0.000936649039883328
                5.22 0.000946616740094627
                5.23 0.000956713025673396
                5.24 0.000966939945459367
                5.25 0.000977299579660404
                5.26 0.000987794041177227
                5.27 0.000998425477039523
                5.28  0.00100919606997656
                5.29  0.00102010804026669
                 5.3  0.00103116364771718
                5.31  0.00104236519403084
                5.32  0.00105371502546837
                5.33  0.00106521553596648
                5.34  0.00107686917072949
                5.35  0.00108867843060987
                5.36  0.00110064587721556
                5.37  0.00111277413912782
                5.38  0.00112506591946918
                5.39  0.00113752400516724
                 5.4  0.00115015127829843
                5.41  0.00116295073022534
                5.42   0.0011759254791007
                5.43  0.00118907879163815
                5.44  0.00120241411034264
                5.45  0.00121593508743137
                5.46   0.0012296456272752
                5.47  0.00124354993931414
                5.48  0.00125765260410332
                5.49  0.00127195865558623
                 5.5  0.00128647368327974
                5.51  0.00130120395932858
                5.52  0.00131615659560453
                5.53    0.001331339737842
                5.54  0.00134676280492996
                5.55  0.00136243678279649
                5.56  0.00137837458449566
                5.57  0.00139459149011167
                5.58   0.0014111056822362
                5.59  0.00142793889592744
                 5.6  0.00144511720460671
                5.61  0.00146267196695232
                5.62  0.00148064096337307
                5.63  0.00149906975407882
                5.64  0.00151801329475489
                5.65  0.00153753784918015
                5.66  0.00155772324083917
                5.67  0.00157866548748584
                5.68  0.00160047986288916
                5.69   0.0016233044266948
                 5.7  0.00164730405818975
                5.71  0.00167267501740168
                5.72  0.00169965004006895
                5.73   0.0017285039473206
                5.74  0.00175955971572597
                5.75   0.0017931949094391
                5.76  0.00182984832219117
                5.77  0.00187002661646478
                5.78  0.00191431068488079
                5.79  0.00196336140366221
                 5.8   0.0020179244091563
                5.81  0.00207883352352527
                5.82  0.00214701249229965
                5.83  0.00222347479141147
                5.84  0.00230932141008244
                5.85  0.00240573671212929

                5.86  0.00301944912745381
                5.87  0.00287516820298865
                5.88  0.00275401120142353
                5.89  0.00265409014816203
                 5.9   0.0025732800804176
                5.91  0.00250940022052453
                5.92  0.00246033049065622
                5.93  0.00242408308969827
                5.94    0.002398843026635
                5.95  0.00238298706872791
                5.96  0.00237508770738319
                5.97  0.00237390697932921
                5.98  0.00237838381101884
                5.99  0.00238761767728339
                   6  0.00240085064367817
                6.01  0.00241744925432174
                6.02  0.00243688722640007
                6.03  0.00245872952694659
                6.04  0.00248261811586942
                6.05  0.00250825944230972
                6.06  0.00253541365169436
                6.07  0.00256388538374707
                6.08  0.00259351600426101
                6.09  0.00262417709846146
                 6.1  0.00265576505500412
                6.11  0.00268819658223003
                6.12  0.00272140501087918
                6.13  0.00275533725692755
                6.14  0.00278995133337846
                6.15  0.00282521431645989
                6.16  0.00286110068606086
                6.17  0.00289759097308388
                6.18  0.00293467065709249
                6.19  0.00297232926826283
                 6.2  0.00301055965485082
                6.21   0.0030493573846843
                6.22  0.00308872025584914
                6.23  0.00312864789535245
                6.24  0.00316914142946717
                6.25   0.0032102032125637
                6.26  0.00325183660371002
                6.27  0.00329404578281414
                6.28  0.00333683559891176
                6.29   0.0033802114459128
                 6.3  0.00342417916045287
                6.31  0.00346874493900052
                6.32  0.00351391526991378
                6.33  0.00355969687958078
                6.34  0.00360609668833504
                6.35  0.00365312177643074
                6.36  0.00370077935654359
                6.37  0.00374907675281978
                6.38  0.00379802138459291
                6.39  0.00384762075433482
                 6.4  0.00389788243776442
                6.41  0.00394881407802051
                6.42  0.00400042337995136
                6.43  0.00405271810704422
                6.44  0.00410570607867771
                6.45  0.00415939516863557
                6.46  0.00421379330350886
                6.47  0.00426890846229077
                6.48  0.00432474867532039
                6.49  0.00438132202376201
                 6.5  0.00443863663934754
                6.51  0.00449670070320334
                6.52  0.00455552244543945
                6.53  0.00461511014435671
                6.54  0.00467547212539509
                6.55  0.00473661675988699
                6.56  0.00479855246403532
                6.57  0.00486128769726296
                6.58  0.00492483096072119
                6.59  0.00498919079567627
                 6.6  0.00505437578127819
                6.61  0.00512039453303322
                6.62  0.00518725570033739
                6.63  0.00525496796462258
                6.64  0.00532354003666188
                6.65  0.00539298065462112
                6.66  0.00546329858135209
                6.67  0.00553450260224664
                6.68  0.00560660152246062
                6.69  0.00567960416487278
                 6.7  0.00575351936705784
                6.71  0.00582835597954042
                6.72  0.00590412286280635
                6.73  0.00598082888523203
                6.74  0.00605848292092886
                6.75  0.00613709384733309
                6.76  0.00621667054319042
                6.77   0.0062972218866564
                6.78  0.00637875675332656
                6.79  0.00646128401450286
                 6.8  0.00654481253588008
                6.81  0.00662935117595439
                6.82  0.00671490878478078
                6.83  0.00680149420330386
                6.84  0.00688911626202544
                6.85  0.00697778378112856
                6.86  0.00706750556976869
                6.87  0.00715829042608704
                6.88  0.00725014713739303
                6.89  0.00734308448080514
                 6.9  0.00743711122413202
                6.91   0.0075322361266349
                6.92  0.00762846794087022
                6.93  0.00772581541420213
                6.94  0.00782428729073589
                6.95  0.00792389231427329
                6.96   0.0080246392305079
                6.97  0.00812653679044122
                6.98  0.00822959375390276
                6.99   0.0083338188929858
                   7  0.00843922099674401
                7.01  0.00854580887557198
                7.02  0.00865359136581854
                7.03  0.00876257733535146
                7.04  0.00887277568901091
                7.05  0.00898419537454079
                7.06  0.00909684538906151
                7.07  0.00921073478516509
                7.08  0.00932587267848871
                7.09   0.0094422682541948
                 7.1  0.00955993077522316
                7.11  0.00967886958873599
                7.12   0.0097990941357546
                7.13  0.00992061395815975
                7.14   0.0100434387076532
                7.15   0.0101675781540421
                7.16   0.0102930421939483
                7.17   0.0104198408601315
                7.18   0.0105479843297947
                7.19   0.0106774829340598
                 7.2   0.0108083471667655
