%%%%%%%%%%%%%%%%%%%%%%%%%%%%%% Meta data %%%%%%%%%%%%%%%%%%%%%%%%%%%%%%
% Boundary condition: SHBC
% Incident wave direction: alpha_s = NaNDeg, beta_s = NaNDeg
% Formulation: BGC
% Core method: IGA
% Method: IE
% Infinite element basis (in radial shape functions): Chebyshev
% N: 7
%
%%%%%%%%%%%%%%%%%%%%%%%%%%%%%%%% Data %%%%%%%%%%%%%%%%%%%%%%%%%%%%%%%%%
               k_ROM         surfaceError
                 1.8 1.56233541649872e-05
                1.81 1.58874816435785e-05
                1.82 1.61550976935646e-05
                1.83 1.64262513043191e-05
                1.84 1.67009923899215e-05
                1.85 1.69793711856998e-05
                1.86  1.7261446677847e-05
                1.87 1.75473803580819e-05
                1.88  1.7838025751091e-05
                1.89 1.81376634756869e-05
                 1.9  1.8464203681458e-05
                1.91 1.88810972113157e-05
                1.92 1.95816980616463e-05
                1.93 2.10675860554902e-05
                1.94 2.43904328221639e-05
                1.95 3.11995608569706e-05
                1.96 4.34148441168265e-05
                1.97 6.30176076290788e-05
                1.98 9.22617418932612e-05
                1.99 0.000133945311217307
                   2 0.000191560433714258
                2.01  0.00026937643245192
                2.02 0.000372506814350097
                2.03 0.000506974619252892
                2.04 0.000679776989733897
                2.05 0.000898946839263233
                2.06  0.00117360934855246
                2.07  0.00151403136962177
                2.08  0.00193166216176674
                2.09   0.0024391641606425
                 2.1  0.00305043270753089
                2.11  0.00378060386264255
                2.12  0.00464604960663146
                2.13  0.00566435990695185
                2.14  0.00685431129309718
                2.15   0.0082358217484795
                2.16  0.00982989188606052
                2.17    0.011658532531159
                2.18   0.0137446789838428
                2.19   0.0161120923777587
                 2.2   0.0187852486877722
                2.21   0.0217892160669225
                2.22   0.0251495213115172
                2.23   0.0288920063617388
                2.24   0.0330426758430481
                2.25   0.0376275367404927
                2.26   0.0426724313734715
                2.27   0.0482028649019124
                2.28   0.0542438286467673
                2.29   0.0608196205471184
                 2.3   0.0679536641043638
                2.31   0.0756683271793632
                2.32    0.083984742013111
                2.33     0.09292262783402
                2.34    0.102500117396947
                2.35    0.112733588770119
                2.36    0.123637503647081
                2.37    0.135224253412118
                2.38    0.147504014129882
                2.39     0.16048461156349
                 2.4    0.174171397251581
                2.41    0.188567136593352
                2.42     0.20367190980329
                2.43    0.219483026504227
                2.44    0.235994954629007
                2.45    0.253199264199909
                2.46    0.271084586449237
                2.47    0.289636588637591
                2.48    0.308837964817324
                2.49    0.328668442679452
                 2.5     0.34910480651291
                2.51    0.370120936197092
                2.52     0.39168786204221
                2.53    0.413773835188266
                2.54    0.436344413173286
                2.55     0.45936256018501
                2.56    0.482788761418708
                2.57    0.506581150877783
                2.58    0.530695651873105
                2.59    0.555086129403474
                 2.6    0.579704553532177
                2.61    0.604501172814768
                2.62    0.629424696780973
                2.63    0.654422486428407
                2.64    0.679440751649673
                2.65    0.704424754484938
                2.66     0.72931901707186
                2.67    0.754067533151519
                2.68    0.778613981984502
                2.69    0.802901943533614
                 2.7     0.82687511378038
                2.71    0.850477519059797
                2.72    0.873653728321998
                2.73     0.89634906226035
                2.74    0.918509798282666
                2.75    0.940083370343729
                2.76    0.961018562706121
                2.77    0.981265696746987
                2.78     1.00077680998586
                2.79      1.0195058265671
                 2.8     1.03740871849419
                2.81     1.05444365697696
                2.82     1.07057115332096
                2.83     1.08575418885519
                2.84     1.09995833346433
                2.85     1.11315185236031
                2.86     1.12530580079759
                2.87     1.13639410650509
                2.88      1.1463936396749
                2.89     1.15528427041462
                 2.9     1.16304891363384
                2.91     1.16967356139835
                2.92     1.17514730284465
                2.93     1.17946233180584
                2.94     1.18261394235267
                2.95     1.18460051250726
                2.96      1.1854234764328
                2.97     1.18508728544976
                2.98     1.18359935826886
                2.99     1.18097002087094
                   3     1.17721243649707
                3.01     1.17234252624504
                3.02     1.16637888079466
                3.03     1.15934266381039
                3.04     1.15125750758939
                3.05      1.1421494015423
                3.06      1.1320465741075
                3.07       1.120979368712
                3.08     1.10898011440015
                3.09     1.09608299175777
                 3.1     1.08232389476055
                3.11     1.06774028917818
                3.12     1.05237106816104
                3.13     1.03625640563334
                3.14     1.01943760810841
                3.15     1.00195696553321
                3.16    0.983857601758182
                3.17     0.96518332521442
                3.18    0.945978480366356
                3.19    0.926287800490231
                 3.2    0.906156262311573
                3.21    0.885628943013833
                3.22    0.864750880110134
                3.23    0.843566934646904
                3.24    0.822121658184732
                3.25    0.800459163976951
                3.26    0.778623002740627
                3.27    0.756656043387595
                3.28    0.734600359056093
                3.29    0.712497118754773
                 3.3    0.690386484902541
                3.31    0.668307517017124
                3.32    0.646298081777076
                3.33    0.624394769649531
                3.34     0.60263281824806
                3.35     0.58104604255185
                3.36    0.559666772088797
                3.37    0.538525795153611
                3.38    0.517652310102056
                3.39    0.497073883732176
                 3.4     0.47681641673377
                3.41    0.456904116159498
                3.42    0.437359474839839
                3.43    0.418203257640511
                3.44    0.399454494429771
                3.45    0.381130479601545
                3.46    0.363246777972308
                3.47     0.34581723684811
                3.48    0.328854004035662
                3.49    0.312367551550162
                 3.5    0.296366704753902
                3.51    0.280858676642229
                3.52    0.265849106976376
                3.53    0.251342105949554
                3.54      0.2373403020603
                3.55     0.22384489385517
                3.56    0.210855705195409
                3.57    0.198371243694758
                3.58    0.186388761970849
                3.59    0.174904321349156
                 3.6    0.163912857658037
                3.61    0.153408248753317
                3.62    0.143383383414306
                3.63    0.133830231256789
                3.64    0.124739913315498
                3.65     0.11610277295544
                3.66    0.107908446782004
                3.67        0.10014593523
                3.68   0.0928036725246002
                3.69   0.0858695957204547
                 3.7   0.0793312125415501
                3.71   0.0731756677577799
                3.72   0.0673898078550744
                3.73   0.0619602437702345
                3.74    0.056873411482176
                3.75   0.0521156302704876
                3.76   0.0476731584712329
                3.77   0.0435322465804876
                3.78   0.0396791875755441
                3.79   0.0361003643452804
                 3.8   0.0327822941407037
                3.81   0.0297116699757674
                3.82   0.0268753989308242
                3.83   0.0242606373279812
                3.84   0.0218548227683896
                3.85    0.019645703039003
                3.86   0.0176213619146723
                3.87   0.0157702418983954
                3.88   0.0140811639595755
                3.89   0.0125433443460629
                 3.9    0.011146408560226
                3.91  0.00988040260620389
                3.92  0.00873580162742988
                3.93  0.00770351607074296
                3.94  0.00677489552421946
                3.95   0.0059417303937756
                3.96  0.00519625159624976
                3.97  0.00453112846299383
                3.98  0.00393946506426015
                3.99   0.0034147951804674
                   4  0.00295107615963323
                4.01  0.00254268190704133
                4.02  0.00218439523933139
                4.03  0.00187139978443711
                4.04  0.00159927147307418
                4.05  0.00136396937745856
                4.06  0.00116182508167467
                4.07 0.000989528741995595
                4.08 0.000844108344693191
                4.09 0.000722896484279509
                 4.1 0.000623477214779337
                4.11 0.000543606947223698
                4.12 0.000481112666193709
                4.13 0.000433790535962096
                4.14  0.00039934915004499
                4.15 0.000375439731901048
                4.16 0.000359774353715126
                4.17 0.000350279073993969
                4.18 0.000345212120422021
                4.19  0.00034320934663551
                 4.2 0.000343263201520348
                4.21 0.000344663804097049
                4.22 0.000346929500321842
                4.23 0.000349743415076594
                4.24 0.000352902528023087
                4.25 0.000356279868736184
                4.26 0.000359797866341663
                4.27 0.000363410252763904
                4.28 0.000367090133770486
                4.29 0.000370822326247695
                 4.3  0.00037459855449825
                4.31 0.000378414511494833
                4.32 0.000382268106451289
                4.33  0.00038615844813713
                4.34 0.000390085272558749
                4.35 0.000394048631509793
                4.36 0.000398048729468113
                4.37 0.000402085842014837
                4.38 0.000406160277261471
                4.39 0.000410272358966222
                 4.4 0.000414422420035971
                4.41  0.00041861080062852
                4.42 0.000422837848172246
                4.43 0.000427103918023342
                4.44 0.000431409374301468
                4.45 0.000435754590692054
                4.46 0.000440139951222844
                4.47 0.000444565850958995
                4.48 0.000449032696652275
                4.49 0.000453540907359617
                 4.5 0.000458090915060775
                4.51 0.000462683165223907
                4.52  0.00046731811739278
                4.53 0.000471996245764921
                4.54 0.000476718039732439
                4.55  0.00048148400442784
                4.56 0.000486294661245899
                4.57 0.000491150548290819
                4.58 0.000496052220788867
                4.59 0.000501000251449036
                 4.6 0.000505995230688685
                4.61 0.000511037766887354
                4.62 0.000516128486649954
                4.63 0.000521268035503001
                4.64 0.000526457079721717
                4.65 0.000531696310914125
                4.66 0.000536986456686801
                4.67 0.000542328303439951
                4.68 0.000547722742446536
                4.69 0.000553170858300604
                 4.7  0.00055867409139531
                4.71 0.000564234525524866
                4.72 0.000569855380046581
                4.73 0.000575541827237795
                4.74 0.000581302313379636
                4.75 0.000587150641306487
                4.76 0.000593109178297442
                4.77  0.00059921369087594
                4.78  0.00060552048061653
                4.79 0.000612116699718049
                 4.8 0.000619134947992916
                4.81 0.000626773454872171
                4.82 0.000635323248845355
                4.83 0.000645203556717202
                4.84 0.000657006000719483
                4.85 0.000671546616416749
                4.86  0.00068992194853097
                4.87 0.000713561463723939
                4.88 0.000744264142096167
                4.89 0.000784204786721667
                 4.9 0.000835898950543927
                4.91 0.000902126805983745
                4.92 0.000985832936817616
                4.93  0.00109003168386136
                4.94  0.00121774676540253
                4.95  0.00137199889063326
                4.96  0.00155583594975997
                4.97   0.0017723884140603
                4.98  0.00202493143658939
                4.99  0.00231694091920279
                   5  0.00265213785236169
                5.01  0.00303452029564184
                5.02  0.00346838484692866
                5.03  0.00395834011805704
                5.04  0.00450931446998107
                5.05  0.00512655969899084
                5.06  0.00581565180938967
                5.07  0.00658248956762398
                5.08   0.0074332912230663
                5.09  0.00837458957885175
                 5.1  0.00941322546939802
                5.11   0.0105563396332395
                5.12   0.0118113629253742
                5.13   0.0131860048044183
                5.14   0.0146882400163023
                5.15   0.0163262934120308
                5.16   0.0181086228304474
                5.17   0.0200439000044058
                5.18   0.0221409894450194
                5.19   0.0244089252875097
                 5.2   0.0268568860830093
                5.21   0.0294941675427268
                5.22   0.0323301532517908
                5.23   0.0353742833868508
                5.24   0.0386360214802472
                5.25   0.0421248192960906
                5.26   0.0458500798895111
                5.27   0.0498211189376209
                5.28   0.0540471244473094
                5.29   0.0585371149511874
                 5.3   0.0632998963236666
                5.31   0.0683440173553936
                5.32   0.0736777242414843
                5.33   0.0793089141474265
                5.34   0.0852450880287757
                5.35   0.0914933028918981
                5.36    0.098060123690835
                5.37    0.104951575067081
                5.38    0.112173093145371
                5.39    0.119729477604457
                 5.4    0.127624844254026
                5.41    0.135862578346372
                5.42    0.144445288861104
                5.43    0.153374764004076
                5.44     0.16265192816037
                5.45    0.172276800546212
                5.46     0.18224845580217
                5.47    0.192564986766846
                5.48    0.203223469673653
                5.49    0.214219931999586
                 5.5    0.225549323200883
                5.51    0.237205488552764
                5.52    0.249181146312364
                5.53    0.261467868407949
                5.54    0.274056064850606
                5.55    0.286934972052839
                5.56    0.300092645224885
                5.57    0.313515955006564
                5.58    0.327190588477263
                5.59    0.341101054671305
                 5.6    0.355230694708555
                5.61     0.36956169663187
                5.62    0.384075115026279
                5.63    0.398750895473237
                5.64    0.413567903873599
                5.65    0.428503960654521
                5.66    0.443535879849411
                5.67    0.458639513024712
                5.68     0.47378979799905
                5.69    0.488960812281256
                 5.7    0.504125831131983
                5.71    0.519257390127303
                5.72     0.53432735208507
                5.73    0.549306978187117
                5.74    0.564167003112737
                5.75    0.578877713974465
                5.76    0.593409032825442
                5.77    0.607730602489584
                5.78    0.621811875442006
                5.79    0.635622205449903
                 5.8    0.649130941665456
                5.81    0.662307524843525
                5.82    0.675121585341404
                5.83    0.687543042541954
                5.84    0.699542205327951
                5.85    0.711089873221792
                5.86    0.722157437793691
                5.87    0.732716983932853
                5.88    0.742741390565381
                5.89    0.752204430399285
                 5.9    0.761080868268904
                5.91    0.769346557651374
                5.92    0.776978534923701
                5.93    0.783955110932193
                5.94    0.790255959447058
                5.95    0.795862202081573
                5.96    0.800756489259782
                5.97    0.804923076828521
                5.98    0.808347897917405
                5.99    0.811018629666432
                   6    0.812924754453606
                6.01    0.814057615275053
                6.02    0.814410464943715
                6.03    0.813978508803326
                6.04    0.812758940667005
                6.05    0.810750971723067
                6.06    0.807955852172835
                6.07    0.804376885396447
                6.08    0.800019434470818
                6.09    0.794890920898252
                 6.1    0.789000815434638
                6.11    0.782360620943557
                6.12    0.774983847236066
                6.13    0.766885977893234
                6.14    0.758084429108197
                6.15    0.748598500618738
                6.16    0.738449318844049
                6.17    0.727659772376145
                6.18    0.716254440016572
                6.19    0.704259511587934
                 6.2    0.691702701788219
                6.21     0.67861315739501
                6.22    0.665021358163992
                6.23    0.650959011802183
                6.24    0.636458943432314
                6.25     0.62155497999922
                6.26    0.606281830100825
                6.27    0.590674959756533
                6.28    0.574770464655413
                6.29    0.558604939451645
                 6.3    0.542215344698655
                6.31    0.525638872034812
                6.32    0.508912808249606
                6.33    0.492074398877101
                6.34     0.47516071197155
                6.35    0.458208502731537
                6.36    0.441254079640975
                6.37    0.424333172797379
                6.38     0.40748080509504
                6.39    0.390731166924571
                 6.4    0.374117495035187
                6.41     0.35767195620242
                6.42    0.341425536309857
                6.43    0.325407935445545
                6.44    0.309647469578746
                6.45    0.294170979357529
                6.46    0.279003746529575
                6.47    0.264169418457797
                6.48    0.249689941156566
                6.49    0.235585501234817
                 6.5     0.22187447708612
                6.51    0.208573399617628
                6.52    0.195696922760909
                6.53    0.183257803956977
                6.54    0.171266894757175
                6.55    0.159733141629095
                6.56     0.14866359700954
                6.57    0.138063440594967
                6.58    0.127936010818197
                6.59    0.118282846417683
                 6.6    0.109103737971731
                6.61    0.100396789243739
                6.62   0.0921584881654661
                6.63    0.084383787282251
                6.64   0.0770661934893568
                6.65   0.0701978669123628
                6.66   0.0637697288203166
                6.67   0.0577715785104942
                6.68   0.0521922191515596
                6.69   0.0470195926033799
                 6.7    0.042240923202335
                6.71   0.0378428703299323
                6.72   0.0338116891289887
                6.73   0.0301333977500299
                6.74   0.0267939475874758
                6.75   0.0237793894705892
                6.76   0.0210760228190133
                6.77   0.0186705053569845
                6.78    0.016549887612639
                6.79   0.0147015207110987
                 6.8   0.0131127747425276
                6.81   0.0117705142455204
                6.82   0.0106603322880937
                6.83   0.0097656648162682
                6.84  0.00906706852425042
                6.85  0.00854204565131545
                6.86  0.00816569724908527
                6.87   0.0079121550006924
                6.88  0.00775637268414178
                6.89  0.00767572083843173
                 6.9  0.00765099629928414
                6.91  0.00766676141822407
                6.92  0.00771115737058752
                6.93   0.0077754150880182
                6.94  0.00785325763810717
                6.95  0.00794031921828205
                6.96  0.00803364297956432
                6.97  0.00813127750207564
                6.98  0.00823196851899583
                6.99  0.00833493229935601
                   7  0.00843969432413149
                7.01   0.0085459777391274
                7.02  0.00865362838093918
                7.03  0.00876256582808056
                7.04  0.00887275241514908
                7.05  0.00898417426948756
                7.06  0.00909683013532853
                7.07  0.00921072506456938
                7.08  0.00932586703267737
                7.09  0.00944226523246268
                 7.1  0.00955992928484794
                7.11  0.00967886891654678
                7.12  0.00979909386270915
                7.13   0.0099206138606777
                7.14   0.0100434386781988
                7.15   0.0101675781469455
                7.16   0.0102930421927178
                7.17    0.010419840860004
                7.18   0.0105479843297875
                7.19   0.0106774829340594
                 7.2   0.0108083471667655
