%%%%%%%%%%%%%%%%%%%%%%%%%%%%%% Meta data %%%%%%%%%%%%%%%%%%%%%%%%%%%%%%
% Boundary condition: SHBC
% Incident wave direction: alpha_s = NaNDeg, beta_s = NaNDeg
% Formulation: BGC
% Core method: IGA
% Method: IE
% Infinite element basis (in radial shape functions): Chebyshev
% N: 7
%
%%%%%%%%%%%%%%%%%%%%%%%%%%%%%%%% Data %%%%%%%%%%%%%%%%%%%%%%%%%%%%%%%%%
               k_ROM         surfaceError
                 1.8 1.56233541649872e-05
                1.81   0.0119067331809262
                1.82   0.0470884668797912
                1.83    0.104747096031199
                1.84    0.184097210683005
                1.85    0.284366185248856
                1.86    0.404794227735286
                1.87     0.54463442907616
                1.88    0.703152806873895
                1.89    0.879628341341566
                 1.9     1.07335300171484
                1.91     1.28363176168229
                1.92     1.50978260262996
                1.93     1.75113650372799
                1.94     2.00703741810976
                1.95     2.27684223460484
                1.96     2.55992072468486
                1.97     2.85565547446912
                1.98     3.16344180180978
                1.99     3.48268765863765
                   2     3.81281351889588
                2.01     4.15325225252347
                2.02     4.50344898607068
                2.03     4.86286095063504
                2.04     5.23095731790119
                2.05     5.60721902514843
                2.06     5.99113859015935
                2.07     6.38221991701888
                2.08     6.77997809383917
                2.09     7.18393918347974
                 2.1     7.59364000835603
                2.11     8.00862793044365
                2.12     8.42846062759079
                2.13     8.85270586724614
                2.14     9.28094127869847
                2.15     9.71275412490422
                2.16     10.1477410749515
                2.17     10.5855079781782
                2.18     11.0256696409198
                2.19     11.4678496068212
                 2.2     11.9116799415963
                2.21      12.356801023064
                2.22     12.8028613372374
                2.23     13.2495172811752
                2.24     13.6964329732487
                2.25     14.1432800714051
                2.26     14.5897375999459
                2.27     15.0354917852667
                2.28     15.4802359009363
                2.29     15.9236701224202
                 2.3      16.365501391686
                2.31     16.8054432918534
                2.32     17.2432159319834
                2.33     17.6785458420317
                2.34     18.1111658779221
                2.35     18.5408151366301
                2.36     18.9672388811001
                2.37     19.3901884747625
                2.38     19.8094213253493
                2.39     20.2247008376581
                 2.4     20.6357963748563
                2.41     21.0424832278679
                2.42     21.4445425923411
                2.43     21.8417615526523
                2.44     22.2339330723625
                2.45     22.6208559905119
                2.46     23.0023350231092
                2.47     23.3781807691471
                2.48     23.7482097204583
                2.49     24.1122442747138
                 2.5     24.4701127508527
                2.51     24.8216494062356
                2.52     25.1666944548084
                2.53     25.5050940855764
                2.54     25.8367004806949
                2.55     26.1613718325034
                2.56     26.4789723588477
                2.57      26.789372316062
                2.58     27.0924480090119
                2.59     27.3880817976333
                 2.6     27.6761620994366
                2.61     27.9565833874896
                2.62     28.2292461834343
                2.63     28.4940570451354
                2.64     28.7509285486115
                2.65     28.9997792639455
                2.66     29.2405337249227
                2.67      29.473122392197
                2.68     29.6974816098387
                2.69     29.9135535551668
                 2.7     30.1212861818251
                2.71     30.3206331561066
                2.72     30.5115537865886
                2.73     30.6940129471803
                2.74     30.8679809937412
                2.75     31.0334336744633
                2.76     31.1903520342612
                2.77     31.3387223134487
                2.78     31.4785358410168
                2.79     31.6097889228644
                 2.8     31.7324827253619
                2.81     31.8466231546528
                2.82     31.9522207321249
                2.83     32.0492904664998
                2.84     32.1378517230072
                2.85     32.2179280901206
                2.86     32.2895472443438
                2.87     32.3527408135374
                2.88     32.4075442392817
                2.89     32.4539966387668
                 2.9      32.492140666698
                2.91     32.5220223776962
                2.92     32.5436910896605
                2.93     32.5571992485504
                2.94     32.5626022950234
                2.95     32.5599585333497
                2.96     32.5493290030029
                2.97     32.5307773533017
                2.98     32.5043697214557
                2.99     32.4701746143403
                   3     32.4282627942976
                3.01      32.378707169235
                3.02     32.3215826872589
                3.03     32.2569662360552
                3.04     32.1849365471947
                3.05     32.1055741055126
                3.06     32.0189610636779
                3.07     31.9251811620399
                3.08     31.8243196538068
                3.09      31.716463235583
                 3.1     31.6016999832575
                3.11      31.480119293214
                3.12      31.351811828797
                3.13     31.2168694719489
                3.14     31.0753852798999
                3.15     30.9274534467733
                3.16     30.7731692699426
                3.17     30.6126291209533
                3.18     30.4459304208059
                3.19      30.273171619373
                 3.2     30.0944521787085
                3.21     29.9098725599896
                3.22     29.7195342138205
                3.23       29.52353957361
                3.24     29.3219920517299
                3.25     29.1149960381472
                3.26     28.9026569012197
                3.27     28.6850809903376
                3.28      28.462375640091
                3.29     28.2346491756399
                 3.3     28.0020109189672
                3.31     27.7645711956922
                3.32     27.5224413421302
                3.33      27.275733712285
                3.34     27.0245616844726
                3.35     26.7690396672788
                3.36     26.5092831045641
                3.37     26.2454084792444
                3.38     25.9775333155839
                3.39     25.7057761797523
                 3.4     25.4302566784159
                3.41     25.1510954551458
                3.42      24.868414184443
                3.43     24.5823355632034
                3.44     24.2929832994562
                3.45     24.0004820982384
                3.46     23.7049576444795
                3.47     23.4065365827968
                3.48     23.1053464941197
                3.49     22.8015158690816
                 3.5     22.4951740781421
                3.51     22.1864513384189
                3.52      21.875478677232
                3.53     21.5623878923813
                3.54     21.2473115092004
                3.55     20.9303827344446
                3.56     20.6117354070944
                3.57     20.2915039461687
                3.58     19.9698232956609
                3.59     19.6468288667269
                 3.6     19.3226564772665
                3.61      18.997442289055
                3.62     18.6713227425934
                3.63     18.3444344898548
                3.64     18.0169143251169
                3.65     17.6888991140766
                3.66     17.3605257214492
                3.67     17.0319309372629
                3.68     16.7032514020584
                3.69      16.374623531212
                 3.7     16.0461834385956
                3.71     15.7180668597918
                3.72      15.390409075079
                3.73     15.0633448323967
                3.74     14.7370082705019
                3.75     14.4115328425165
                3.76     14.0870512400661
                3.77     13.7636953181974
                3.78     13.4415960212562
                3.79     13.1208833098998
                 3.8     12.8016860894062
                3.81     12.4841321394317
                3.82     12.1683480453607
                3.83     11.8544591313752
                3.84     11.5425893953649
                3.85     11.2328614457819
                3.86     10.9253964405367
                3.87      10.620314028013
                3.88     10.3177322902741
                3.89     10.0177676885154
                 3.9     9.72053501080744
                3.91     9.42614732216295
                3.92     9.13471591694641
                3.93     8.84635027363803
                3.94     8.56115801194741
                3.95     8.27924485226665
                3.96      8.0007145774403
                3.97      7.7256689968202
                3.98     7.45420791256481
                3.99     7.18642908813614
                   4     6.92242821893609
                4.01     6.66229890502252
                4.02     6.40613262583478
                4.03     6.15401871685611
                4.04     5.90604434813425
                4.05     5.66229450457963
                4.06     5.42285196795519
                4.07     5.18779730047145
                4.08     4.95720882989841
                4.09      4.7311626361046
                 4.1      4.5097325389339
                4.11     4.29299008733102
                4.12     4.08100454962772
                4.13     3.87384290490307
                4.14     3.67156983533441
                4.15     3.47424771945688
                4.16     3.28193662625385
                4.17       3.094694310004
                4.18     2.91257620581379
                4.19     2.73563542577024
                 4.2     2.56392275565268
                4.21     2.39748665214619
                4.22     2.23637324050668
                4.23     2.08062631263152
                4.24     1.93028732549526
                4.25     1.78539539991632
                4.26     1.64598731962385
                4.27     1.51209753060527
                4.28     1.38375814071222
                4.29     1.26099891951593
                 4.3     1.14384729840402
                4.31     1.03232837091849
                4.32    0.926464893339069
                4.33    0.826277285521768
                4.34    0.731783632008991
                4.35    0.642999683433649
                4.36    0.559938858247939
                4.37    0.482612244817618
                4.38    0.411028603941467
                4.39    0.345194371881976
                 4.4    0.285113664054668
                4.41     0.23078827964122
                4.42    0.182217707670042
                4.43    0.139399135812813
                4.44    0.102327465088735
                4.45   0.0709953398909834
                4.46   0.0453932261562943
                4.47   0.0255096828778042
                4.48   0.0113327573711972
                4.49  0.00286480471514446
                 4.5 0.000458090915060565
                4.51  0.00285876200201892
                4.52   0.0112739505088664
                4.53   0.0253098665601811
                4.54   0.0449194581046926
                4.55   0.0700703481793187
                4.56     0.10072979247143
                4.57    0.136863270160995
                4.58    0.178434226734396
                4.59    0.225404016731367
                 4.6    0.277731896902353
                4.61    0.335375035800219
                4.62    0.398288530040484
                4.63    0.466425423917543
                4.64    0.539736731099035
                4.65    0.618171457850918
                4.66    0.701676627535857
                4.67    0.790197306247952
                4.68    0.883676629505024
                4.69    0.982055829941464
                 4.7      1.0852742659619
                4.71     1.19326945131231
                4.72     1.30597708554189
                4.73     1.42333108530976
                4.74     1.54526361650729
                4.75     1.67170512715734
                4.76      1.8025843810517
                4.77     1.93782849208913
                4.78     2.07736295927232
                4.79      2.2211117023266
                 4.8     2.36899709789608
                4.81     2.52094001627888
                4.82      2.6768598586592
                4.83     2.83667459479563
                4.84     3.00030080112555
                4.85     3.16765369924589
                4.86      3.3386471947308
                4.87     3.51319391624962
                4.88     3.69120525494694
                4.89     3.87259140405074
                 4.9     4.05726139867436
                4.91      4.2451231557796
                4.92     4.43608351427198
                4.93     4.63004827519784
                4.94     4.82692224201746
                4.95     5.02660926093024
                4.96      5.2290122612269
                4.97     5.43403329565076
                4.98     5.64157358074687
                4.99     5.85153353718399
                   5     6.06381283003285
                5.01     6.27831040899127
                5.02      6.4949245485383
                5.03     6.71355288801571
                5.04      6.9340924716245
                5.05      7.1564397883313
                5.06     7.38049081167947
                5.07     7.60614103950352
                5.08     7.83328553354134
                5.09     8.06181895894643
                 5.1     8.29163562369705
                5.11     8.52262951790454
                5.12     8.75469435302123
                5.13     8.98772360094972
                5.14     9.22161053305419
                5.15     9.45624825907837
                5.16     9.69152976596853
                5.17     9.92734795660681
                5.18     10.1635956884534
                5.19     10.4001658121014
                 5.2      10.636951209743
                5.21     10.8738448335479
                5.22     11.1107397439531
                5.23     11.3475291478618
                5.24     11.5841064367501
                5.25     11.8203652246767
                5.26     12.0561993861913
                5.27     12.2915030941371
                5.28     12.5261708573383
                5.29     12.7600975581671
                 5.3     12.9931784899787
                5.31     13.2253093944055
                5.32     13.4563864984985
                5.33     13.6863065517031
                5.34     13.9149668626548
                5.35     14.1422653357824
                5.36     14.3681005076999
                5.37     14.5923715833733
                5.38     14.8149784720427
                5.39     15.0358218228827
                 5.4     15.2548030603832
                5.41     15.4718244194292
                5.42     15.6867889800628
                5.43     15.8996007019048
                5.44     16.1101644582196
                5.45     16.3183860695996
                5.46     16.5241723372532
                5.47     16.7274310758746
                5.48     16.9280711460779
                5.49     17.1260024863766
                 5.5     17.3211361446914
                5.51     17.5133843093695
                5.52     17.7026603396993
                5.53     17.8888787959072
                5.54     18.0719554686211
                5.55     18.2518074077907
                5.56     18.4283529510521
                5.57     18.6015117515292
                5.58     18.7712048050627
                5.59     18.9373544768617
                 5.6      19.099884527574
                5.61     19.2587201387713
                5.62     19.4137879378493
                5.63     19.5650160223436
                5.64     19.7123339836646
                5.65     19.8556729302543
                5.66     19.9949655101733
                5.67     20.1301459331241
                5.68     20.2611499919219
                5.69     20.3879150834224
                 5.7     20.5103802289206
                5.71     20.6284860940342
                5.72     20.7421750080863
                5.73     20.8513909830063
                5.74     20.9560797317631
                5.75     21.0561886863534
                5.76     21.1516670153624
                5.77     21.2424656411164
                5.78     21.3285372564519
                5.79     21.4098363411184
                 5.8     21.4863191778396
                5.81     21.5579438680535
                5.82     21.6246703473542
                5.83     21.6864604006563
                5.84     21.7432776771033
                5.85      21.795087704743
                5.86     21.8418579049878
                5.87     21.8835576068815
                5.88     21.9201580611907
                5.89     21.9516324543396
                 5.9     21.9779559222046
                5.91     21.9991055637845
                5.92      22.015060454761
                5.93     22.0258016609634
                5.94     22.0313122517474
                5.95     22.0315773133004
                5.96     22.0265839618799
                5.97      22.016321356994
                5.98     22.0007807145282
                5.99     21.9799553198212
                   6     21.9538405406954
                6.01      21.922433840438
                6.02     21.8857347907345
                6.03     21.8437450845503
                6.04     21.7964685489566
                6.05     21.7439111578938
                6.06     21.6860810448655
                6.07     21.6229885155535
                6.08     21.5546460603442
                6.09     21.4810683667539
                 6.1     21.4022723317415
                6.11     21.3182770738934
                6.12     21.2291039454673
                6.13     21.1347765442783
                6.14     21.0353207254121
                6.15     20.9307646127477
                6.16     20.8211386102733
                6.17     20.7064754131772
                6.18      20.586810018697
                6.19     20.4621797367096
                 6.2     20.3326242000434
                6.21     20.1981853744979
                6.22     20.0589075685516
                6.23     19.9148374427452
                6.24     19.7660240187217
                6.25     19.6125186879112
                6.26     19.4543752198469
                6.27     19.2916497700983
                6.28     19.1244008878124
                6.29     18.9526895228523
                 6.3     18.7765790325243
                6.31     18.5961351878875
                6.32     18.4114261796407
                6.33     18.2225226235808
                6.34     18.0294975656341
                6.35     17.8324264864566
                6.36     17.6313873056075
                6.37     17.4264603852974
                6.38      17.217728533717
                6.39     17.0052770079521
                 6.4     16.7891935164946
                6.41     16.5695682213585
                6.42     16.3464937398137
                6.43     16.1200651457489
                6.44     15.8903799706822
                6.45     15.6575382044315
                6.46      15.421642295466
                6.47      15.182797150955
                6.48     14.9411101365362
                6.49     14.6966910758233
                 6.5     14.4496522496755
                6.51     14.2001083952518
                6.52     13.9481767048724
                6.53     13.6939768247136
                6.54     13.4376308533571
                6.55      13.179263340221
                6.56     12.9190012838949
                6.57     12.6569741304058
                6.58     12.3933137714353
                6.59     12.1281545425156
                 6.6     11.8616332212247
                6.61     11.5938890254044
                6.62     11.3250636114221
                6.63      11.055301072497
                6.64     10.7847479371107
                6.65     10.5135531675191
                6.66     10.2418681583847
                6.67     9.96984673554159
                6.68     9.69764515491029
                6.69     9.42542210157299
                 6.7     9.15333868902001
                6.71     8.88155845857701
                6.72     8.61024737901996
                6.73     8.33957384638367
                6.74     8.06970868396691
                6.75     7.80082514253716
                6.76     7.53309890073425
                6.77     7.26670806567234
                6.78     7.00183317373656
                6.79     6.73865719156962
                 6.8      6.4773655172428
                6.81     6.21814598160313
                6.82     5.96118884978876
                6.83     5.70668682290163
                6.84      5.4548350398277
                6.85     5.20583107919234
                6.86     4.95987496143982
                6.87      4.7171691510244
                6.88     4.47791855870036
                6.89     4.24233054390147
                 6.9     4.01061491719881
                6.91     3.78298394282914
                6.92     3.55965234128896
                6.93     3.34083729199435
                6.94     3.12675843601142
                6.95     2.91763787887215
                6.96     2.71370019350252
                6.97     2.51517242330875
                6.98     2.32228408549212
                6.99     2.13526717470425
                   7     1.95435616721072
                7.01     1.77978802582382
                7.02     1.61180220600449
                7.03     1.45064066375896
                7.04     1.29654786632773
                7.05      1.1497708072872
                7.06     1.01055902876997
                7.07    0.879164655455774
                7.08    0.755842448614896
                7.09    0.640849895539343
                 7.1    0.534447364098899
                7.11    0.436898383260813
                7.12    0.348470182187435
                7.13    0.269434799860214
                7.14    0.200071570483191
                7.15    0.140673318731241
                7.16   0.0915641019860654
                7.17   0.0531601636109681
                7.18   0.0262273579595299
                7.19   0.0126952296101945
                 7.2   0.0108083471667655
