%%%%%%%%%%%%%%%%%%%%%%%%%%%%%% Meta data %%%%%%%%%%%%%%%%%%%%%%%%%%%%%%
% Boundary condition: SHBC
% Incident wave direction: alpha_s = NaNDeg, beta_s = NaNDeg
% Formulation: BGC
% Core method: IGA
% Method: IE
% Infinite element basis (in radial shape functions): Chebyshev
% N: 7
%
%%%%%%%%%%%%%%%%%%%%%%%%%%%%%%%% Data %%%%%%%%%%%%%%%%%%%%%%%%%%%%%%%%%
               k_ROM         surfaceError
                 1.8 1.56233541649872e-05
                1.81 1.58874816436053e-05
                1.82 1.61550976969927e-05
                1.83 1.64262513876331e-05
                1.84   1.670099315838e-05
                1.85 1.69793747719038e-05
                1.86 1.72614492959277e-05
                1.87 1.75472710472799e-05
                1.88 1.78368955515505e-05
                1.89 1.81303794858019e-05
                 1.9 1.84277806285422e-05
                1.91 1.87291577965525e-05
                1.92 1.90345707799938e-05
                1.93 1.93440802851889e-05
                1.94 1.96577478556378e-05
                1.95 1.99756358115294e-05
                1.96  2.0297807159588e-05
                1.97 2.06243255369439e-05
                1.98 2.09552551186628e-05
                1.99 2.12906605413344e-05
                   2 2.16306068307597e-05
                2.01 2.19751593073837e-05
                2.02 2.23243835205078e-05
                2.03 2.26783451506305e-05
                2.04 2.30371099391886e-05
                2.05 2.34007436033819e-05
                2.06 2.37693117535185e-05
                2.07 2.41428798187433e-05
                2.08 2.45215129622977e-05
                2.09 2.49052760149002e-05
                 2.1 2.52942333897945e-05
                2.11 2.56884490210602e-05
                2.12 2.60879862867134e-05
                2.13 2.64929079528703e-05
                2.14  2.6903276095929e-05
                2.15 2.73191520583241e-05
                2.16 2.77405963884221e-05
                2.17 2.81676687846729e-05
                2.18  2.8600428056956e-05
                2.19 2.90389320750877e-05
                 2.2 2.94832377477904e-05
                2.21 2.99334009726782e-05
                2.22 3.03894766254557e-05
                2.23 3.08515185265023e-05
                2.24 3.13195794354425e-05
                2.25 3.17937110387449e-05
                2.26 3.22739639517236e-05
                2.27 3.27603877088363e-05
                2.28  3.3253030789855e-05
                2.29 3.37519406271453e-05
                 2.3 3.42571636271022e-05
                2.31 3.47687452108533e-05
                2.32 3.52867298342097e-05
                2.33 3.58111610449888e-05
                2.34 3.63420815253797e-05
                2.35 3.68795331397867e-05
                2.36  3.7423557020358e-05
                2.37  3.7974193608124e-05
                2.38 3.85314827454405e-05
                2.39 3.90954637476285e-05
                 2.4 3.96661754930979e-05
                2.41 4.02436565112813e-05
                2.42  4.0827945081902e-05
                2.43 4.14190793334083e-05
                2.44 4.20170973506044e-05
                2.45 4.26220372849965e-05
                2.46 4.32339374619146e-05
                2.47 4.38528365032843e-05
                2.48 4.44787734458697e-05
                2.49 4.51117878579587e-05
                 2.5 4.57519199687156e-05
                2.51 4.63992107870005e-05
                2.52 4.70537022275524e-05
                2.53 4.77154372394093e-05
                2.54 4.83844599250121e-05
                2.55 4.90608156687177e-05
                2.56 4.97445512524238e-05
                2.57 5.04357149880763e-05
                2.58 5.11343568108308e-05
                2.59 5.18405284231956e-05
                 2.6 5.25542833768544e-05
                2.61 5.32756771936186e-05
                2.62 5.40047674656042e-05
                2.63 5.47416139369781e-05
                2.64 5.54862786072465e-05
                2.65 5.62388258070155e-05
                2.66 5.69993222683768e-05
                2.67   5.776783719876e-05
                2.68 5.85444423380069e-05
                2.69  5.9329212014155e-05
                 2.7 6.01222231768012e-05
                2.71 6.09235554402554e-05
                2.72 6.17332911031722e-05
                2.73 6.25515151708001e-05
                2.74 6.33783153534361e-05
                2.75  6.4213782068963e-05
                2.76  6.5058008430364e-05
                2.77 6.59110902185853e-05
                2.78 6.67731258579723e-05
                2.79 6.76442163702381e-05
                 2.8 6.85244653216897e-05
                2.81 6.94139787741892e-05
                2.82 7.03128652018372e-05
                2.83 7.12212354249913e-05
                2.84 7.21392025172213e-05
                2.85 7.30668817150495e-05
                2.86 7.40043903130552e-05
                2.87 7.49518475525543e-05
                2.88 7.59093745179019e-05
                2.89 7.68770939948484e-05
                 2.9 7.78551303480625e-05
                2.91 7.88436093969121e-05
                2.92 7.98426582655649e-05
                2.93 8.08524052383474e-05
                2.94 8.18729796186293e-05
                2.95   8.290451157388e-05
                2.96 8.39471319869642e-05
                2.97  8.5000972293637e-05
                2.98 8.60661643314761e-05
                2.99 8.71428401905307e-05
                   3 8.82311320407299e-05
                3.01 8.93311719851772e-05
                3.02 9.04430919150948e-05
                3.03  9.1567023339723e-05
                3.04 9.27030972534804e-05
                3.05 9.38514439774611e-05
                3.06 9.50121930316267e-05
                3.07 9.61854729902179e-05
                3.08 9.73714113542739e-05
                3.09  9.8570134426905e-05
                 3.1 9.97817671920028e-05
                3.11 0.000101006433212885
                3.12  0.00010224425452048
                3.13  0.00010349535152635
                3.14 0.000104759842934832
                3.15 0.000106037845665501
                3.16 0.000107329474793172
                3.17 0.000108634843490673
                3.18 0.000109954062976854
                3.19 0.000111287242495391
                 3.2 0.000112634489288513
                3.21 0.000113995908575984
                3.22  0.00011537160357514
                3.23  0.00011676167549653
                3.24 0.000118166223578738
                3.25 0.000119585345126402
                3.26 0.000121019135553403
                3.27  0.00012246768845495
                3.28 0.000123931095668419
                3.29 0.000125409447370286
                 3.3 0.000126902832170783
                3.31 0.000128411337226696
                3.32 0.000129935048357216
                3.33 0.000131474050178452
                3.34 0.000133028426245946
                3.35 0.000134598259211959
                3.36 0.000136183630985837
                3.37 0.000137784622906453
                3.38 0.000139401315922731
                3.39 0.000141033790784137
                 3.4 0.000142682128241266
                3.41 0.000144346409242758
                3.42 0.000146026715152058
                3.43 0.000147723127955555
                3.44 0.000149435730494061
                3.45 0.000151164606671771
                3.46  0.00015290984169274
                3.47 0.000154671522286707
                3.48 0.000156449736933772
                3.49   0.0001582445761048
                 3.5 0.000160056132476212
                3.51 0.000161884501164969
                3.52  0.00016372977995149
                3.53 0.000165592069500219
                3.54 0.000167471473572049
                3.55 0.000169368099235089
                3.56 0.000171282057075367
                3.57  0.00017321346137681
                3.58 0.000175162430327469
                3.59 0.000177129086184152
                 3.6 0.000179113555454493
                3.61 0.000181115969038035
                3.62  0.00018313646238205
                3.63 0.000185175175626255
                3.64 0.000187232253700385
                3.65 0.000189307846456639
                3.66 0.000191402108744541
                3.67 0.000193515200502265
                3.68 0.000195647286821627
                3.69 0.000197798537992605
                 3.7 0.000199969129540773
                3.71 0.000202159242251833
                3.72 0.000204369062160916
                3.73 0.000206598780556365
                3.74 0.000208848593941583
                3.75 0.000211118703998601
                3.76 0.000213409317523656
                3.77 0.000215720646351916
                3.78 0.000218052907272722
                3.79 0.000220406321930765
                 3.8 0.000222781116694539
                3.81 0.000225177522540693
                3.82 0.000227595774900421
                3.83 0.000230036113508299
                3.84 0.000232498782233957
                3.85 0.000234984028904312
                3.86 0.000237492105121222
                3.87 0.000240023266054027
                3.88 0.000242577770247336
                3.89 0.000245155879404121
                 3.9 0.000247757858174805
                3.91 0.000250383973920843
                3.92  0.00025303449652057
                3.93 0.000255709698105255
                3.94  0.00025840985286125
                3.95 0.000261135236786841
                3.96 0.000263886127471045
                3.97 0.000266662803863794
                3.98 0.000269465546071309
                3.99 0.000272294635117193
                   4 0.000275150352759574
                4.01 0.000278032981271319
                4.02 0.000280942803258954
                4.03 0.000283880101473241
                4.04 0.000286845158642948
                4.05 0.000289838257319448
                4.06 0.000292859679723905
                4.07   0.0002959097076254
                4.08 0.000298988622222088
                4.09 0.000302096704047508
                 4.1 0.000305234232882349
                4.11 0.000308401487707647
                4.12 0.000311598746647954
                4.13 0.000314826286962851
                4.14 0.000318084385041553
                4.15 0.000321373316418673
                4.16 0.000324693355833874
                4.17 0.000328044777279802
                4.18 0.000331427854105867
                4.19 0.000334842859130186
                 4.2 0.000338290064765737
                4.21 0.000341769743200815
                4.22  0.00034528216657085
                4.23 0.000348827607171783
                4.24 0.000352406337704618
                4.25 0.000356018631522644
                4.26 0.000359664762920007
                4.27 0.000363345007434234
                4.28  0.00036705964218356
                4.29 0.000370808946209641
                 4.3 0.000374593200869971
                4.31 0.000378412690210834
                4.32  0.00038226770139592
                4.33  0.00038615852515179
                4.34 0.000390085456211155
                4.35 0.000394048793795857
                4.36 0.000398048842097889
                4.37 0.000402085910794941
                4.38 0.000406160315576695
                4.39 0.000410272378668096
                 4.4 0.000414422429386554
                4.41 0.000418610804692887
                4.42 0.000422837849765002
                4.43 0.000427103918572167
                4.44 0.000431409374461373
                4.45 0.000435754590728536
                4.46 0.000440139951228481
                4.47 0.000444565850959681
                4.48 0.000449032696652535
                4.49 0.000453540907359677
                 4.5 0.000458090915060775
                4.51 0.000462683165223932
                4.52 0.000467318117392738
                4.53 0.000471996245765709
                4.54  0.00047671803973828
                4.55 0.000481484004463781
                4.56 0.000486294661401995
                4.57 0.000491150548820906
                4.58 0.000496052222318821
                4.59 0.000501000255330978
                 4.6 0.000505995239577921
                4.61 0.000511037785553193
                4.62 0.000516128522937341
                4.63 0.000521268101038628
                4.64 0.000526457189182224
                4.65 0.000531696477075546
                4.66 0.000536986675185583
                4.67 0.000542328515045765
                4.68  0.00054772274956737
                4.69 0.000553170153344962
                 4.7 0.000558671522875722
                4.71 0.000564227676826014
                4.72 0.000569839456233956
                4.73 0.000575507724681498
                4.74 0.000581233368470217
                4.75  0.00058701729675308
                4.76 0.000592860441656144
                4.77 0.000598763758358584
                4.78 0.000604728225175012
                4.79 0.000610754843594612
                 4.8  0.00061684463832365
                4.81 0.000622998657262018
                4.82 0.000629217971551262
                4.83 0.000635503675491784
                4.84 0.000641856886525081
                4.85 0.000648278745184183
                4.86 0.000654770415015052
                4.87 0.000661333082493404
                4.88  0.00066796795692706
                4.89 0.000674676270392635
                 4.9 0.000681459277582321
                4.91 0.000688318255724167
                4.92 0.000695254504455933
                4.93 0.000702269345697416
                4.94 0.000709364123574331
                4.95  0.00071654020426695
                4.96 0.000723798975910449
                4.97 0.000731141848501464
                4.98 0.000738570253805403
                4.99 0.000746085645231325
                   5 0.000753689497824236
                5.01 0.000761383308136616
                5.02  0.00076916859423148
                5.03 0.000777046895617737
                5.04 0.000785019773256888
                5.05 0.000793088809543375
                5.06 0.000801255608379904
                5.07 0.000809521795160154
                5.08 0.000817889016925646
                5.09 0.000826358942355528
                 5.1 0.000834933261998049
                5.11 0.000843613688347172
                5.12 0.000852401956032695
                5.13  0.00086129982206487
                5.14 0.000870309066009633
                5.15 0.000879431490304774
                5.16 0.000888668920510993
                5.17 0.000898023205666964
                5.18 0.000907496218634354
                5.19 0.000917089856467954
                 5.2 0.000926806040850123
                5.21  0.00093664671850103
                5.22 0.000946613861706337
                5.23 0.000956709468768677
                5.24 0.000966935564576966
                5.25 0.000977294201109263
                5.26 0.000987787458066531
                5.27 0.000998417443482895
                5.28  0.00100918629429869
                5.29  0.00102009617710943
                 5.3  0.00103114928873488
                5.31  0.00104234785699867
                5.32   0.0010536941414046
                5.33  0.00106519043388998
                5.34  0.00107683905950696
                5.35   0.0010886423772732
                5.36  0.00110060278086925
                5.37  0.00111272269943008
                5.38  0.00112500459831718
                5.39   0.0011374509799482
                 5.4  0.00115006438450284
                5.41  0.00116284739077517
                5.42  0.00117580261693443
                5.43  0.00118893272127352
                5.44  0.00120224040302088
                5.45  0.00121572840306587
                5.46  0.00122939950470562
                5.47  0.00124325653438259
                5.48  0.00125730236239882
                5.49  0.00127153990363144
                 5.5  0.00128597211810925
                5.51   0.0013006020117918
                5.52  0.00131543263711994
                5.53  0.00133046709359015
                5.54  0.00134570852837133
                5.55  0.00136116013683085
                5.56  0.00137682516299298
                5.57  0.00139270690007819
                5.58  0.00140880869087445
                5.59  0.00142513392818006
                 5.6  0.00144168605515236
                5.61  0.00145846856561374
                5.62  0.00147548500437376
                5.63  0.00149273896744206
                5.64  0.00151023410226643
                5.65  0.00152797410787581
                5.66  0.00154596273506996
                5.67  0.00156420378641214
                5.68  0.00158270111641135
                5.69  0.00160145863141448
                 5.7  0.00162048028970862
                5.71  0.00163977010140154
                5.72  0.00165933212831912
                5.73  0.00167917048395136
                5.74  0.00169928933328801
                5.75  0.00171969289258321
                5.76  0.00174038542923667
                5.77  0.00176137126151782
                5.78  0.00178265475833446
                5.79  0.00180424033894519
                 5.8  0.00182613247267101
                5.81   0.0018483356786516
                5.82  0.00187085452542456
                5.83  0.00189369363069201
                5.84  0.00191685766097647
                5.85  0.00194035133120542
                5.86  0.00196417940450312
                5.87  0.00198834669176464
                5.88   0.0020128580513594
                5.89  0.00203771838879768
                 5.9  0.00206293265642774
                5.91  0.00208850585314598
                5.92  0.00211444302415781
                5.93  0.00214074926062603
                5.94  0.00216742969946081
                5.95  0.00219448952319482
                5.96  0.00222193395972341
                5.97  0.00224976828208039
                5.98  0.00227799780850668
                5.99  0.00230662790217674
                   6  0.00233566397109729
                6.01  0.00236511146858091
                6.02  0.00239497589249824
                6.03  0.00242526278590091
                6.04  0.00245597773695199
                6.05  0.00248712637900681
                6.06  0.00251871439099411
                6.07  0.00255074749739578
                6.08  0.00258323146859877
                6.09  0.00261617212139391
                 6.1  0.00264957531897543
                6.11  0.00268344697173211
                6.12  0.00271779303731118
                6.13  0.00275261952129247
                6.14  0.00278793247763706
                6.15  0.00282373800922546
                6.16  0.00286004226840355
                6.17  0.00289685145765542
                6.18   0.0029341718300229
                6.19  0.00297200968996709
                 6.2  0.00301037139395007
                6.21  0.00304926335097896
                6.22  0.00308869202342899
                6.23  0.00312866392770696
                6.24  0.00316918563488212
                6.25  0.00321026377137419
                6.26  0.00325190501961048
                6.27  0.00329411611879001
                6.28  0.00333690386531325
                6.29  0.00338027511357918
                 6.3  0.00342423677638834
                6.31  0.00346879582578121
                6.32  0.00351395929302983
                6.33  0.00355973426969645
                6.34   0.0036061279074223
                6.35  0.00365314741881049
                6.36  0.00370080007733603
                6.37  0.00374909321763931
                6.38  0.00379803423567393
                6.39  0.00384763058891423
                 6.4  0.00389788979570069
                6.41  0.00394881943605021
                6.42  0.00400042715062403
                6.43  0.00405272064090838
                6.44  0.00410570766846401
                6.45  0.00415939605471104
                6.46  0.00421379367985255
                6.47  0.00426890848267014
                6.48  0.00432474845922433
                6.49  0.00438132166206205
                 6.5   0.0044386361993762
                6.51  0.00449670023332312
                6.52  0.00455552197900963
                6.53  0.00461510970311358
                6.54  0.00467547172231977
                6.55  0.00473661640151013
                6.56  0.00479855215232534
                6.57  0.00486128743112578
                6.58  0.00492483073709987
                6.59  0.00498919061041793
                 6.6  0.00505437562974421
                6.61  0.00512039441051495
                6.62  0.00518725560233743
                6.63  0.00525496788701556
                6.64   0.0053235399757775
                6.65  0.00539298060729471
                6.66  0.00546329854486313
                6.67  0.00553450257435794
                6.68  0.00560660150131517
                6.69  0.00567960414897414
                 6.7  0.00575351935518384
                6.71  0.00582835597075705
                6.72  0.00590412285635286
                6.73  0.00598082888053233
                6.74  0.00605848291753159
                6.75  0.00613709384489731
                6.76   0.0062166705414613
                6.77  0.00629722188543422
                6.78  0.00637875675247358
                6.79  0.00646128401391474
                 6.8  0.00654481253548222
                6.81  0.00662935117568758
                6.82  0.00671490878459569
                6.83  0.00680149420318445
                6.84  0.00688911626194744
                6.85  0.00697778378108057
                6.86  0.00706750556973787
                6.87  0.00715829042606372
                6.88  0.00725014713737918
                6.89  0.00734308448079701
                 6.9  0.00743711122412834
                6.91  0.00753223612663426
                6.92  0.00762846794087066
                6.93  0.00772581541420297
                6.94  0.00782428729073384
                6.95  0.00792389231427311
                6.96  0.00802463923050971
                6.97  0.00812653679044083
                6.98    0.008229593753899
                6.99  0.00833381889298622
                   7  0.00843922099674364
                7.01  0.00854580887557182
                7.02  0.00865359136581934
                7.03  0.00876257733535109
                7.04  0.00887277568901031
                7.05  0.00898419537453942
                7.06  0.00909684538906254
                7.07  0.00921073478516568
                7.08  0.00932587267849067
                7.09  0.00944226825419661
                 7.1  0.00955993077522503
                7.11  0.00967886958873595
                7.12  0.00979909413575543
                7.13  0.00992061395816115
                7.14   0.0100434387076542
                7.15   0.0101675781540425
                7.16   0.0102930421939478
                7.17   0.0104198408601315
                7.18   0.0105479843297914
                7.19   0.0106774829340588
                 7.2   0.0108083471667655
