%%%%%%%%%%%%%%%%%%%%%%%%%%%%%% Meta data %%%%%%%%%%%%%%%%%%%%%%%%%%%%%%
% Boundary condition: SHBC
% Incident wave direction: alpha_s = NaNDeg, beta_s = NaNDeg
% Formulation: BGC
% Core method: IGA
% Method: IE
% Infinite element basis (in radial shape functions): Chebyshev
% N: 7
%
%%%%%%%%%%%%%%%%%%%%%%%%%%%%%%%% Data %%%%%%%%%%%%%%%%%%%%%%%%%%%%%%%%%
               k_ROM         surfaceError
                 1.8 1.56233541649872e-05
                1.81 1.58874816436053e-05
                1.82 1.61550976969927e-05
                1.83 1.64262513876331e-05
                1.84   1.670099315838e-05
                1.85 1.69793747719038e-05
                1.86 1.72614492959277e-05
                1.87 1.75472710472799e-05
                1.88 1.78368955515505e-05
                1.89 1.81303794858028e-05
                 1.9 1.84277806285461e-05
                1.91 1.87291577965552e-05
                1.92 1.90345707800162e-05
                1.93 1.93440802851697e-05
                1.94 1.96577478556322e-05
                1.95 1.99756358115192e-05
                1.96 2.02978071596216e-05
                1.97 2.06243255368767e-05
                1.98 2.09552551186126e-05
                1.99 2.12906605412991e-05
                   2 2.16306068308436e-05
                2.01 2.19751593074812e-05
                2.02 2.23243835205065e-05
                2.03 2.26783451505324e-05
                2.04  2.3037109939076e-05
                2.05 2.34007436031829e-05
                2.06 2.37693117530954e-05
                2.07  2.4142879817785e-05
                2.08 2.45215129602331e-05
                2.09 2.49052760111338e-05
                 2.1 2.52942333823128e-05
                2.11 2.56884490066017e-05
                2.12 2.60879862599546e-05
                2.13 2.64929079045115e-05
                2.14 2.69032760106667e-05
                2.15 2.73191519107706e-05
                2.16 2.77405961386942e-05
                2.17 2.81676683705687e-05
                2.18 2.86004273840013e-05
                2.19 2.90389310040153e-05
                 2.2  2.9483236078891e-05
                2.21  2.9933398431797e-05
                2.22 3.03894728559211e-05
                2.23 3.08515131050971e-05
                2.24 3.13195719405501e-05
                2.25 3.17937012307258e-05
                2.26 3.22739521716696e-05
                2.27 3.27603756876609e-05
                2.28 3.32530231896265e-05
                2.29 3.37519478575588e-05
                 2.3 3.42572068185042e-05
                2.31 3.47688647360194e-05
                2.32 3.52869995453868e-05
                2.33 3.58117115035197e-05
                2.34 3.63431370857112e-05
                2.35 3.68814699459148e-05
                2.36 3.74269919506461e-05
                2.37 3.79801181266091e-05
                2.38 3.85414606872216e-05
                2.39 3.91119183957171e-05
                 2.4 3.96927990092622e-05
                2.41  4.0285983781067e-05
                2.42 4.08941441032268e-05
                2.43 4.15210208441618e-05
                2.44 4.21717763762637e-05
                2.45 4.28534270852185e-05
                2.46 4.35753593537514e-05
                2.47 4.43499237460811e-05
                2.48 4.51930891886408e-05
                2.49 4.61251208157929e-05
                 2.5 4.71712219908284e-05
                2.51  4.8362054865452e-05
                2.52 4.97340302648899e-05
                2.53 5.13292446640848e-05
                2.54  5.3194951434038e-05
                2.55 5.53824950394375e-05
                2.56 5.79457126976161e-05
                2.57   6.093890741439e-05
                2.58 6.44145906760686e-05
                2.59   6.842124989606e-05
                 2.6 7.30013887828357e-05
                2.61 7.81900187988484e-05
                2.62  8.4013673162791e-05
                2.63 9.04899095402659e-05
                2.64 9.76271963653104e-05
                2.65 0.000105425051329895
                2.66  0.00011387431254878
                2.67 0.000122957456140633
                2.68 0.000132648911873318
                2.69 0.000142915360839726
                 2.7 0.000153716021119704
                2.71 0.000165002939365833
                2.72  0.00017672131032481
                2.73 0.000188809845504885
                2.74 0.000201201208466699
                2.75 0.000213822528767417
                2.76 0.000226596001983307
                2.77 0.000239439577105381
                2.78 0.000252267729283718
                2.79 0.000264992310695178
                 2.8 0.000277523470165662
                2.81 0.000289770628342526
                2.82 0.000301643494362088
                2.83 0.000313053107154264
                2.84  0.00032391288446364
                2.85 0.000334139661658932
                2.86 0.000343654702550839
                2.87 0.000352384664690716
                2.88 0.000360262502668568
                2.89 0.000367228294032061
                 2.9 0.000373229973838574
                2.91 0.000378223966139082
                2.92  0.00038217570212032
                2.93 0.000385060017830123
                2.94 0.000386861425476265
                2.95  0.00038757425672326
                2.96 0.000387202676389975
                2.97 0.000385760570284469
                2.98  0.00038327131037387
                2.99 0.000379767405144022
                   3 0.000375290043261631
                3.01 0.000369888541578653
                3.02 0.000363619708821574
                3.03  0.00035654713890564
                3.04 0.000348740446844099
                3.05 0.000340274462281712
                3.06  0.00033122839421734
                3.07 0.000321684980777023
                3.08  0.00031172963671757
                3.09 0.000301449609788799
                 3.1 0.000290933154367651
                3.11 0.000280268729615456
                3.12 0.000269544223878573
                3.13 0.000258846205615068
                3.14 0.000248259194659824
                3.15 0.000237864944272677
                3.16 0.000227741720372526
                3.17 0.000217963560063047
                3.18  0.00020859949154284
                3.19 0.000199712699554309
                 3.2 0.000191359628765225
                3.21 0.000183589032084532
                3.22 0.000176440992963043
                3.23  0.00016994597892097
                3.24 0.000164124012605567
                3.25 0.000158984071490055
                3.26 0.000154523835154021
                3.27  0.00015072988542529
                3.28 0.000147578422598859
                3.29  0.00014503649732656
                 3.3 0.000143063684745771
                3.31 0.000141614062527597
                3.32 0.000140638316093989
                3.33 0.000140085787867537
                3.34 0.000139906314666943
                3.35 0.000140051743957279
                3.36  0.00014047707542123
                3.37   0.0001411412244333
                3.38 0.000142007441485677
                3.39 0.000143043444278756
                 3.4 0.000144221328155392
                3.41 0.000145517319578454
                3.42  0.00014691142921086
                3.43 0.000148387051545464
                3.44 0.000149930546298625
                3.45  0.00015153082716585
                3.46 0.000153178974673823
                3.47   0.0001548678831991
                3.48 0.000156591947207252
                3.49  0.00015834678799172
                 3.5  0.00016012901981339
                3.51 0.000161936052834356
                3.52  0.00016376592925846
                3.53 0.000165617188791337
                3.54 0.000167488759454998
                3.55 0.000169379869928151
                3.56  0.00017128997993036
                3.57 0.000173218725454102
                3.58 0.000175165876161689
                3.59 0.000177131302510842
                 3.6 0.000179114950679263
                3.61 0.000181116823582357
                3.62 0.000183136966675891
                3.63 0.000185175457436238
                3.64 0.000187232397603704
                3.65  0.00018930790758573
                3.66 0.000191402122393619
                3.67 0.000193515188772745
                3.68 0.000195647263166185
                3.69 0.000197798510290986
                 3.7  0.00019996910215265
                3.71 0.000202159217368717
                3.72  0.00020436904068246
                3.73 0.000206598762648973
                3.74 0.000208848579384173
                3.75 0.000211118692392577
                3.76 0.000213409308413868
                3.77 0.000215720639293355
                3.78 0.000218052901864216
                3.79 0.000220406317827199
                 3.8 0.000222781113608373
                3.81 0.000225177520238587
                3.82 0.000227595773196225
                3.83  0.00023003611225666
                3.84 0.000232498781320983
                3.85 0.000234984028243295
                3.86 0.000237492104646019
                3.87 0.000240023265714434
                3.88 0.000242577770006464
                3.89 0.000245155879234558
                 3.9 0.000247757858055963
                3.91 0.000250383973838714
                3.92 0.000253034496463707
                3.93 0.000255709698066825
                3.94  0.00025840985283519
                3.95 0.000261135236768885
                3.96  0.00026388612745912
                3.97 0.000266662803856426
                3.98 0.000269465546065734
                3.99 0.000272294635114083
                   4  0.00027515035275747
                4.01  0.00027803298126967
                4.02 0.000280942803257935
                4.03 0.000283880101472379
                4.04 0.000286845158642031
                4.05 0.000289838257319343
                4.06 0.000292859679724131
                4.07 0.000295909707625228
                4.08 0.000298988622222484
                4.09 0.000302096704047299
                 4.1 0.000305234232881963
                4.11 0.000308401487707387
                4.12  0.00031159874664785
                4.13 0.000314826286963454
                4.14 0.000318084385041787
                4.15 0.000321373316418427
                4.16 0.000324693355833343
                4.17 0.000328044777279941
                4.18 0.000331427854106391
                4.19 0.000334842859130331
                 4.2 0.000338290064765434
                4.21 0.000341769743201208
                4.22 0.000345282166570901
                4.23 0.000348827607172047
                4.24 0.000352406337704546
                4.25  0.00035601863152294
                4.26 0.000359664762920007
                4.27 0.000363345007434115
                4.28 0.000367059642183544
                4.29 0.000370808946209629
                 4.3 0.000374593200869966
                4.31 0.000378412690210837
                4.32  0.00038226770139592
                4.33  0.00038615852515179
                4.34 0.000390085456211156
                4.35 0.000394048793795857
                4.36 0.000398048842097889
                4.37 0.000402085910794941
                4.38 0.000406160315576695
                4.39 0.000410272378668096
                 4.4 0.000414422429386554
                4.41 0.000418610804692887
                4.42 0.000422837849765002
                4.43 0.000427103918572167
                4.44 0.000431409374461373
                4.45 0.000435754590728536
                4.46 0.000440139951228481
                4.47 0.000444565850959681
                4.48 0.000449032696652535
                4.49 0.000453540907359677
                 4.5 0.000458090915060775
                4.51 0.000462683165223932
                4.52 0.000467318117392738
                4.53 0.000471996245765709
                4.54  0.00047671803973828
                4.55 0.000481484004463781
                4.56 0.000486294661401995
                4.57 0.000491150548820906
                4.58 0.000496052222318821
                4.59 0.000501000255330978
                 4.6 0.000505995239577921
                4.61 0.000511037785553193
                4.62 0.000516128522937341
                4.63 0.000521268101038628
                4.64 0.000526457189182224
                4.65 0.000531696477075546
                4.66 0.000536986675185583
                4.67 0.000542328515045766
                4.68 0.000547722749567368
                4.69 0.000553170153344963
                 4.7 0.000558671522875713
                4.71 0.000564227676826079
                4.72 0.000569839456233999
                4.73 0.000575507724681558
                4.74 0.000581233368470271
                4.75 0.000587017296753316
                4.76  0.00059286044165526
                4.77 0.000598763758358795
                4.78 0.000604728225175885
                4.79 0.000610754843595545
                 4.8 0.000616844638323154
                4.81 0.000622998657261621
                4.82 0.000629217971550589
                4.83 0.000635503675490169
                4.84 0.000641856886524514
                4.85 0.000648278745184203
                4.86 0.000654770415015216
                4.87   0.0006613330824932
                4.88 0.000667967956928575
                4.89 0.000674676270393339
                 4.9 0.000681459277581175
                4.91  0.00068831825572405
                4.92 0.000695254504454894
                4.93 0.000702269345696705
                4.94  0.00070936412357141
                4.95  0.00071654020426767
                4.96 0.000723798975909747
                4.97 0.000731141848501415
                4.98 0.000738570253804267
                4.99 0.000746085645228302
                   5 0.000753689497823376
                5.01 0.000761383308136737
                5.02 0.000769168594230587
                5.03 0.000777046895615361
                5.04 0.000785019773249878
                5.05 0.000793088809536256
                5.06 0.000801255608367951
                5.07 0.000809521795143393
                5.08 0.000817889016905085
                5.09 0.000826358942323248
                 5.1 0.000834933261952043
                5.11  0.00084361368828443
                5.12 0.000852401955945625
                5.13 0.000861299821944024
                5.14 0.000870309065843491
                5.15 0.000879431490078316
                5.16 0.000888668920211594
                5.17 0.000898023205263866
                5.18 0.000907496218101029
                5.19 0.000917089855767319
                 5.2 0.000926806039929062
                5.21 0.000936646717304106
                5.22 0.000946613860161333
                5.23 0.000956709466792405
                5.24 0.000966935562065256
                5.25 0.000977294197954809
                5.26 0.000987787454140626
                5.27 0.000998417438645608
                5.28   0.0010091862884321
                5.29  0.00102009617010084
                 5.3  0.00103114928053578
                5.31  0.00104234784766431
                5.32  0.00105369413116207
                5.33  0.00106519042326624
                5.34  0.00107683904948755
                5.35  0.00108864236955224
                5.36  0.00110060277818538
                5.37  0.00111272270606976
                5.38  0.00112500462081519
                5.39  0.00113745102801371
                 5.4  0.00115006447235536
                5.41  0.00116284753888934
                5.42  0.00117580285444058
                5.43  0.00118893308910551
                5.44  0.00120224095808125
                5.45  0.00121572922365539
                5.46   0.0012294006975615
                5.47  0.00124325824368146
                5.48  0.00125730478120075
                5.49  0.00127154328827212
                 5.5  0.00128597680616062
                5.51  0.00130060844425203
                5.52  0.00131544138553899
                5.53   0.0013304788930052
                5.54  0.00134572431681775
                5.55  0.00136118110232687
                5.56  0.00137685279880575
                5.57  0.00139274306909897
                5.58  0.00140885569974083
                5.59  0.00142519461167212
                 5.6  0.00144176387111956
                5.61  0.00145856770038571
                5.62  0.00147561048822966
                5.63  0.00149289679915003
                5.64  0.00151043138120968
                5.65  0.00152821917158343
                5.66  0.00154626529926447
                5.67  0.00156457508386259
                5.68  0.00158315403016417
                5.69  0.00160200781710061
                 5.7  0.00162114228087534
                5.71  0.00164056339120073
                5.72  0.00166027722034579
                5.73  0.00168028990463481
                5.74  0.00170060759822933
                5.75  0.00172123641934836
                5.76  0.00174218238978241
                5.77  0.00176345136822906
                5.78  0.00178504897898363
                5.79  0.00180698053774029
                 5.8  0.00182925097645015
                5.81  0.00185186476990389
                5.82  0.00187482586657962
                5.83  0.00189813762693618
                5.84  0.00192180277202105
                5.85  0.00194582334559392
                5.86  0.00197020069264411
                5.87  0.00199493545674538
                5.88  0.00202002759857531
                5.89  0.00204547643700151
                 5.9  0.00207128071360318
                5.91  0.00209743868063278
                5.92  0.00212394821139758
                5.93  0.00215080693130198
                5.94  0.00217801236664415
                5.95  0.00220556210774573
                5.96  0.00223345398148368
                5.97  0.00226168622848111
                5.98  0.00229025767932124
                5.99  0.00231916792362247
                   6  0.00234841746632235
                6.01  0.00237800786599213
                6.02  0.00240794184826231
                6.03   0.0024382233923374
                6.04   0.0024688577850222
                6.05  0.00249985164063585
                6.06  0.00253121288578523
                6.07  0.00256295070836262
                6.08  0.00259507547296511
                6.09  0.00262759860538256
                 6.1  0.00266053244932187
                6.11  0.00269389010177103
                6.12  0.00272768523120731
                6.13  0.00276193188643094
                6.14  0.00279664430178919
                6.15  0.00283183670578976
                6.16  0.00286752313929671
                6.17  0.00290371728926204
                6.18  0.00294043234248506
                6.19  0.00297768086397042
                 6.2  0.00301547470211633
                6.21  0.00305382492229608
                6.22  0.00309274176970351
                6.23  0.00313223466004048
                6.24  0.00317231219642837
                6.25  0.00321298220971846
                6.26  0.00325425181876138
                6.27  0.00329612750668464
                6.28  0.00333861520862562
                6.29  0.00338172040725004
                 6.3  0.00342544823118184
                6.31  0.00346980355346921
                6.32  0.00351479108535583
                6.33  0.00356041546449929
                6.34  0.00360668133332315
                6.35  0.00365359340809349
                6.36  0.00370115653601747
                6.37  0.00374937574131832
                6.38  0.00379825625993018
                6.39  0.00384780356378365
                 6.4  0.00389802337459822
                6.41  0.00394892167076882
                6.42  0.00400050468541139
                6.43  0.00405277889991701
                6.44  0.00410575103230183
                6.45  0.00415942802303928
                6.46     0.00421381701819
                6.47  0.00426892535243288
                6.48  0.00432476053103508
                6.49  0.00438133021271121
                 6.5  0.00443864219364975
                6.51  0.00449670439188694
                6.52  0.00455552483392515
                6.53  0.00461511164258718
                6.54  0.00467547302620574
                6.55  0.00473661726912698
                6.56  0.00479855272390931
                6.57  0.00486128780409473
                6.58    0.004924830978319
                6.59  0.00498919076519407
                 6.6  0.00505437572839083
                6.61  0.00512039447307196
                6.62  0.00518725564188606
                6.63  0.00525496791200268
                6.64  0.00532353999160676
                6.65  0.00539298061736245
                6.66  0.00546329855132971
                6.67  0.00553450257854665
                6.68  0.00560660150406468
                6.69  0.00567960415078836
                 6.7  0.00575351935640485
                6.71  0.00582835597157506
                6.72  0.00590412285691488
                6.73  0.00598082888090963
                6.74  0.00605848291778694
                6.75  0.00613709384507205
                6.76  0.00621667054157683
                6.77  0.00629722188551763
                6.78  0.00637875675253039
                6.79  0.00646128401394904
                 6.8  0.00654481253549811
                6.81  0.00662935117569758
                6.82  0.00671490878460605
                6.83  0.00680149420318619
                6.84   0.0068891162619524
                6.85  0.00697778378107855
                6.86  0.00706750556973774
                6.87  0.00715829042606486
                6.88  0.00725014713738141
                6.89  0.00734308448079641
                 6.9  0.00743711122412872
                6.91  0.00753223612663634
                6.92  0.00762846794086808
                6.93   0.0077258154141979
                6.94  0.00782428729073528
                6.95  0.00792389231427078
                6.96  0.00802463923050746
                6.97  0.00812653679044324
                6.98  0.00822959375390605
                6.99  0.00833381889298529
                   7  0.00843922099674663
                7.01  0.00854580887557676
                7.02  0.00865359136582278
                7.03  0.00876257733534997
                7.04  0.00887277568900924
                7.05  0.00898419537453718
                7.06  0.00909684538906414
                7.07  0.00921073478516558
                7.08  0.00932587267849076
                7.09   0.0094422682541966
                 7.1  0.00955993077522503
                7.11  0.00967886958873595
                7.12  0.00979909413575543
                7.13  0.00992061395816115
                7.14   0.0100434387076542
                7.15   0.0101675781540425
                7.16   0.0102930421939478
                7.17   0.0104198408601315
                7.18   0.0105479843297914
                7.19   0.0106774829340588
                 7.2   0.0108083471667655
