%%%%%%%%%%%%%%%%%%%%%%%%%%%%%% Meta data %%%%%%%%%%%%%%%%%%%%%%%%%%%%%%
% Boundary condition: SHBC
% f: 1000Hz
% Incident wave direction: alpha_s = 240Deg, beta_s = 0Deg
% Formulation: CBM
% Core method: IGA
% Method: BEM
% N: 10
%
%%%%%%%%%%%%%%%%%%%%%%%%%%%%%%%% Data %%%%%%%%%%%%%%%%%%%%%%%%%%%%%%%%%
               alpha                   TS
                   0     4.09470682522014
                 0.1     4.09471170979574
                 0.2      4.0947209165169
                 0.3     4.09471816239082
                 0.4     4.09467651415296
                 0.5      4.0945586945568
                 0.6     4.09431750856803
                 0.7     4.09389638694879
                 0.8     4.09323004413972
                 0.9     4.09224524685733
                   1     4.09086168944516
                 1.1     4.08899297173547
                 1.2     4.08654767500827
                 1.3     4.08343053155986
                 1.4     4.07954368338895
                 1.5     4.07478802556282
                 1.6     4.06906462989414
                 1.7     4.06227624459279
                 1.8     4.05432886552693
                 1.9     4.04513337453306
                   2     4.03460723982567
                 2.1     4.02267627286217
                 2.2     4.00927643493963
                 2.3     3.99435568524737
                 2.4     3.97787585995611
                 2.5     3.95981456909934
                 2.6     3.94016709439447
                 2.7     3.91894826665837
                 2.8     3.89619429604754
                 2.9     3.87196452194023
                   3     3.84634304191595
                 3.1     3.81944017105572
                 3.2     3.79139367388799
                 3.3     3.76236970205594
                 3.4     3.73256336166857
                 3.5      3.7021988259776
                 3.6     3.67152890237027
                 3.7     3.64083395874046
                 3.8     3.61042011436199
                 3.9     3.58061660579928
                   4      3.5517722505565
                 4.1     3.52425095134565
                 4.2      3.4984262129929
                 4.3     3.47467468246384
                 4.4     3.45336876981871
                 4.5     3.43486846259073
                 4.6     3.41951250539593
                 4.7     3.40760917654598
                 4.8     3.39942694903288
                 4.9     3.39518536873789
                   5     3.39504651231933
                 5.1     3.39910739584837
                 5.2     3.40739368935242
                 5.3     3.41985505071555
                 5.4     3.43636232639289
                 5.5     3.45670678047908
                 5.6      3.4806014147389
                 5.7     3.50768433884659
                 5.8     3.53752405151324
                 5.9     3.56962640801993
                   6     3.60344298479261
                 6.1      3.6383805114554
                 6.2     3.67381102676297
                 6.3     3.70908242567524
                 6.4     3.74352909701347
                 6.5     3.77648239948527
                 6.6     3.80728078249984
                 6.7     3.83527942125644
                 6.8     3.85985929781977
                 6.9     3.88043571702395
                   7     3.89646629491461
                 7.1     3.90745849592782
                 7.2     3.91297682185981
                 7.3     3.91264977020655
                 7.4     3.90617668120839
                 7.5     3.89333458145334
                 7.6     3.87398510645658
                 7.7     3.84808154412208
                 7.8      3.8156759838883
                 7.9     3.77692648089296
                   8     3.73210404900308
                 8.1     3.68159918015419
                 8.2     3.62592745097964
                 8.3      3.5657336251209
                 8.4     3.50179349962715
                 8.5     3.43501259180972
                 8.6     3.36642064237002
                 8.7     3.29716085402829
                 8.8     3.22847283232565
                 8.9     3.16166839018634
                   9     3.09809975852198
                 9.1     3.03912033233948
                 9.2     2.98603886321762
                 9.3     2.94006892542253
                 9.4     2.90227642128909
                 9.5      2.8735286921639
                 9.6      2.8544492837549
                 9.7     2.84538242061619
                 9.8     2.84637068666502
                 9.9     2.85714831105918
                  10     2.87715096804655
                10.1     2.90554135883549
                10.2     2.94124833443748
                10.3     2.98301618804553
                10.4     3.02946014689958
                10.5     3.07912405726209
                10.6      3.1305366995842
                10.7      3.1822639368583
                10.8     3.23295480491992
                10.9     3.28138053471544
                  11     3.32646623423986
                11.1      3.3673154867344
                11.2     3.40322842473506
                11.3     3.43371393459828
                11.4     3.45849657189739
                11.5     3.47751857263874
                11.6     3.49093707911158
                11.7     3.49911641259836
                11.8     3.50261496817371
                11.9     3.50216613014496
                  12     3.49865256143387
                12.1     3.49307335437134
                12.2     3.48650388098415
                12.3     3.48004876156394
                12.4      3.4747891566986
                12.5     3.47172650480648
                12.6     3.47172574473178
                12.7     3.47546180837152
                12.8     3.48337355686397
                12.9     3.49562921528809
                  13     3.51210666929342
                13.1     3.53239077620126
                13.2     3.55578828895461
                13.3     3.58135935646734
                13.4     3.60796313193182
                13.5     3.63431402240582
                13.6     3.65904467153789
                13.7     3.68077187784496
                13.8     3.69816219859952
                13.9     3.70999479188621
                  14     3.71521990685789
                14.1     3.71301216717219
                14.2     3.70281827257329
                14.3     3.68439888699174
                14.4     3.65786425344424
                14.5     3.62370248284432
                14.6     3.58279855495311
                14.7     3.53644095015317
                14.8     3.48631168503592
                14.9     3.43445464301062
                  15     3.38321687902834
                15.1     3.33515852129616
                15.2     3.29292944613645
                15.3     3.25911527948184
                15.4      3.2360611909349
                15.5     3.22568839266918
                15.6     3.22932354728507
                15.7     3.24756345880272
                15.8     3.28019498570387
                15.9     3.32618288607641
                  16     3.38372777013704
                16.1     3.45038526503269
                16.2      3.5232288801245
                16.3     3.59903492276397
                16.4     3.67446854687481
                16.5     3.74625450687094
                16.6     3.81132253464294
                16.7     3.86692359024434
                16.8     3.91071827250821
                16.9      3.9408418562023
                  17     3.95595176394823
                17.1     3.95526310909536
                17.2      3.9385766584779
                17.3      3.9063014941965
                17.4     3.85947203035311
                17.5     3.79975603260437
                17.6      3.7294471036084
                17.7     3.65143211743612
                17.8     3.56912199683409
                17.9     3.48633407823826
                  18     3.40711738726478
                18.1     3.33551954202373
                18.2     3.27530583864072
                18.3     3.22965564651989
                18.4     3.20087462603189
                18.5     3.19016814269236
                18.6     3.19751706300621
                18.7     3.22168090807947
                18.8     3.26032914844025
                18.9     3.31027700024169
                  19     3.36778528200692
                19.1     3.42887898145107
                19.2     3.48964541328356
                19.3     3.54648578759285
                19.4     3.59630826869336
                19.5      3.6366621317231
                19.6     3.66581958407809
                19.7     3.68281427067642
                19.8     3.68744454657678
                19.9     3.68024671370863
                  20     3.66243991935631
                20.1     3.63584142949792
                20.2     3.60274946248138
                20.3     3.56579146495259
                20.4     3.52773910627884
                20.5     3.49129727381856
                20.6     3.45888201141662
                20.7     3.43240970239058
                20.8     3.41312423543162
                20.9     3.40148801182444
                  21     3.39715545613312
                21.1     3.39903538505151
                21.2     3.40543439361076
                21.3      3.4142613098984
                21.4     3.42326577887246
                21.5     3.43028308249583
                21.6     3.43346114798264
                21.7     3.43145185044606
                21.8     3.42355466311939
                21.9      3.4098048156089
                  22     3.39100001242747
                22.1     3.36866024331376
                22.2     3.34491593393948
                22.3     3.32232264680306
                22.4     3.30360742258685
                22.5     3.29136309585408
                22.6     3.28772084857169
                22.7     3.29404378840756
                22.8     3.31068994923164
                22.9     3.33688732736103
                  23     3.37074577742463
                23.1     3.40940536644102
                23.2     3.44929626833317
                23.3     3.48646930603124
                23.4     3.51695263097004
                23.5     3.53709735230037
                23.6     3.54388812732746
                23.7     3.53520792563076
                23.8     3.51005491527442
                23.9     3.46871143147429
                  24     3.41285997693669
                24.1     3.34563040855901
                24.2     3.27154875606333
                24.3     3.19634669157217
                24.4     3.12658963003114
                24.5     3.06910060616464
                24.6     3.03020307839957
                24.7      3.0148736036242
                24.8     3.02596137066474
                24.9     3.06365870992871
                  25     3.12536580220216
                25.1     3.20598910446656
                25.2     3.29859131142806
                25.3     3.39522809848783
                25.4      3.4877945558462
                25.5     3.56875172349027
                25.6     3.63167525074681
                25.7     3.67163002248766
                25.8     3.68540990782856
                25.9     3.67169011856685
                  26     3.63112818596383
                26.1     3.56642584355116
                26.2     3.48233354135414
                26.3     3.38554667695163
                26.4     3.28441582199827
                26.5     3.18838681477716
                26.6     3.10712075171646
                26.7     3.04933334279854
                26.8     3.02152552872803
                26.9      3.0268967132927
                  27      3.0647556479095
                27.1     3.13062274112818
                27.2     3.21699388025487
                27.3     3.31452899792607
                27.4     3.41334470955897
                27.5     3.50414581551959
                27.6     3.57906030446941
                27.7     3.63216619434048
                27.8     3.65977119760874
                27.9     3.66052422770597
                  28     3.63541865973704
                28.1     3.58771057627003
                28.2     3.52273541888471
                28.3     3.44757465989199
                28.4     3.37051242702538
                28.5     3.30024459294434
                28.6     3.24486917867442
                28.7      3.2107875885805
                28.8     3.20174114737597
                28.9      3.2182360026904
                  29     3.25753040173993
                29.1     3.31419265161946
                29.2     3.38106723134205
                29.3     3.45039554614481
                29.4     3.51485481991217
                29.5     3.56836696810532
                29.6     3.60662825496147
                29.7     3.62737772924987
                29.8     3.63044735306312
                29.9     3.61763083323034
                  30     3.59239019006644
                30.1     3.55940626266563
                30.2     3.52398384242984
                30.3     3.49134873403296
                30.4      3.4659167999492
                30.5     3.45065553161692
                30.6     3.44667144508631
                30.7     3.45312347192318
                30.8     3.46748790457406
                30.9     3.48611321434399
                  31     3.50493964490892
                31.1     3.52023984985903
                31.2     3.52925822836484
                31.3     3.53066630352544
                31.4     3.52478795540471
                31.5     3.51357215684483
                31.6     3.50030653179181
                31.7     3.48908518220594
                31.8     3.48408031321084
                31.9     3.48871962215303
                  32       3.504923106465
                32.1     3.53257352758042
                32.2     3.56935890093993
                32.3     3.61103521880975
                32.4      3.6520488385179
                32.5     3.68637880596971
                32.6     3.70843835465362
                32.7     3.71390510786532
                32.8     3.70039996592978
                32.9      3.6679728000458
                  33     3.61936133316173
                33.1     3.55996967178817
                33.2     3.49748438472125
                33.3     3.44104344905205
                33.4     3.39993754041433
                33.5     3.38197477997553
                33.6     3.39183978072401
                33.7     3.42991060338784
                33.8     3.49193455574786
                33.9     3.56968628926143
                  34     3.65238512640937
                34.1     3.72843761057053
                34.2     3.78708858503139
                34.3     3.81973886191629
                34.4     3.82088032497889
                34.5     3.78871279625554
                34.6     3.72551736750115
                34.7     3.63778938541003
                34.8     3.53601821525359
                34.9     3.43389328227875
                  35     3.34670151840643
                35.1     3.28886569893875
                35.2     3.27099233950266
                35.3     3.29727662483206
                35.4     3.36426337623387
                35.5     3.46151094350424
                35.6     3.57386868814649
                35.7     3.68445585169071
                35.8     3.77740452460896
                35.9     3.83985440984231
                  36     3.86315987187178
                36.1     3.84353004624236
                36.2     3.78234561749955
                36.3     3.68626622602373
                36.4     3.56704380233422
                36.5     3.44075818484177
                36.6     3.32609342747771
                36.7     3.24143587687917
                36.8       3.201116380945
                36.9     3.21186718533056
                  37     3.27094019990104
                37.1     3.36679256210675
                37.2     3.48201349321469
                37.3     3.59719434493813
                37.4     3.69440041105425
                37.5     3.75955496935848
                37.6     3.78373555030371
                37.7     3.76372030022956
                37.8     3.70211285818886
                37.9     3.60717687588153
                  38     3.49226364016821
                38.1     3.37452335464706
                38.2     3.27258232374384
                38.3     3.20319135229935
                38.4     3.17750464529919
                38.5     3.19826636441469
                38.6     3.25914792909889
                38.7     3.34656850784498
                38.8     3.44315974075869
                38.9      3.5314981336512
                  39     3.59705716536355
                39.1     3.63002673304062
                39.2     3.62615532197589
                39.3     3.58691130591395
                39.4     3.51914302558082
                39.5     3.43421745948178
                39.6     3.34648168131053
                39.7     3.27094177651398
                39.8     3.22035834522837
                39.9     3.20242091507426
                  40     3.21796141051727
                40.1     3.26094477021382
                40.2      3.3202492374089
                40.3     3.38250782980961
                40.4     3.43502722921224
                40.5     3.46807032835017
                40.6     3.47623986348288
                40.7     3.45900926906894
                40.8      3.4205266219124
                40.9      3.3687607536663
                  41     3.31400834361024
                41.1     3.26684990798184
                41.2     3.23585859017938
                41.3     3.22562164100254
                41.4      3.2357143552964
                41.5     3.26101169956792
                41.6     3.29322521076229
                41.7     3.32311887059531
                41.8     3.34273314352689
                41.9     3.34711181976708
                  42     3.33528032914599
                42.1     3.31039798336082
                42.2     3.27907491777488
                42.3     3.24989418988836
                42.4     3.23131574574452
                42.5     3.22938418013256
                42.6     3.24589101376488
                42.7     3.27763686534943
                42.8     3.31709110331876
                42.9     3.35422177365975
                  43     3.37889430263856
                43.1     3.38320069953351
                43.2     3.36328748389731
                43.3     3.32047039445825
                43.4     3.26150517706555
                43.5     3.19784010579446
                43.6     3.14366067447884
                43.7     3.11275796012921
                43.8     3.11479949909693
                43.9     3.15220151281082
                  44     3.21892068097918
                44.1     3.30175062173415
                44.2     3.38354989630973
                44.3     3.44712584429905
                44.4     3.47865141343516
                44.5     3.47011999185951
                44.6      3.4208505488112
                44.7     3.33815665514856
                44.8     3.23704379127155
                44.9     3.13844594610245
                  45     3.06544706825846
                45.1     3.03760260678812
                45.2     3.06489686258969
                45.3      3.1440141746689
                45.4     3.25896647067276
                45.5     3.38573229264838
                45.6     3.49851090446118
                45.7     3.57515524716366
                45.8     3.60074242439215
                45.9     3.56951507110641
                  46     3.48581679223446
                46.1      3.3642848006589
                46.2     3.22885053227932
                46.3     3.10949078594208
                46.4     3.03587105321384
                46.5      3.0287282746725
                46.6     3.09243947587545
                46.7     3.21302707032702
                46.8     3.36290626812056
                46.9     3.50942552940309
                  47      3.6229087210407
                47.1     3.68188747020916
                47.2     3.67566308616509
                47.3     3.60533957511198
                47.4     3.48411621520087
                47.5     3.33664514238211
                47.6     3.19624105334036
                47.7     3.09845581025528
                47.8     3.07111434116465
                47.9     3.12435007093183
                  48     3.24636653308567
                48.1     3.40783519041811
                48.2     3.57194038501259
                48.3     3.70436856596027
                48.4     3.77980125967817
                48.5     3.78490536137994
                48.6     3.71934877984513
                48.7      3.5960101539903
                48.8     3.44035627144226
                48.9      3.2876967944462
                  49     3.17653232154565
                49.1     3.13779487220862
                49.2     3.18368967042002
                49.3     3.30265964519174
                49.4     3.46404221143541
                49.5     3.62914987896654
                49.6     3.76225318594632
                49.7     3.83756458811112
                49.8     3.84227950522709
                49.9     3.77740778390613
                  50     3.65763371724255
                50.1      3.5100910736403
                50.2     3.37068605650183
                50.3     3.27643292996119
                50.4     3.25437646799145
                50.5     3.31158358106463
                50.6     3.43234892622543
                50.7     3.58461161784377
                50.8     3.73123806023474
                50.9     3.84008468135386
                  51     3.88995594269401
                51.1     3.87300240077277
                51.2     3.79513332942097
                51.3     3.67523285795571
                51.4     3.54267184587121
                51.5     3.43183203274123
                51.6     3.37315682028152
                51.7      3.3830554270769
                51.8     3.45775832596146
                51.9     3.57510631101422
                  52     3.70309865311261
                52.1     3.81010643448357
                52.2     3.87249134776223
                52.3     3.87856422352459
                52.4     3.82981200299823
                52.5     3.74032812160036
                52.6     3.63442018247371
                52.7     3.54163699947793
                52.8     3.48896614873568
                52.9     3.49205982136477
                  53     3.54953407726059
                53.1     3.64375276804616
                53.2     3.74761952734478
                53.3     3.83348199387572
                53.4     3.88037505821671
                53.5     3.87820050043249
                53.6     3.82922614331014
                53.7     3.74749541506979
                53.8     3.65606889614646
                53.9     3.58161035614578
                  54     3.54662893369739
                54.1     3.56170944621072
                54.2     3.62152029898835
                54.3     3.70698358071538
                54.4     3.79231693163008
                54.5     3.85323522737064
                54.6     3.87328447476545
                54.7     3.84736515598246
                54.8     3.78273850502603
                54.9     3.69771380662126
                  55     3.61763732076169
                55.1     3.56793553221693
                55.2     3.56555383080912
                55.3     3.61232270538384
                55.4     3.69398292928115
                55.5     3.78550115759831
                55.6     3.85959667415898
                55.7     3.89459335824817
                55.8     3.87960417558718
                55.9     3.81697155266019
                  56     3.72230477752879
                56.1     3.62176692170283
                56.2     3.54577018475261
                56.3     3.51935067735045
                56.4      3.5524136584146
                56.5     3.63512569669014
                56.6     3.74148465904134
                56.7     3.83876863152987
                56.8     3.89767702889103
                56.9     3.89964060117245
                  57     3.84079560385252
                57.1     3.73338281185252
                57.2     3.60458401238352
                57.3     3.49143080999241
                57.4     3.43045085174889
                57.5     3.44395866002468
                57.6     3.52977428731261
                57.7     3.66140004205996
                57.8     3.79854108735724
                57.9     3.90090343921174
                  58     3.93875592450996
                58.1     3.89870923123633
                58.2     3.78627540009457
                58.3     3.62639757203087
                58.4     3.46083160341483
                58.5     3.33929559498645
                58.6     3.30296668289631
                58.7     3.36616672912206
                58.8     3.50846836965632
                58.9      3.6836944823451
                  59     3.83850464074107
                59.1     3.92861856433812
                59.2      3.9277114979328
                59.3     3.83102501902567
                59.4     3.65691223118744
                59.5      3.4467470907235
                59.6     3.25966191455808
                59.7     3.15683867244168
                59.8     3.17630602537939
                59.9     3.31270621255182
                  60     3.51922359084169
                60.1     3.72985069705321
                60.2     3.88374668094189
                60.3     3.93940065496451
                60.4     3.87960252609317
                60.5     3.71300013668869
                60.6     3.47535015882705
                60.7     3.22825775395689
                60.8     3.04805191707349
                60.9     2.99883317772911
                  61     3.09964024320757
                61.1     3.31238333329506
                61.2     3.56262149711692
                61.3      3.7730129528929
                61.4     3.88578426478908
                61.5      3.8705938160612
                61.6     3.72585106075719
                61.7     3.47998533859922
                61.8     3.19276673341529
                61.9      2.9492816559858
                  62     2.83526611177277
                62.1     2.89555985190037
                62.2     3.10595306640456
                62.3      3.3875279102717
                62.4     3.64796576659348
                62.5     3.81389802136708
                62.6     3.84276266133953
                62.7     3.72382964952236
                62.8     3.47864310395708
                62.9     3.16357950610784
                  63     2.86812024494091
                63.1     2.69433519170524
                63.2     2.71072896052902
                63.3     2.90904443266329
                63.4      3.2089578753311
                63.5     3.50519307647723
                63.6     3.71024250284561
                63.7     3.77096889333039
                63.8     3.66956430686266
                63.9      3.4230238196096
                  64     3.08629032067292
                64.1     2.75347911428959
                64.2     2.54022070927303
                64.3     2.53331029244095
                64.4     2.73481777932315
                64.5     3.05968417840907
                64.6     3.38967243225164
                64.7     3.62550735982617
                64.8     3.70664124818216
                64.9     3.61127561396474
                  65     3.35472252042473
                65.1     2.99308568022231
                65.2     2.62683459304367
                65.3     2.38460267444979
                65.4     2.36739334547008
                65.5      2.5812129414075
                65.6     2.93158031204345
                65.7      3.2868668541962
                65.8     3.53860088020067
                65.9     3.62219881278945
                  66      3.5152082760194
                66.1     3.23489636356411
                66.2     2.84305031446164
                66.3     2.45140624334933
                66.4     2.20352426762565
                66.5     2.20839937287392
                66.6     2.46281864633128
                66.7     2.85289199610801
                66.8     3.23260595677852
                66.9     3.48868249018154
                  67     3.55756734182166
                67.1     3.42040364118596
                67.2      3.1004364765314
                67.3     2.66993757980977
                67.4     2.25714510764528
                67.5      2.0220565084298
                67.6     2.07350403260649
                67.7     2.38484586686385
                67.8     2.81510174333416
                67.9     3.20595541274568
                  68     3.44492780972056
                68.1     3.47442988704947
                68.2     3.28341254449401
                68.3      2.9062800507115
                68.4     2.43352518822156
                68.5     2.01849781744527
                68.6      1.8376907009958
                68.7     1.98207297178879
                68.8     2.37892016018968
                68.9     2.85328186261032
                  69     3.24122490657317
                69.1      3.4395585874389
                69.2      3.4026565762159
                69.3     3.13205809630026
                69.4     2.67959123355337
                69.5      2.1635105970214
                69.6     1.77080581395765
                69.7     1.68728285531474
                69.8     1.95895118693364
                69.9     2.44778780383123
                  70     2.94903401962426
                70.1     3.30485498690615
                70.2     3.42911609087198
                70.3      3.2926060795679
                70.4     2.91461859351019
                70.5      2.3744223407936
                70.6     1.83389464181404
                70.7     1.52204164672593
                70.8     1.60853702197803
                70.9     2.04951696149705
                  71     2.62944541330429
                71.1     3.13129821912179
                71.2     3.41935859861226
                71.3     3.43174341139413
                71.4     3.15953105283567
                71.5     2.64650967426744
                71.6      2.0143830535527
                71.7     1.48886922281049
                71.8     1.33598748987408
                71.9     1.65402313074813
                  72     2.26756379764503
                72.1     2.90161895888379
                72.2      3.3560489916607
                72.3     3.52910264464941
                72.4     3.38537094932794
                72.5     2.93933630920959
                72.6     2.27179172628295
                72.7     1.57517909400281
                72.8     1.16345935201595
                72.9     1.29359847496286
                  73     1.89596298644706
                73.1     2.65299394898674
                73.2     3.28227322698928
                73.3     3.63061902652576
                73.4     3.63536503608688
                73.5     3.28679585563895
                73.6     2.62840357992277
                73.7      1.8020987118271
                73.8     1.11624541294187
                73.9    0.971961107540047
                  74      1.4890270939048
                74.1     2.35014274833936
                74.2     3.16536923530429
                74.3     3.70773785837606
                74.4     3.88231493839634
                74.5     3.65970763929088
                74.6     3.05400200030459
                74.7     2.15427818590837
                74.8     1.21887568902506
                74.9    0.734781670818377
                  75     1.07849647764968
                75.1     2.01911054652803
                75.2     3.03653929510117
                75.3     3.79663892459607
                75.4     4.16375115169151
                75.5     4.09271809828055
                75.6     3.57676159539117
                75.7     2.65725211590485
                75.8     1.51267189401094
                75.9     0.62692470074619
                  76    0.659423591010476
                76.1     1.62284759208386
                76.2     2.85920789086712
                76.3     3.86743156103785
                76.4     4.45326212314108
                76.5     4.55865872652084
                76.6      4.1656707976721
                76.7     3.28065864204378
                76.8     1.99781586784607
                76.9    0.710121087626015
                  77    0.288343756014955
                77.1     1.18925748063792
                77.2     2.66541855978491
                77.3     3.95979359054777
                77.4      4.7926444035849
                77.5     5.09695858544632
                77.6     4.85369381083456
                77.7     4.04806091692825
                77.8     2.70014374044089
                77.9     1.04969779635603
                  78  0.00785082629281692
                78.1    0.681549914128725
                78.2     2.41701708030758
                78.3     4.05139351690787
                78.4      5.1675630390711
                78.5     5.69455508712924
                78.6     5.62387731865639
                78.7     4.93448181063419
                78.8     3.59438063196959
                78.9     1.67994909569583
                  79  -0.0755037861419837
                79.1    0.129833242197855
                79.2     2.14524609802758
                79.3     4.19236659699971
                79.4     5.63308668974759
                79.5     6.40497652637203
                79.6     6.52493203933342
                79.7     5.97949039656578
                79.8     4.70698108257709
                79.9     2.64417133424379
                  80    0.161775857410195
                80.1   -0.498265523467856
                80.2     1.79881431473825
                80.3      4.3736694499189
                80.4      6.1964567209377
                80.5     7.23988313095332
                80.6     7.56753395639214
                80.7     7.18759911098822
                80.8     6.02985469040529
                80.9     3.93831777821318
                  81    0.872241422210072
                81.1    -1.13739316324853
                81.2     1.39321103966086
                81.3     4.66784924133634
                81.4     6.93947240438291
                81.5     8.27954752487146
                81.6     8.82902977817281
                81.7     8.63152486931479
                81.8      7.6249423774195
                81.9      5.6065206306764
                  82     2.20110442525955
                82.1    -1.67777037284329
                82.2    0.828007612537059
                82.3     5.10654490404523
                82.4     7.91993681242391
                82.5      9.5881197016723
                82.6     10.3760443788474
                82.7     10.3775065339324
                82.8     9.55164018851586
                82.9     7.68708317958189
                  83     4.22964299458169
                83.1    -1.59772251202029
                83.2   0.0279953681293157
                83.3     5.84388951785647
                83.4      9.3012672228001
                83.5      11.327114126943
                83.6     12.3717142250942
                83.7     12.5922666864634
                83.8     11.9781281513457
                83.9     10.3355715497613
                  84     7.07443541176762
                84.1     0.16890108033073
                84.2    -1.38493233998675
                84.3     7.10412967306849
                84.4     11.3268213763089
                84.5     13.7515733090874
                84.6     15.0875370522212
                84.7      15.566130501282
                84.8     15.2125917520782
                84.9     13.8664703880256
                  85     10.9939613629223
                85.1     4.48899159600549
                85.2    -4.22811754403418
                85.3      9.5258198306186
                85.4     14.6124169689246
                85.5     17.5118917191106
                85.6     19.2325187561554
                85.7     20.0820939558137
                85.8     20.1247060494677
                85.9     19.2424144805707
                  86     17.0005291234524
                86.1     11.8213908119631
                86.2   -0.965995326525919
                86.3     15.0958899173824
                86.4     21.2527764213927
                86.5     25.0461620859728
                86.6     27.7279085557072
                86.7     29.7197951533928
                86.8     31.2146132571088
                86.9     32.3151114412088
                  87     33.0804728063802
                87.1     33.5453293485514
                87.2     33.7284354392455
    87.2072976342867     33.7310193997021
                87.3     33.6366491201973
                87.4      33.266288165871
                87.5     32.6024903392616
                87.6     31.6163248489548
                87.7     30.2583406885835
                87.8     28.4450685359736
                87.9     26.0292928702259
                  88     22.7281193662541
                88.1     17.9475993033059
                88.2      11.353546087479
                88.3     12.8090060288277
                88.4     17.1965303480803
                88.5     19.5329481705797
                88.6     20.5798570900456
                88.7     20.7242076799366
                88.8     20.1030956839776
                88.9     18.7093290522544
                  89     16.4011798992029
                89.1     12.8808148113876
                89.2     8.38367702911505
                89.3      8.3816717188517
                89.4     12.0849741722788
                89.5     14.6441692063918
                89.6     16.0253791386445
                89.7     16.5136726256483
                89.8     16.2421024889378
                89.9     15.2278239209661
                  90     13.3914969419074
                90.1      10.596716896589
                90.2     7.20745379142822
                90.3     6.48915176356526
                90.4      9.2266581346059
                90.5     11.7007096463554
                90.6     13.2097059107526
                90.7     13.8816080203515
                90.8     13.8248502446973
                90.9     13.0691629425799
                  91     11.5790678905557
                91.1     9.31424276524194
                91.2     6.64244163184589
                91.3     5.63716351325277
                91.4      7.4854472912494
                91.5     9.71855077553123
                91.6     11.2563656187606
                91.7     12.0432046191657
                91.8     12.1449003603026
                91.9     11.5930177066929
                  92     10.3799898363536
                92.1     8.51816243618758
                92.2     6.33762975264004
                92.3      5.2415379827335
                92.4     6.40371153510688
                92.5     8.33150208608627
                92.6     9.83878192866993
                92.7     10.6995741800115
                92.8     10.9254214865054
                92.9     10.5400329970866
                  93     9.54982661147914
                93.1     7.99129684588401
                93.2     6.14921425973512
                93.3     5.04639340641439
                93.4     5.74670725890041
                93.5     7.39579525951268
                93.6     8.85815691402158
                93.7     9.77891068071633
                93.8     10.1120397655409
                93.9     9.86108320405929
                  94      9.0189438512142
                94.1     7.58103736697406
                94.2     5.67432088283357
                94.3     4.01570506957504
                94.4     4.04794218573876
                94.5       5.633083073648
                94.6     7.34042876155613
                94.7     8.56149101731741
                94.8     9.20982512214722
                94.9     9.31194646016898
                  95     8.90740340356473
                95.1     8.05558676503357
                95.2     6.90782540566706
                95.3     5.85175328498748
                95.4     5.50421797909712
                95.5     6.08830452840492
                95.6     7.10363678826109
                95.7     8.01167633120313
                95.8     8.56590044721444
                95.9     8.69464485885071
                  96     8.39580679410864
                96.1     7.71334156945289
                96.2     6.77770218219591
                96.3     5.89467667100334
                96.4     5.53119577478556
                96.5     5.91862649830528
                96.6     6.75121399951196
                96.7     7.57947981466945
                96.8     8.14209318399585
                96.9     8.34118547347303
                  97     8.15976908444615
                97.1     7.63173461538222
                97.2     6.86324349612744
                97.3     6.08949302971028
                97.4     5.67376579409747
                97.5     5.86347583442837
                97.6     6.51087804330762
                97.7     7.25377771568825
                97.8     7.82164367430682
                97.9     8.08887989560728
                  98     8.01967003733471
                98.1     7.63393081655241
                98.2     7.01340900913301
                98.3     6.33654586632111
                98.4     5.88581620024867
                98.5     5.90503930089539
                98.6     6.36723256301091
                98.7     7.00746393827141
                98.8     7.56368910502993
                98.9     7.88608553555786
                  99     7.91739035043163
                99.1     7.66102582833981
                99.2     7.17634880971799
                99.3      6.5978996104652
                99.4     6.14451109808726
                99.5     6.03890105742446
                99.6      6.3331779940454
                99.7     6.85916955790374
                99.8     7.38442438974629
                99.9     7.74467217355201
                 100     7.86149224870374
               100.1     7.72001817557691
               100.2     7.35812484508182
               100.3     6.87453370515188
               100.4     6.43675870017073
               100.5     6.23874734542137
               100.6     6.37980049904585
               100.7     6.77938658724107
               100.8      7.2511374478465
               100.9      7.6282310123688
                 101     7.81327838715861
               101.1     7.77217614249763
               101.2     7.52237849289491
               101.3     7.13347563696949
               101.4     6.73220202729084
               101.5     6.48106577895525
               101.6     6.49948346409865
               101.7     6.77569829057269
               101.8     7.17861509822454
               101.9     7.55333229644552
                 102     7.78962404015776
               102.1     7.83498946450369
               102.2     7.68716319700342
               102.3     7.39055518125071
               102.4       7.038047244961
               102.5     6.76084986755206
               102.6     6.68066430662788
               102.7     6.83520792554861
               102.8     7.15115104191145
               102.9     7.49917602075084
                 103      7.7646376039565
               103.1     7.87884938261927
               103.2     7.82060538564479
               103.3     7.61214955353476
               103.4      7.3184130893986
               103.5     7.04196367361075
               103.6     6.89534941169801
               103.7     6.94544954702316
               103.8     7.16992877038542
               103.9     7.47451171691343
                 104     7.75064283617955
               104.1     7.91835383016986
               104.2     7.93922992912951
               104.3     7.81543090147321
               104.4     7.58772339850678
               104.5     7.33239791126165
               104.6     7.14608639302714
               104.7     7.10831177946649
               104.8     7.23712339971733
               104.9     7.47842149913057
                 105     7.74085676237672
               105.1     7.94033676969421
               105.2     8.02405892609373
               105.3     7.97589295564787
               105.4     7.81538719024649
               105.5      7.5955197809672
               105.6     7.39449423762761
               105.7     7.29235040503327
               105.8     7.33393981815961
               105.9     7.50332586732312
                 106     7.73464461242499
               106.1     7.94824755035363
               106.2     8.08156000068251
               106.3     8.10242273170607
               106.4     8.01134246777362
               106.5     7.84017410363611
               106.6     7.64760714490597
               106.7     7.50556848997539
               106.8     7.47247625155078
               106.9     7.56406754028092
                 107     7.74508179851517
               107.1     7.94981787193383
               107.2     8.11269329719734
               107.3      8.1888117537882
               107.4     8.16161385207176
               107.5     8.04372860086551
               107.6     7.87474589539432
               107.7     7.71382652757418
               107.8      7.6223952406224
               107.9     7.63843744083771
                 108     7.75716714659155
               108.1     7.93437031230051
               108.2     8.10933685026475
               108.3     8.22910145169808
               108.4     8.26237664319591
               108.5     8.20413482272848
               108.6     8.07544477779194
               108.7      7.9197965884313
               108.8     7.79303503360141
               108.9     7.74446404293531
                 109      7.7949022952879
               109.1     7.92631039010082
               109.2     8.09174463422708
               109.3     8.23713760914505
               109.4     8.32011901508951
               109.5     8.31972463603531
               109.6     8.23921640313001
               109.7     8.10508812239313
               109.8     7.96202506549359
               109.9     7.86108616765603
                 110     7.84094829606181
               110.1     7.91025461287597
               110.2     8.04359696000789
               110.3     8.19443616929644
               110.4     8.31477983625715
               110.5      8.3702040737466
               110.6     8.34705230010028
               110.7     8.25419004911842
               110.8     8.12125934879079
               110.9      7.9924782642108
                 111      7.9138383453461
               111.1     7.91534815049833
               111.2     7.99722100579063
               111.3     8.13005155661364
               111.4     8.26880021063911
               111.5     8.37037315291779
               111.6     8.40599517395668
               111.7     8.36683731426976
               111.8     8.26511325634342
               111.9     8.13185682545958
                 112     8.01012774160092
               112.1     7.94203332757903
               112.2      7.9521890700102
               112.3       8.036457775688
               112.4      8.1641750395967
               112.5      8.2920907244725
               112.6     8.38040762125089
               112.7     8.40365947944263
               112.8     8.35556075048285
               112.9     8.24980391641168
                 113     8.11762770322926
               113.1     8.00083612172454
               113.2     7.93900563001175
               113.3     7.95389035757284
               113.4     8.03953261755609
               113.5     8.16522978432108
               113.6     8.28905052185946
               113.7     8.37287162054271
               113.8     8.39246894332913
               113.9     8.34202246273992
                 114     8.23486859333254
               114.1     8.10122082141578
               114.2     7.98159901281152
               114.3     7.91473968716023
               114.4     7.92268179338457
               114.5     8.00093023705863
               114.6     8.12067063127806
               114.7     8.24133525888366
               114.8     8.32514192566326
               114.9     8.34718526815981
                 115     8.30015428574427
               115.1     8.19536485192378
               115.2     8.06093763818187
               115.3     7.93603252319628
               115.4     7.85975443956694
               115.5     7.85667343235851
               115.6      7.9260975702312
               115.7     8.04246537668135
               115.8     8.16653432666577
               115.9     8.25972284742037
                 116     8.29473407520459
               116.1     8.26085927344969
               116.2     8.16548757633601
               116.3      8.0329605044084
               116.4     7.90005351269223
               116.5     7.80651821435862
               116.6      7.7814250799213
               116.7      7.8310468119174
               116.8     7.93607888805528
               116.9     8.06023456043743
                 117      8.1641262513431
               117.1     8.21692077104479
               117.2     8.20284740548657
               117.3     8.12357251310908
               117.4     7.99792034719594
               117.5     7.85881061316362
               117.6     7.74588516253735
               117.7     7.69331007881101
               117.8     7.71650746120397
               117.9     7.80541282352808
                 118     7.92906141635371
               118.1     8.04813309631793
               118.2     8.12774176055057
               118.3     8.14569491758006
               118.4     8.09612586016556
               118.5     7.99015327620875
               118.6      7.8542380789262
               118.7     7.72522187724034
               118.8     7.64070494158436
               118.9     7.62609240574639
                 119     7.68416799686389
               119.1     7.79397502023601
               119.2     7.91979430895878
               119.3     8.02410875539892
               119.4     8.07800635651161
               119.5      8.0668181533988
               119.6      7.9920969281376
               119.7      7.8712996113483
               119.8     7.73508675098652
               119.9     7.62089407220358
                 120     7.56215678339924
               120.1     7.57610043013619
               120.2     7.65661222634096
               120.3     7.77704557699263
               120.4     7.90093410989663
               120.5     7.99396126335247
               120.6     8.03228786318331
               120.7     8.00653105130628
               120.8     7.92279141776468
               120.9     7.80167820006733
                 121     7.67485796663052
               121.1     7.57789948781807
               121.2     7.53955400180533
               121.3     7.57113327866097
               121.4     7.66198535076913
               121.5     7.78412385969554
               121.6     7.90282856212124
               121.7     7.98719044180325
               121.8      8.0169775915761
               121.9      7.9857180458932
                 122     7.90128416660293
               122.1     7.78464295023181
               122.2     7.66622478976106
               122.3     7.57893391596239
               122.4     7.54829137296682
               122.5     7.58325690338434
               122.6     7.67286065130592
               122.7     7.79084125074462
               122.8     7.90524102731364
               122.9     7.98778445330308
                 123     8.02000041146538
               123.1     7.99598659857657
               123.2     7.92287719157756
               123.3     7.81958787674525
               123.4     7.71345000320336
               123.5     7.63403601293911
               123.6     7.60466514156348
               123.7      7.6344667082802
               123.8      7.7151507862032
               123.9     7.82446168286484
                 124     7.93413758631305
               124.1     8.01817913424606
               124.2     8.05861403319781
               124.3     8.04833057297042
               124.4     7.99173688377745
               124.5     7.90381697767852
               124.6     7.80745060782121
               124.7     7.72853343083549
               124.8     7.68913892716075
               124.9     7.70064312353692
                 125     7.75996275207911
               125.1     7.85100539808543
               125.2     7.95044862305902
               125.3      8.0347969738938
               125.4     8.08601026347581
               125.5     8.09473198895445
               125.6     8.06142389540878
               125.7      7.9959284674394
               125.8     7.91558380915007
               125.9     7.84168469286908
                 126     7.79435608637714
               126.1     7.78690532638003
               126.2     7.82176363904509
               126.3     7.88997759481197
               126.4     7.97448569162646
               126.5     8.05546627888346
               126.6     8.11549212788832
               126.7     8.14310582840413
               126.8     8.13456916992934
               126.9     8.09409111235621
                 127     8.03279350123437
               127.1      7.9664425322141
               127.2     7.91197370069911
               127.3     7.88328045156504
               127.4     7.88742927856426
               127.5      7.9227722310941
               127.6     7.97979822025627
               127.7     8.04427839847361
               127.8     8.10130696857138
               127.9     8.13884241627045
                 128     8.15001129098668
               128.1     8.13407208537506
               128.2     8.09620426017862
               128.3      8.0462696213421
               128.4     7.99664753252416
               128.5     7.95937996414877
               128.6     7.94319847641443
               128.7     7.95131234674205
               128.8      7.9807627509205
               128.9     8.02357233423134
                 129     8.06917527763224
               129.1     8.10720336553171
               129.2     8.12981072311641
               129.3      8.1331099562179
               129.4     8.11763954365109
               129.5     8.08794840155118
               129.6     8.05142805084428
               129.7     8.01657175333159
               129.8     7.99096612297617
               129.9     7.97948124943797
                 130     7.98317905112272
               130.1      7.9992831714276
               130.2     8.02218368006606
               130.3     8.04508839697475
               130.4      8.0617781867089
               130.5     8.06800747286245
               130.6     8.06229356622728
               130.7     8.04602568347704
               130.8     8.02294598939703
               130.9     7.99813594799752
                 131     7.97672212915506
               131.1     7.96259829520638
               131.2     7.95749647027578
               131.3     7.96066892496793
               131.4      7.9692589461273
               131.5     7.97921505368396
               131.6     7.98644777395861
               131.7     7.98789878759011
               131.8     7.98226774997389
               131.9     7.97025943935472
                 132     7.95432569605602
               132.1     7.93797279455592
               132.2     7.92479405950322
               132.3     7.91746538278826
               132.4     7.91697659456828
               132.5     7.92232564992229
               132.6     7.93076919713137
               132.7     7.93855037139236
               132.8     7.94188859340174
               132.9      7.9379668488681
                 133     7.92568451709777
               133.1     7.90601760932168
               133.2     7.88190754913848
               133.3     7.85767717461025
               133.4     7.83806167234172
               133.5     7.82704766984146
               133.6     7.82680697587284
               133.7     7.83703386089975
               133.8     7.85490109161254
               133.9     7.87565991147676
                 134     7.89371029846457
               134.1     7.90385346781552
               134.2     7.90243927627695
               134.3     7.88819588106954
               134.4     7.86261367736272
               134.5     7.82981505761433
               134.6     7.79588664847727
               134.7      7.7677199276626
               134.8     7.75152762945723
               134.9     7.75135412839187
                 135     7.76799194184593
               135.1     7.79865511583235
               135.2     7.83752746902468
               135.3     7.87701007466278
               135.4     7.90929817277951
               135.5     7.92790241796172
               135.6     7.92884475820747
               135.7     7.91139667006038
               135.8     7.87830944158076
               135.9     7.83550442126226
                 136     7.79119238919319
               136.1     7.75444239933077
               136.2     7.73336470193054
               136.3     7.73327889578811
               136.4     7.75538261277622
               136.5     7.79636881216289
               136.6     7.84913140289404
               136.7     7.90430978045756
               136.8     7.95218389835196
               136.9     7.98444563822165
                 137     7.99555526877147
               137.1     7.98358513893155
               137.2     7.95055379787508
               137.3     7.90225407851433
               137.4     7.84753414354654
               137.5      7.7969822201604
               137.6     7.76106605080589
               137.7     7.74800140335631
               137.8     7.76187274965648
               137.9       7.801609810791
                 138     7.86119396685461
               138.1     7.93101135535589
               138.2     7.99986660788243
               138.3     8.05705589849915
               138.4     8.09406372469558
               138.5     8.10571102632907
               138.6     8.09077049629831
               138.7     8.05211880772237
               138.8     7.99644885144065
               138.9     7.93349086111703
                 139     7.87466974532922
               139.1     7.83122429441608
               139.2     7.81204424188056
               139.3     7.82174435848206
               139.4     7.85959113413574
               139.5     7.91967446557002
               139.6     7.99225135582963
               139.7     8.06577003465609
               139.8     8.12895816923298
               139.9     8.17252811752015
                 140     8.19032819869203
               140.1     8.17997237138472
               140.2     8.14304736176219
               140.3     8.08495583933275
               140.4     8.01437132496336
               140.5      7.9422231851092
               140.6     7.88016125202883
               140.7     7.83860692289059
               140.8     7.82474551514475
               140.9      7.8410111947343
                 141     7.88457767260618
               141.1     7.94803894864352
               141.2     8.02101896949265
               141.3     8.09216477590269
               141.4     8.15099122874352
               141.5     8.18926684008671
               141.6     8.20187420491217
               141.7     8.18722200767249
               141.8     8.14731033871368
               141.9     8.08749965101712
                 142     8.01596179489654
               142.1     7.94275012822045
               142.2     7.87845795785931
               142.3      7.8325619325274
               142.4     7.81173664565154
               142.5     7.81857260056045
               142.6     7.85110112716552
               142.7     7.90328595297036
               142.8     7.96630166293291
               142.9     8.03018389776753
                 143     8.08541789722539
               143.1      8.1241840304906
               143.2     8.14117068511555
               143.3     8.13399525359631
               143.4     8.10331558234831
               143.5     8.05269090962729
               143.6     7.98820225378942
               143.7      7.9178038403283
               143.8     7.85037923089946
               143.9     7.79453672884229
                 144     7.75729103897451
               144.1     7.74289399752811
               144.2      7.7521180321883
               144.3     7.78220422725514
               144.4     7.82748485401652
               144.5     7.88048124351056
               144.6     7.93317061408293
               144.7     7.97814331043652
               144.8     8.00948455807883
               144.9     8.02333440968145
                 145     8.01815540354453
               145.1     7.99476037940378
               145.2     7.95613982820157
               145.3     7.90710326143841
               145.4     7.85373373192844
               145.5     7.80266382483887
               145.6     7.76022042276327
               145.7     7.73154441375516
               145.8     7.71984278773142
               145.9     7.72593869874838
                 146     7.74822909479872
               146.1     7.78305378959981
               146.2     7.82537091880139
               146.3     7.86957040349487
               146.4     7.91025864142409
               146.5      7.9428973039193
               146.6     7.96424282539767
               146.7     7.97258325345611
               146.8      7.9677949677597
               146.9     7.95124709375533
                 147     7.92557644575201
               147.1     7.89435090333786
               147.2     7.86164144367965
               147.3     7.83153503084334
               147.4     7.80763898059938
               147.5     7.79264382259738
               147.6     7.78801535384497
               147.7     7.79387011990653
               147.8     7.80905332863367
               147.9     7.83139527172011
                 148     7.85808713735177
               148.1     7.88610103480187
               148.2       7.912584045987
               148.3     7.93517551416245
               148.4     7.95222065838774
               148.5     7.96287411685101
               148.6     7.96710079813615
               148.7      7.9655889856448
               148.8      7.9595944545746
               148.9     7.95073689478087
                 149     7.94077248745304
               149.1     7.93136882514878
               149.2     7.92390906658107
               149.3      7.9193495274871
               149.4     7.91814782778935
               149.5     7.92026780129437
               149.6     7.92525480818337
               149.7     7.93236388932034
               149.8     7.94071598343071
               149.9     7.94945542480076
                 150     7.95788475668651
               150.1     7.96555902640401
               150.2      7.9723293832568
               150.3     7.97833357002804
               150.4     7.98393797763444
               150.5     7.98964195443358
               150.6      7.9959597664142
               150.7     8.00329858824698
               150.8     8.01185161223089
               150.9     8.02152332879313
                 151     8.03189924292844
               151.1     8.04226542077698
               151.2     8.05167561469177
               151.3     8.05905684434851
               151.4     8.06333947906996
               151.5     8.06359564024836
               151.6     8.05916990671557
               151.7     8.04978810290847
               151.8     8.03563249871642
               151.9     8.01737443678422
                 152     7.99615809853451
               152.1     7.97353217268363
               152.2     7.95133020589545
               152.3     7.93150587814895
               152.4      7.9159362703813
               152.5     7.90621338342675
               152.6      7.9034498152631
               152.7     7.90812630524094
               152.8      7.9200051032745
               152.9     7.93812374326942
                 153     7.96087078353943
               153.1     7.98613189371751
               153.2     8.01148486273569
               153.3     8.03441783568915
               153.4     8.05254642867146
               153.5     8.06381062572578
               153.6     8.06663906616033
               153.7     8.06007427728069
               153.8     8.04385626611948
               153.9     8.01846332597857
                 154     7.98510843316172
               154.1     7.94568825266767
               154.2     7.90268089742398
               154.3     7.85898962992262
               154.4      7.8177338411755
               154.5     7.78199632278722
               154.6     7.75454616901508
               154.7     7.73756705422041
               154.8     7.73242730082556
               154.9     7.73952734236658
                 155     7.75825018322745
               155.1     7.78702301087855
               155.2     7.82347820792481
               155.3     7.86468576138997
               155.4     7.90742094943929
               155.5     7.94843224310063
               155.6     7.98468234490951
               155.7     8.01354628750223
               155.8     8.03296084783609
               155.9     8.04152689674275
                 156     8.03856997846317
               156.1     8.02416483201004
               156.2     7.99912773352366
               156.3     7.96497762172921
               156.4     7.92386410105605
               156.5     7.87845866193578
               156.6     7.83180578125982
               156.7     7.78713369884344
               156.8     7.74763079764967
               156.9     7.71620189450396
                 157     7.69522742526053
               157.1     7.68635456564012
               157.2     7.69034979732047
               157.3     7.70703568421599
               157.4     7.73532154040254
               157.5     7.77332168882553
               157.6     7.81854082793275
               157.7      7.8680975637644
               157.8     7.91895599420953
               157.9     7.96814028403077
                 158     8.01291570160451
               158.1     8.05092860009566
               158.2     8.08030513067618
               158.3     8.09971308181921
               158.4     8.10839316165413
               158.5     8.10616587337158
               158.6     8.09341865530454
               158.7     8.07107589408526
               158.8     8.04055236261189
               158.9      8.0036890511439
                 159     7.96266962801542
               159.1     7.91991618545235
               159.2     7.87796466958161
               159.3     7.83932340826443
               159.4     7.80632203581692
               159.5     7.78096206400418
               159.6     7.76478324279618
               159.7     7.75876054697447
               159.8     7.76324438107932
               159.9     7.77795148810769
                 160     7.80200708400821
               160.1     7.83403158714659
               160.2     7.87225970643841
               160.3     7.91467677755059
               160.4     7.95915737025016
               160.5     8.00359375151074
               160.6     8.04600570231058
               160.7     8.08462732601402
               160.8     8.11797000885426
               160.9     8.14486316489573
                 161     8.16447575436518
               161.1     8.17632198204634
               161.2     8.18025434386259
               161.3     8.17644658389924
               161.4      8.1653683940714
               161.5     8.14775301533698
               161.6     8.12455840533545
               161.7     8.09692239687071
               161.8     8.06611231815429
               161.9     8.03346987323243
                 162     8.00035264110113
               162.1     7.96807425046825
               162.2     7.93784598708174
               162.3     7.91072312771831
               162.4     7.88755950703846
               162.5     7.86897359004923
               162.6     7.85532860383521
               162.7     7.84672814140144
               162.8     7.84302725118509
               162.9     7.84385759578005
                 163     7.84866403855096
               163.1      7.8567491824949
               163.2     7.86732203549254
               163.3     7.87954710012442
               163.4     7.89259068906768
               163.5     7.90566200479183
               163.6     7.91804734330246
               163.7     7.92913655959482
               163.8     7.93844158351397
               163.9     7.94560726076071
                 164     7.95041511477914
               164.1      7.9527808066505
               164.2     7.95274614984237
               164.3     7.95046655454298
               164.4     7.94619476673854
               164.5     7.94026175501391
               164.6     7.93305559703426
               164.7     7.92499923072657
               164.8     7.91652795600712
               164.9     7.90806758851969
                 165     7.90001416089067
               165.1     7.89271602343956
               165.2     7.88645910311282
               165.3     7.88145593173799
               165.4     7.87783885656047
               165.5     7.87565761048887
               165.6     7.87488116683293
               165.7     7.87540355778953
               165.8     7.87705312144385
               165.9     7.87960447821605
                 166     7.88279243673105
               166.1     7.88632699450005
               166.2     7.88990862561695
               166.3     7.89324312441359
               166.4     7.89605538528473
               166.5     7.89810162837017
               166.6     7.89917971360771
               166.7      7.8991373102335
               166.8     7.89787779747505
               166.9     7.89536386142831
                 167     7.89161882285043
               167.1      7.8867257834025
               167.2     7.88082471783753
               167.3      7.8741076715086
               167.4     7.86681225081584
               167.5     7.85921362239239
               167.6     7.85161526706511
               167.7     7.84433876738297
               167.8     7.83771294143916
               167.9     7.83206266791361
                 168     7.82769777353251
               168.1     7.82490236966053
               168.2     7.82392502476942
               168.3     7.82497014024264
               168.4      7.8281908562655
               168.5     7.83368375258135
               168.6     7.84148552840052
               168.7     7.85157175187932
               168.8     7.86385766938472
               168.9     7.87820096624226
                 169     7.89440628181344
               169.1     7.91223120938802
               169.2     7.93139346041095
               169.3     7.95157884538513
               169.4     7.97244972028095
               169.5     7.99365356498783
               169.6     8.01483139516991
               169.7     8.03562575569727
               169.8     8.05568809728083
               169.9     8.07468539303076
                 170     8.09230590424711
               170.1     8.10826405170598
               170.2     8.12230438810499
               170.3     8.13420469823347
               170.4     8.14377827582268
               170.5     8.15087544051632
               170.6     8.15538436603654
               170.7     8.15723129267205
               170.8     8.15638019503559
               170.9     8.15283197091191
                 171     8.14662321012474
               171.1      8.1378245946877
               171.2     8.12653897389363
               171.3     8.11289915109558
               171.4      8.0970654132045
               171.5     8.07922282970567
               171.6     8.05957834546627
               171.7     8.03835769083271
               171.8     8.01580213344581
               171.9     7.99216509867787
                 172     7.96770868936794
               172.1      7.9427001402454
               172.2     7.91740824767185
               172.3     7.89209982061573
               172.4     7.86703620356809
               172.5      7.8424699259141
               172.6     7.81864153456323
               172.7     7.79577666701574
               172.8     7.77408342016044
               172.9     7.75375006579466
                 173     7.73494315712111
               173.1     7.71780606147025
               173.2     7.70245794357568
               173.3     7.68899321139171
               173.4      7.6774814233086
               173.5     7.66796764238132
               173.6     7.66047321055362
               173.7     7.65499690446823
               173.8     7.65151642491532
               173.9     7.64999016463866
                 174     7.65035919443292
               174.1     7.65254940523985
               174.2      7.6564737442552
               174.3     7.66203448563488
               174.4     7.66912548091474
               174.5     7.67763434030818
               174.6     7.68744450316884
               174.7     7.69843716365514
               174.8     7.71049302558291
               174.9     7.72349386822742
                 175     7.73732391215851
               175.1     7.75187098080406
               175.2     7.76702745922714
               175.3     7.78269105644163
               175.4     7.79876538150966
               175.5     7.81516034664151
               175.6      7.8317924126439
               175.7     7.84858469341256
               175.8     7.86546693684943
               175.9     7.88237539969161
                 176      7.8992526333966
               176.1     7.91604719752906
               176.2     7.93271331611404
               176.3     7.94921049127235
               176.4      7.9655030871674
               176.5      7.9815598959566
               176.6     7.99735369607674
               176.7     8.01286081186036
               176.8     8.02806068216936
               176.9     8.04293544451437
                 177     8.05746953995705
               177.1     8.07164934303253
               177.2     8.08546281993483
               177.3     8.09889921732154
               177.4     8.11194878328735
               177.5     8.12460252133159
               177.6     8.13685197752635
               177.7     8.14868906051172
               177.8     8.16010589348849
               177.9     8.17109469694896
                 178     8.18164770054648
               178.1     8.19175708222618
               178.2     8.20141493249389
               178.3     8.21061324153884
               178.4     8.21934390678659
               178.5     8.22759875837403
               178.6      8.2353695999917
               178.7     8.24264826253188
               178.8     8.24942666799704
               178.9     8.25569690117892
                 179     8.26145128669418
               179.1     8.26668246906477
               179.2     8.27138349365524
               179.3     8.27554788641119
               179.4     8.27916973050459
               179.5     8.28224373815904
               179.6     8.28476531610862
               179.7     8.28673062332234
               179.8      8.2881366198439
               179.9      8.2889811057803
                 180     8.28926274968874
