M4_HWBC_MS_AS_E30_F3.txt
NTNU&FFI
Method: IGA BEM CCBIE with 6336 elements (7772 degrees of freedom) and NURBS degree 4. Computational time for system assembly (4x6-core Xeon 2.67 GHz): 3.128 hours.
0, 360
30
3000
3601
     0,     23.33610255 
   0.1,     23.32395034 
   0.2,     23.30430458 
   0.3,      23.2771176 
   0.4,     23.24233493 
   0.5,     23.19989519 
   0.6,     23.14972992 
   0.7,      23.0917634 
   0.8,     23.02591251 
   0.9,     22.95208644 
     1,     22.87018651 
   1.1,     22.78010587 
   1.2,     22.68172927 
   1.3,      22.5749327 
   1.4,     22.45958314 
   1.5,     22.33553817 
   1.6,     22.20264572 
   1.7,     22.06074365 
   1.8,     21.90965947 
   1.9,     21.74921002 
     2,      21.5792012 
   2.1,     21.39942771 
   2.2,     21.20967295 
   2.3,     21.00970896 
   2.4,     20.79929653 
   2.5,     20.57818556 
   2.6,     20.34611569 
   2.7,     20.10281728 
   2.8,     19.84801302 
   2.9,      19.5814201 
     3,      19.3027534 
   3.1,     19.01172981 
   3.2,      18.7080742 
   3.3,     18.39152735 
   3.4,     18.06185671 
   3.5,     17.71887056 
   3.6,     17.36243676 
   3.7,     16.99250742 
   3.8,     16.60915101 
   3.9,     16.21259406 
     4,     15.80327478 
   4.1,     15.38191128 
   4.2,     14.94958717 
   4.3,     14.50785686 
   4.4,     14.05887154 
   4.5,     13.60552393 
   4.6,     13.15160438 
   4.7,     12.70195206 
   4.8,     12.26257218 
   4.9,     11.84067407 
     5,     11.44456979 
   5.1,     11.08336709 
   5.2,     10.76640746 
   5.3,     10.50245144 
   5.4,     10.29870042 
   5.5,     10.15983971 
   5.6,      10.0873422 
   5.7,     10.07923569 
   5.8,     10.13040676 
   5.9,     10.23334673 
     6,     10.37912561 
   6.1,     10.55835778 
   6.2,     10.76198617 
   6.3,     10.98180908 
   6.4,     11.21075665 
   6.5,     11.44297031 
   6.6,     11.67375175 
   6.7,     11.89943982 
   6.8,     12.11725847 
   6.9,     12.32516269 
     7,     12.52169738 
   7.1,     12.70587568 
   7.2,     12.87707803 
   7.3,     13.03497092 
   7.4,     13.17944278 
   7.5,     13.31055426 
   7.6,     13.42850033 
   7.7,     13.53358177 
   7.8,     13.62618408 
   7.9,     13.70676227 
     8,     13.77583016 
   8.1,     13.83395313 
   8.2,     13.88174354 
   8.3,     13.91985804 
   8.4,     13.94899632 
   8.5,     13.96990068 
   8.6,       13.983356 
   8.7,      13.9901899 
   8.8,     13.99127231 
   8.9,     13.98751452 
     9,     13.97986704 
   9.1,     13.96931598 
   9.2,     13.95687776 
   9.3,     13.94359172 
   9.4,     13.93051049 
   9.5,     13.91868813 
   9.6,     13.90916589 
   9.7,       13.902956 
   9.8,     13.90102387 
   9.9,     13.90426921 
    10,     13.91350696 
  10.1,     13.92944903 
  10.2,     13.95268764 
  10.3,     13.98368158 
  10.4,     14.02274601 
  10.5,     14.07004666 
  10.6,     14.12559888 
  10.7,      14.1892715 
  10.8,      14.2607954 
  10.9,      14.3397762 
    11,     14.42571024 
  11.1,     14.51800292 
  11.2,     14.61598839 
  11.3,     14.71894954 
  11.4,     14.82613746 
  11.5,     14.93678962 
  11.6,     15.05014618 
  11.7,     15.16546419 
  11.8,     15.28202935 
  11.9,     15.39916551 
    12,     15.51624183 
  12.1,     15.63267792 
  12.2,     15.74794719 
  12.3,     15.86157859 
  12.4,      15.9731571 
  12.5,     16.08232323 
  12.6,     16.18877171 
  12.7,     16.29224959 
  12.8,     16.39255399 
  12.9,     16.48952952 
    13,     16.58306558 
  13.1,     16.67309365 
  13.2,     16.75958443 
  13.3,      16.8425452 
  13.4,     16.92201707 
  13.5,     16.99807241 
  13.6,     17.07081232 
  13.7,     17.14036411 
  13.8,     17.20687897 
  13.9,     17.27052949 
    14,     17.33150738 
  14.1,     17.39002104 
  14.2,     17.44629322 
  14.3,     17.50055861 
  14.4,     17.55306138 
  14.5,     17.60405269 
  14.6,     17.65378817 
  14.7,     17.70252533 
  14.8,     17.75052096 
  14.9,     17.79802851 
    15,     17.84529551 
  15.1,     17.89256104 
  15.2,     17.94005319 
  15.3,     17.98798678 
  15.4,     18.03656117 
  15.5,     18.08595822 
  15.6,     18.13634063 
  15.7,     18.18785039 
  15.8,     18.24060773 
  15.9,     18.29471023 
    16,     18.35023241 
  16.1,     18.40722566 
  16.2,     18.46571845 
  16.3,     18.52571703 
  16.4,     18.58720634 
  16.5,     18.65015127 
  16.6,     18.71449821 
  16.7,     18.78017677 
  16.8,     18.84710173 
  16.9,     18.91517503 
    17,     18.98428796 
  17.1,     19.05432329 
  17.2,     19.12515743 
  17.3,     19.19666248 
  17.4,     19.26870831 
  17.5,     19.34116436 
  17.6,     19.41390146 
  17.7,     19.48679336 
  17.8,     19.55971814 
  17.9,     19.63255945 
    18,     19.70520756 
  18.1,     19.77756016 
  18.2,     19.84952309 
  18.3,     19.92101078 
  18.4,     19.99194665 
  18.5,     20.06226322 
  18.6,     20.13190218 
  18.7,     20.20081427 
  18.8,     20.26895911 
  18.9,     20.33630483 
    19,     20.40282766 
  19.1,     20.46851147 
  19.2,      20.5333472 
  19.3,     20.59733223 
  19.4,     20.66046969 
  19.5,     20.72276784 
  19.6,     20.78423927 
  19.7,     20.84490022 
  19.8,     20.90476979 
  19.9,     20.96386925 
    20,      21.0222213 
  20.1,     21.07984935 
  20.2,     21.13677685 
  20.3,     21.19302669 
  20.4,     21.24862055 
  20.5,     21.30357837 
  20.6,     21.35791785 
  20.7,     21.41165405 
  20.8,     21.46479892 
  20.9,     21.51736109 
    21,     21.56934553 
  21.1,     21.62075342 
  21.2,     21.67158203 
  21.3,     21.72182463 
  21.4,     21.77147054 
  21.5,     21.82050516 
  21.6,     21.86891017 
  21.7,     21.91666363 
  21.8,     21.96374026 
  21.9,     22.01011174 
    22,     22.05574697 
  22.1,     22.10061244 
  22.2,     22.14467264 
  22.3,     22.18789043 
  22.4,     22.23022745 
  22.5,     22.27164458 
  22.6,     22.31210235 
  22.7,     22.35156136 
  22.8,     22.38998276 
  22.9,     22.42732865 
    23,     22.46356246 
  23.1,      22.4986494 
  23.2,     22.53255682 
  23.3,     22.56525457 
  23.4,     22.59671533 
  23.5,     22.62691497 
  23.6,     22.65583278 
  23.7,     22.68345181 
  23.8,     22.70975905 
  23.9,     22.73474568 
    24,     22.75840726 
  24.1,     22.78074389 
  24.2,     22.80176035 
  24.3,      22.8214662 
  24.4,     22.83987592 
  24.5,     22.85700887 
  24.6,     22.87288945 
  24.7,       22.887547 
  24.8,     22.90101587 
  24.9,     22.91333531 
    25,     22.92454947 
  25.1,     22.93470728 
  25.2,      22.9438623 
  25.3,     22.95207264 
  25.4,     22.95940076 
  25.5,     22.96591329 
  25.6,     22.97168079 
  25.7,     22.97677751 
  25.8,     22.98128115 
  25.9,     22.98527251 
    26,     22.98883522 
  26.1,     22.99205534 
  26.2,     22.99502104 
  26.3,     22.99782215 
  26.4,     23.00054979 
  26.5,     23.00329589 
  26.6,     23.00615277 
  26.7,     23.00921264 
  26.8,     23.01256714 
  26.9,     23.01630682 
    27,     23.02052066 
  27.1,     23.02529558 
  27.2,     23.03071588 
  27.3,     23.03686285 
  27.4,     23.04381418 
  27.5,     23.05164357 
  27.6,     23.06042029 
  27.7,     23.07020869 
  27.8,     23.08106792 
  27.9,      23.0930515 
    28,     23.10620703 
  28.1,     23.12057595 
  28.2,     23.13619329 
  28.3,     23.15308751 
  28.4,     23.17128038 
  28.5,     23.19078691 
  28.6,     23.21161531 
  28.7,     23.23376705 
  28.8,     23.25723695 
  28.9,     23.28201328 
    29,     23.30807797 
  29.1,      23.3354068 
  29.2,     23.36396969 
  29.3,       23.393731 
  29.4,     23.42464983 
  29.5,      23.4566804 
  29.6,      23.4897724 
  29.7,     23.52387144 
  29.8,     23.55891939 
  29.9,     23.59485483 
    30,     23.63161347 
  30.1,     23.66912856 
  30.2,      23.7073313 
  30.3,     23.74615127 
  30.4,     23.78551677 
  30.5,     23.82535526 
  30.6,      23.8655937 
  30.7,     23.90615888 
  30.8,     23.94697778 
  30.9,     23.98797786 
    31,     24.02908735 
  31.1,      24.0702355 
  31.2,     24.11135286 
  31.3,     24.15237147 
  31.4,     24.19322508 
  31.5,     24.23384932 
  31.6,     24.27418187 
  31.7,     24.31416261 
  31.8,     24.35373374 
  31.9,     24.39283987 
    32,     24.43142815 
  32.1,     24.46944835 
  32.2,     24.50685286 
  32.3,     24.54359686 
  32.4,     24.57963825 
  32.5,     24.61493774 
  32.6,     24.64945889 
  32.7,     24.68316807 
  32.8,     24.71603453 
  32.9,     24.74803033 
    33,     24.77913042 
  33.1,     24.80931254 
  33.2,     24.83855729 
  33.3,     24.86684802 
  33.4,     24.89417088 
  33.5,     24.92051476 
  33.6,     24.94587126 
  33.7,     24.97023463 
  33.8,     24.99360178 
  33.9,     25.01597219 
    34,     25.03734788 
  34.1,     25.05773338 
  34.2,     25.07713563 
  34.3,     25.09556397 
  34.4,     25.11303006 
  34.5,     25.12954778 
  34.6,     25.14513323 
  34.7,     25.15980463 
  34.8,     25.17358219 
  34.9,     25.18648813 
    35,      25.1985465 
  35.1,     25.20978315 
  35.2,     25.22022562 
  35.3,     25.22990303 
  35.4,       25.238846 
  35.5,     25.24708652 
  35.6,     25.25465784 
  35.7,     25.26159438 
  35.8,     25.26793157 
  35.9,     25.27370578 
    36,     25.27895412 
  36.1,     25.28371438 
  36.2,     25.28802486 
  36.3,     25.29192422 
  36.4,     25.29545139 
  36.5,     25.29864538 
  36.6,     25.30154516 
  36.7,     25.30418954 
  36.8,     25.30661699 
  36.9,     25.30886553 
    37,      25.3109726 
  37.1,     25.31297488 
  37.2,     25.31490821 
  37.3,     25.31680745 
  37.4,     25.31870634 
  37.5,     25.32063742 
  37.6,     25.32263188 
  37.7,     25.32471949 
  37.8,      25.3269285 
  37.9,     25.32928555 
    38,     25.33181559 
  38.1,     25.33454184 
  38.2,     25.33748569 
  38.3,     25.34066668 
  38.4,     25.34410248 
  38.5,     25.34780883 
  38.6,     25.35179951 
  38.7,     25.35608641 
  38.8,     25.36067942 
  38.9,     25.36558656 
    39,      25.3708139 
  39.1,     25.37636566 
  39.2,      25.3822442 
  39.3,     25.38845009 
  39.4,     25.39498215 
  39.5,     25.40183751 
  39.6,      25.4090117 
  39.7,     25.41649864 
  39.8,     25.42429081 
  39.9,     25.43237924 
    40,     25.44075364 
  40.1,     25.44940245 
  40.2,     25.45831294 
  40.3,     25.46747127 
  40.4,     25.47686258 
  40.5,     25.48647108 
  40.6,     25.49628012 
  40.7,     25.50627225 
  40.8,     25.51642934 
  40.9,     25.52673261 
    41,     25.53716275 
  41.1,     25.54769993 
  41.2,     25.55832394 
  41.3,      25.5690142 
  41.4,     25.57974985 
  41.5,     25.59050981 
  41.6,     25.60127284 
  41.7,     25.61201759 
  41.8,     25.62272268 
  41.9,     25.63336671 
    42,     25.64392837 
  42.1,     25.65438643 
  42.2,     25.66471983 
  42.3,     25.67490773 
  42.4,     25.68492952 
  42.5,      25.6947649 
  42.6,     25.70439391 
  42.7,     25.71379698 
  42.8,     25.72295495 
  42.9,     25.73184914 
    43,     25.74046138 
  43.1,     25.74877403 
  43.2,     25.75677005 
  43.3,     25.76443302 
  43.4,     25.77174716 
  43.5,     25.77869741 
  43.6,     25.78526941 
  43.7,     25.79144958 
  43.8,      25.7972251 
  43.9,     25.80258402 
    44,     25.80751518 
  44.1,     25.81200834 
  44.2,     25.81605413 
  44.3,     25.81964411 
  44.4,      25.8227708 
  44.5,     25.82542766 
  44.6,     25.82760913 
  44.7,     25.82931065 
  44.8,     25.83052865 
  44.9,     25.83126058 
    45,     25.83150491 
  45.1,     25.83126112 
  45.2,     25.83052973 
  45.3,     25.82931227 
  45.4,      25.8276113 
  45.5,     25.82543038 
  45.6,     25.82277406 
  45.7,     25.81964792 
  45.8,     25.81605849 
  45.9,     25.81201325 
    46,     25.80752065 
  46.1,     25.80259005 
  46.2,      25.7972317 
  46.3,     25.79145674 
  46.4,     25.78527714 
  46.5,     25.77870571 
  46.6,     25.77175604 
  46.7,     25.76444247 
  46.8,     25.75678008 
  46.9,     25.74878463 
    47,     25.74047255 
  47.1,     25.73186088 
  47.2,     25.72296726 
  47.3,     25.71380985 
  47.4,     25.70440734 
  47.5,     25.69477889 
  47.6,     25.68494405 
  47.7,      25.6749228 
  47.8,     25.66473542 
  47.9,     25.65440253 
    48,     25.64394498 
  48.1,      25.6333838 
  48.2,     25.62274024 
  48.3,     25.61203559 
  48.4,     25.60129127 
  48.5,     25.59052864 
  48.6,     25.57976906 
  48.7,     25.56903376 
  48.8,     25.55834383 
  48.9,     25.54772012 
    49,      25.5371832 
  49.1,     25.52675329 
  49.2,     25.51645022 
  49.3,      25.5062933 
  49.4,     25.49630129 
  49.5,     25.48649235 
  49.6,      25.4768839 
  49.7,      25.4674926 
  49.8,     25.45833425 
  49.9,      25.4494237 
    50,     25.44077478 
  50.1,     25.43240023 
  50.2,     25.42431162 
  50.3,     25.41651923 
  50.4,     25.40903202 
  50.5,     25.40185754 
  50.6,     25.39500183 
  50.7,      25.3884694 
  50.8,      25.3822631 
  50.9,     25.37638413 
    51,      25.3708319 
  51.1,     25.36560405 
  51.2,     25.36069639 
  51.3,     25.35610282 
  51.4,     25.35181535 
  51.5,     25.34782406 
  51.6,     25.34411711 
  51.7,     25.34068068 
  51.8,     25.33749904 
  51.9,     25.33455454 
    52,     25.33182764 
  52.1,     25.32929693 
  52.2,     25.32693922 
  52.3,     25.32472954 
  52.4,     25.32264128 
  52.5,     25.32064617 
  52.6,     25.31871445 
  52.7,     25.31681492 
  52.8,     25.31491507 
  52.9,     25.31298114 
    53,     25.31097827 
  53.1,     25.30887065 
  53.2,     25.30662156 
  53.3,      25.3041936 
  53.4,     25.30154872 
  53.5,     25.29864847 
  53.6,     25.29545404 
  53.7,     25.29192646 
  53.8,     25.28802671 
  53.9,     25.28371587 
    54,     25.27895527 
  54.1,     25.27370662 
  54.2,     25.26793214 
  54.3,     25.26159469 
  54.4,     25.25465792 
  54.5,      25.2470864 
  54.6,      25.2388457 
  54.7,     25.22990258 
  54.8,     25.22022502 
  54.9,     25.20978244 
    55,     25.19854569 
  55.1,     25.18648723 
  55.2,     25.17358123 
  55.3,     25.15980361 
  55.4,     25.14513218 
  55.5,      25.1295467 
  55.6,     25.11302895 
  55.7,     25.09556286 
  55.8,     25.07713451 
  55.9,     25.05773225 
    56,     25.03734676 
  56.1,     25.01597107 
  56.2,     24.99360066 
  56.3,     24.97023352 
  56.4,     24.94587015 
  56.5,     24.92051367 
  56.6,     24.89416979 
  56.7,     24.86684693 
  56.8,     24.83855621 
  56.9,     24.80931148 
    57,     24.77912936 
  57.1,     24.74802928 
  57.2,     24.71603349 
  57.3,     24.68316705 
  57.4,     24.64945789 
  57.5,     24.61493677 
  57.6,     24.57963731 
  57.7,     24.54359598 
  57.8,     24.50685205 
  57.9,     24.46944761 
    58,     24.43142752 
  58.1,     24.39283936 
  58.2,     24.35373338 
  58.3,     24.31416244 
  58.4,     24.27418191 
  58.5,      24.2338496 
  58.6,     24.19322564 
  58.7,     24.15237236 
  58.8,     24.11135412 
  58.9,     24.07023718 
    59,     24.02908949 
  59.1,     23.98798052 
  59.2,     23.94698101 
  59.3,     23.90616274 
  59.4,     23.86559824 
  59.5,     23.82536054 
  59.6,     23.78552285 
  59.7,     23.74615821 
  59.8,     23.70733916 
  59.9,     23.66913738 
    60,     23.63162332 
  60.1,     23.59486576 
  60.2,     23.55893145 
  60.3,     23.52388467 
  60.4,     23.48978685 
  60.5,      23.4566961 
  60.6,     23.42466682 
  60.7,      23.3937493 
  60.8,     23.36398932 
  60.9,     23.33542776 
    61,     23.30810027 
  61.1,     23.28203693 
  61.2,     23.25726192 
  61.3,     23.23379333 
  61.4,     23.21164286 
  61.5,      23.1908157 
  61.6,     23.17131037 
  61.7,     23.15311864 
  61.8,      23.1362255 
  61.9,     23.12060916 
    62,     23.10624117 
  62.1,     23.09308649 
  62.2,     23.08110367 
  62.3,      23.0702451 
  62.4,     23.06045725 
  62.5,     23.05168099 
  62.6,     23.04385193 
  62.7,     23.03690084 
  62.8,     23.03075399 
  62.9,     23.02533369 
    63,     23.02055866 
  63.1,      23.0163446 
  63.2,     23.01260458 
  63.3,     23.00924963 
  63.4,     23.00618921 
  63.5,     23.00333168 
  63.6,     23.00058482 
  63.7,     22.99785634 
  63.8,     22.99505429 
  63.9,     22.99208758 
    64,     22.98886636 
  64.1,     22.98530249 
  64.2,     22.98130991 
  64.3,       22.976805 
  64.4,     22.97170695 
  64.5,     22.96593809 
  64.6,     22.95942417 
  64.7,     22.95209463 
  64.8,     22.94388284 
  64.9,     22.93472637 
    65,     22.92456712 
  65.1,      22.9133515 
  65.2,     22.90103061 
  65.3,     22.88756032 
  65.4,     22.87290136 
  65.5,     22.85701939 
  65.6,     22.83988507 
  65.7,     22.82147403 
  65.8,     22.80176688 
  65.9,     22.78074917 
    66,     22.75841133 
  66.1,     22.73474857 
  66.2,     22.70976082 
  66.3,      22.6834525 
  66.4,     22.65583243 
  66.5,     22.62691362 
  66.6,     22.59671303 
  66.7,     22.56525135 
  66.8,     22.53255274 
  66.9,     22.49864449 
    67,     22.46355676 
  67.1,     22.42732219 
  67.2,     22.38997558 
  67.3,     22.35155349 
  67.4,     22.31209381 
  67.5,     22.27163541 
  67.6,     22.23021766 
  67.7,     22.18788005 
  67.8,     22.14466169 
  67.9,     22.10060093 
    68,     22.05573492 
  68.1,     22.01009918 
  68.2,      21.9637272 
  68.3,     21.91665009 
  68.4,     21.86889617 
  68.5,     21.82049074 
  68.6,     21.77145571 
  68.7,     21.72180945 
  68.8,     21.67156652 
  68.9,     21.62073764 
    69,     21.56932952 
  69.1,     21.51734493 
  69.2,     21.46478268 
  69.3,     21.41163781 
  69.4,     21.35790173 
  69.5,     21.30356246 
  69.6,     21.24860498 
  69.7,     21.19301161 
  69.8,      21.1367624 
  69.9,     21.07983571 
    70,     21.02220865 
  70.1,      20.9638578 
  70.2,     20.90475976 
  70.3,     20.84489184 
  70.4,      20.7842328 
  70.5,     20.72276354 
  70.6,     20.66046785 
  70.7,     20.59733314 
  70.8,     20.53335118 
  70.9,     20.46851885 
    71,     20.40283876 
  71.1,     20.33632002 
  71.2,     20.26897875 
  71.3,     20.20083871 
  71.4,     20.13193179 
  71.5,     20.06229838 
  71.6,     19.99198774 
  71.7,     19.92105817 
  71.8,     19.84957714 
  71.9,     19.77762124 
    72,     19.70527602 
  72.1,     19.63263564 
  72.2,     19.55980237 
  72.3,     19.48688594 
  72.4,     19.41400267 
  72.5,     19.34127445 
  72.6,      19.2688275 
  72.7,     19.19679098 
  72.8,     19.12529539 
  72.9,     19.05447084 
    73,     18.98444517 
  73.1,     18.91534194 
  73.2,     18.84727833 
  73.3,     18.78036303 
  73.4,     18.71469402 
  73.5,     18.65035651 
  73.6,     18.58742082 
  73.7,     18.52594054 
  73.8,     18.46595072 
  73.9,      18.4074664 
    74,      18.3504813 
  74.1,      18.2949669 
  74.2,     18.24087181 
  74.3,     18.18812149 
  74.4,     18.13661833 
  74.5,     18.08624211 
  74.6,     18.03685081 
  74.7,     17.98828177 
  74.8,      17.9403531 
  74.9,     17.89286549 
    75,     17.84560411 
  75.1,     17.79834089 
  75.2,     17.75083679 
  75.3,     17.70284429 
  75.4,     17.65410998 
  75.5,      17.6043771 
  75.6,     17.55338816 
  75.7,     17.50088758 
  75.8,     17.44662421 
  75.9,     17.39035393 
    76,     17.33184207 
  76.1,     17.27086592 
  76.2,     17.20721708 
  76.3,      17.1407039 
  76.4,     17.07115378 
  76.5,     16.99841558 
  76.6,     16.92236197 
  76.7,     16.84289188 
  76.8,     16.75993295 
  76.9,     16.67344406 
    77,     16.58341795 
  77.1,     16.48988388 
  77.2,      16.3929104 
  77.3,     16.29260807 
  77.4,     16.18913225 
  77.5,     16.08268582 
  77.6,     15.97352168 
  77.7,     15.86194506 
  77.8,     15.74831542 
  77.9,     15.63304771 
    78,     15.51661294 
  78.1,     15.39953765 
  78.2,     15.28240216 
  78.3,     15.16583723 
  78.4,     15.05051897 
  78.5,     14.93716161 
  78.6,     14.82650804 
  78.7,     14.71931804 
  78.8,     14.61635412 
  78.9,     14.51836513 
    79,     14.42606816 
  79.1,     14.34012909 
  79.2,     14.26114252 
  79.3,     14.18961215 
  79.4,     14.12593242 
  79.5,     14.07037251 
  79.6,     14.02306371 
  79.7,     13.98399076 
  79.8,     13.95298807 
  79.9,     13.92974058 
    80,     13.91378967 
  80.1,     13.90454321 
  80.2,     13.90128944 
  80.3,     13.90321351 
  80.4,     13.90941583 
  80.5,     13.91893107 
  80.6,     13.93074708 
  80.7,     13.94382264 
  80.8,     13.95710375 
  80.9,     13.96953779 
    81,     13.98008544 
  81.1,     13.98773027 
  81.2,     13.99148615 
  81.3,     13.99040255 
  81.4,     13.98356816 
  81.5,     13.97011297 
  81.6,     13.94920936 
  81.7,     13.92007235 
  81.8,     13.88195959 
  81.9,     13.83417134 
    82,     13.77605083 
  82.1,     13.70698564 
  82.2,     13.62641027 
  82.3,     13.53381079 
  82.4,     13.42873206 
  82.5,     13.31078841 
  82.6,     13.17967889 
  82.7,      13.0352083 
  82.8,     12.87731572 
  82.9,     12.70611241 
    83,     12.52193149 
  83.1,     12.32539209 
  83.2,     12.11748053 
  83.3,     11.89965128 
  83.4,     11.67394865 
  83.5,      11.4431479 
  83.6,     11.21090933 
  83.7,     10.98193042 
  83.8,     10.76206902 
  83.9,     10.55839454 
    84,     10.37910867 
  84.1,     10.23326917 
  84.2,     10.13026317 
  84.3,      10.0790231 
  84.4,     10.08706089 
  84.5,     10.15949361 
  84.6,     10.29829698 
  84.7,     10.50200095 
  84.8,     10.76592191 
  84.9,     11.08285897 
    85,     11.44405093 
  85.1,     11.84015491 
  85.2,     12.26206133 
  85.3,     12.70145621 
  85.4,     13.15112844 
  85.5,     13.60507127 
  85.6,     14.05844427 
  85.7,     14.50745613 
  85.8,     14.94921338 
  85.9,     15.38156432 
    86,     15.80295417 
  86.1,     16.21229908 
  86.2,     16.60888079 
  86.3,       16.992261 
  86.4,     17.36221314 
  86.5,     17.71866873 
  86.6,     18.06167569 
  86.7,     18.39136617 
  86.8,     18.70793194 
  86.9,     19.01160559 
    87,     19.30264637 
  87.1,     19.58132947 
  87.2,     19.84793805 
  87.3,     20.10275727 
  87.4,     20.34606996 
  87.5,      20.5781535 
  87.6,     20.79927755 
  87.7,     21.00970249 
  87.8,     21.20967848 
  87.9,     21.39944473 
    88,     21.57922923 
  88.1,     21.74924863 
  88.2,     21.90970821 
  88.3,     22.06080213 
  88.4,     22.20271354 
  88.5,     22.33561496 
  88.6,     22.45966853 
  88.7,     22.57502636 
  88.8,     22.68183086 
  88.9,     22.78021506 
    89,     22.87030299 
  89.1,     22.95220991 
  89.2,     23.02604267 
  89.3,     23.09189996 
  89.4,     23.14987258 
  89.5,     23.20004369 
  89.6,     23.24248898 
  89.7,     23.27727693 
  89.8,     23.30446893 
  89.9,     23.32411943 
    90,     23.33627613 
  90.1,     23.34097998 
  90.2,     23.33826537 
  90.3,      23.3281601 
  90.4,     23.31068548 
  90.5,     23.28585627 
  90.6,     23.25368075 
  90.7,     23.21416061 
  90.8,     23.16729092 
  90.9,     23.11306004 
    91,     23.05144948 
  91.1,     22.98243378 
  91.2,     22.90598028 
  91.3,     22.82204899 
  91.4,     22.73059224 
  91.5,     22.63155446 
  91.6,     22.52487186 
  91.7,     22.41047198 
  91.8,     22.28827336 
  91.9,     22.15818498 
    92,     22.02010577 
  92.1,     21.87392399 
  92.2,     21.71951657 
  92.3,     21.55674829 
  92.4,     21.38547098 
  92.5,     21.20552257 
  92.6,     21.01672594 
  92.7,     20.81888778 
  92.8,      20.6117972 
  92.9,     20.39522417 
    93,     20.16891785 
  93.1,     19.93260454 
  93.2,     19.68598552 
  93.3,     19.42873449 
  93.4,     19.16049471 
  93.5,     18.88087566 
  93.6,     18.58944932 
  93.7,     18.28574579 
  93.8,     17.96924828 
  93.9,     17.63938734 
    94,     17.29553409 
  94.1,     16.93699239 
  94.2,     16.56298957 
  94.3,     16.17266569 
  94.4,     15.76506064 
  94.5,     15.33909902 
  94.6,     14.89357199 
  94.7,     14.42711555 
  94.8,     13.93818449 
  94.9,     13.42502075 
    95,     12.88561519 
  95.1,     12.31766098 
  95.2,     11.71849683 
  95.3,     11.08503789 
  95.4,       10.413692 
  95.5,     9.700259686 
  95.6,     8.939817673 
  95.7,     8.126591252 
  95.8,     7.253832784 
  95.9,     6.313753392 
    96,     5.297623556 
  96.1,     4.196319309 
  96.2,     3.001965495 
  96.3,     1.712183534 
  96.4,    0.3402512702 
  96.5,    -1.062721075 
  96.6,    -2.368529015 
  96.7,    -3.338630536 
  96.8,    -3.696443646 
  96.9,    -3.355398803 
    97,    -2.514039242 
  97.1,    -1.453590791 
  97.2,   -0.3642887856 
  97.3,    0.6646780309 
  97.4,      1.60231557 
  97.5,     2.443887399 
  97.6,     3.194858463 
  97.7,     3.863871649 
  97.8,     4.459901016 
  97.9,     4.991202941 
    98,     5.465013566 
  98.1,     5.887542522 
  98.2,      6.26407277 
  98.3,     6.599087811 
  98.4,     6.896395245 
  98.5,     7.159235836 
  98.6,     7.390375856 
  98.7,     7.592183641 
  98.8,     7.766692494 
  98.9,     7.915652124 
    99,     8.040570724 
  99.1,     8.142749368 
  99.2,     8.223310217 
  99.3,     8.283219636 
  99.4,     8.323307202 
  99.5,     8.344281289 
  99.6,     8.346741852 
  99.7,     8.331190847 
  99.8,     8.298040672 
  99.9,     8.247620888 
   100,     8.180183452 
 100.1,     8.095906651 
 100.2,     7.994897794 
 100.3,      7.87719482 
 100.4,      7.74276681 
 100.5,      7.59151343 
 100.6,     7.423263298 
 100.7,     7.237771187 
 100.8,     7.034713989 
 100.9,     6.813685284 
   101,     6.574188322 
 101.1,     6.315627151 
 101.2,     6.037295545 
 101.3,     5.738363274 
 101.4,     5.417859132 
 101.5,     5.074649921 
 101.6,     4.707414371 
 101.7,     4.314610624 
 101.8,     3.894435427 
 101.9,     3.444772499 
   102,     2.963126675 
 102.1,     2.446538952 
 102.2,     1.891475663 
 102.3,     1.293681981 
 102.4,    0.6479854941 
 102.5,  -0.05197139015 
 102.6,   -0.8141023718 
 102.7,    -1.648400961 
 102.8,    -2.567694261 
 102.9,    -3.588748528 
   103,    -4.733914777 
 103.1,    -6.033583762 
 103.2,    -7.529713112 
 103.3,    -9.279990894 
 103.4,    -11.35748051 
 103.5,    -13.81333617 
 103.6,    -16.43241044 
 103.7,    -17.92512953 
 103.8,    -16.75965689 
 103.9,    -14.32435799 
   104,    -12.00873583 
 104.1,    -10.07049982 
 104.2,    -8.464636878 
 104.3,    -7.117483624 
 104.4,    -5.970085412 
 104.5,    -4.979467309 
 104.6,     -4.11450956 
 104.7,    -3.352342919 
 104.8,    -2.675824739 
 104.9,    -2.071845609 
   105,    -1.530192583 
 105.1,    -1.042774893 
 105.2,    -0.603086665 
 105.3,   -0.2058268429 
 105.4,    0.1533748501 
 105.5,    0.4781588496 
 105.6,    0.7715856275 
 105.7,     1.036249045 
 105.8,     1.274363316 
 105.9,     1.487830521 
   106,     1.678293607 
 106.1,      1.84717847 
 106.2,     1.995727611 
 106.3,     2.125027356 
 106.4,     2.236029962 
 106.5,     2.329571747 
 106.6,     2.406388051 
 106.7,     2.467125578 
 106.8,     2.512352719 
 106.9,     2.542568116 
   107,     2.558207871 
 107.1,     2.559651541 
 107.2,      2.54722718 
 107.3,      2.52121553 
 107.4,     2.481853502 
 107.5,     2.429337032 
 107.6,     2.363823399 
 107.7,     2.285433051 
 107.8,      2.19425099 
 107.9,     2.090327767 
   108,     1.973680079 
 108.1,     1.844291019 
 108.2,     1.702109967 
 108.3,     1.547052148 
 108.4,     1.378997806 
 108.5,     1.197791052 
 108.6,     1.003238299 
 108.7,    0.7951063085 
 108.8,    0.5731198052 
 108.9,    0.3369586209 
   109,   0.08625430126 
 109.1,   -0.1794138002 
 109.2,   -0.4605230931 
 109.3,   -0.7576129436 
 109.4,    -1.071290611 
 109.5,    -1.402237943 
 109.6,    -1.751218821 
 109.7,    -2.119087363 
 109.8,    -2.506796761 
 109.9,    -2.915408501 
   110,    -3.346101417 
 110.1,    -3.800179804 
 110.2,    -4.279078963 
 110.3,    -4.784365531 
 110.4,    -5.317728286 
 110.5,    -5.880951996 
 110.6,    -6.475862009 
 110.7,    -7.104219452 
 110.8,    -7.767533384 
 110.9,    -8.466735189 
   111,    -9.201627279 
 111.1,    -9.969970522 
 111.2,    -10.76601771 
 111.3,    -11.57826762 
 111.4,    -12.38631709 
 111.5,    -13.15719385 
 111.6,    -13.84287102 
 111.7,    -14.38278253 
 111.8,    -14.71598081 
 111.9,    -14.80236466 
   112,    -14.64111402 
 112.1,    -14.27106657 
 112.2,    -13.75268988 
 112.3,    -13.14668691 
 112.4,       -12.50146 
 112.5,    -11.85033238 
 112.6,    -11.21393729 
 112.7,    -10.60388342 
 112.8,    -10.02593205 
 112.9,    -9.482273453 
   113,     -8.97301682 
 113.1,    -8.497118451 
 113.2,    -8.052943046 
 113.3,    -7.638595452 
 113.4,    -7.252112259 
 113.5,    -6.891568898 
 113.6,    -6.555136334 
 113.7,    -6.241108033 
 113.8,    -5.947909634 
 113.9,    -5.674098796 
   114,    -5.418359767 
 114.1,     -5.17949532 
 114.2,    -4.956417557 
 114.3,    -4.748138616 
 114.4,    -4.553761684 
 114.5,    -4.372472561 
 114.6,    -4.203531955 
 114.7,    -4.046268506 
 114.8,    -3.900072504 
 114.9,    -3.764390252 
   115,    -3.638719048 
 115.1,    -3.522602749 
 115.2,    -3.415627731 
 115.3,    -3.317419354 
 115.4,    -3.227638765 
 115.5,    -3.145980079 
 115.6,     -3.07216776 
 115.7,    -3.005954349 
 115.8,    -2.947118373 
 115.9,    -2.895462426 
   116,    -2.850811462 
 116.1,     -2.81301121 
 116.2,    -2.781926721 
 116.3,    -2.757441029 
 116.4,    -2.739453924 
 116.5,    -2.727880787 
 116.6,    -2.722651537 
 116.7,    -2.723709597 
 116.8,    -2.731010954 
 116.9,    -2.744523261 
   117,    -2.764224975 
 117.1,     -2.79010452 
 117.2,    -2.822159492 
 117.3,    -2.860395866 
 117.4,    -2.904827233 
 117.5,    -2.955474008 
 117.6,    -3.012362661 
 117.7,     -3.07552489 
 117.8,    -3.144996796 
 117.9,    -3.220818002 
   118,    -3.303030675 
 118.1,    -3.391678523 
 118.2,    -3.486805626 
 118.3,    -3.588455198 
 118.4,     -3.69666813 
 118.5,    -3.811481397 
 118.6,    -3.932926168 
 118.7,    -4.061025719 
 118.8,    -4.195792941 
 118.9,    -4.337227486 
   119,    -4.485312473 
 119.1,    -4.640010639 
 119.2,    -4.801259869 
 119.3,    -4.968968009 
 119.4,    -5.143006891 
 119.5,    -5.323205416 
 119.6,    -5.509341628 
 119.7,    -5.701133664 
 119.8,    -5.898229525 
 119.9,    -6.100195675 
   120,    -6.306504357 
 120.1,    -6.516519919 
 120.2,    -6.729484273 
 120.3,    -6.944502021 
 120.4,     -7.16052582 
 120.5,    -7.376343043 
 120.6,    -7.590565071 
 120.7,    -7.801620872 
 120.8,     -8.00775704 
 120.9,    -8.207046706 
   121,    -8.397409798 
 121.1,    -8.576647086 
 121.2,    -8.742489564 
 121.3,     -8.89266381 
 121.4,    -9.024971782 
 121.5,    -9.137381669 
 121.6,    -9.228123416 
 121.7,    -9.295781285 
 121.8,    -9.339373572 
 121.9,    -9.358411026 
   122,    -9.352926459 
 122.1,    -9.323471903 
 122.2,     -9.27108377 
 122.3,    -9.197220223 
 122.4,    -9.103678502 
 122.5,    -8.992501276 
 122.6,    -8.865881215 
 122.7,    -8.726071659 
 122.8,    -8.575308943 
 122.9,    -8.415749649 
   123,    -8.249423808 
 123.1,     -8.07820323 
 123.2,    -7.903783222 
 123.3,    -7.727675315 
 123.4,     -7.55120834 
 123.5,    -7.375535603 
 123.6,    -7.201646078 
 123.7,    -7.030377897 
 123.8,    -6.862432957 
 123.9,    -6.698391686 
   124,     -6.53872729 
 124.1,     -6.38381914 
 124.2,    -6.233965076 
 124.3,    -6.089392451 
 124.4,    -5.950267988 
 124.5,    -5.816706452 
 124.6,    -5.688778174 
 124.7,    -5.566515614 
 124.8,    -5.449918995 
 124.9,    -5.338961097 
   125,    -5.233591405 
 125.1,    -5.133739584 
 125.2,    -5.039318464 
 125.3,    -4.950226554 
 125.4,    -4.866350135 
 125.5,    -4.787565093 
 125.6,    -4.713738415 
 125.7,    -4.644729468 
 125.8,    -4.580391115 
 125.9,    -4.520570609 
   126,    -4.465110436 
 126.1,    -4.413848969 
 126.2,    -4.366621128 
 126.3,    -4.323258912 
 126.4,    -4.283591913 
 126.5,    -4.247447786 
 126.6,    -4.214652736 
 126.7,    -4.185031936 
 126.8,    -4.158410011 
 126.9,    -4.134611488 
   127,    -4.113461262 
 127.1,    -4.094785117 
 127.2,    -4.078410225 
 127.3,    -4.064165704 
 127.4,    -4.051883159 
 127.5,    -4.041397306 
 127.6,     -4.03254656 
 127.7,    -4.025173676 
 127.8,    -4.019126399 
 127.9,    -4.014258099 
   128,     -4.01042846 
 128.1,    -4.007504084 
 128.2,    -4.005359166 
 128.3,    -4.003876099 
 128.4,    -4.002946038 
 128.5,    -4.002469465 
 128.6,    -4.002356664 
 128.7,    -4.002528171 
 128.8,    -4.002915135 
 128.9,      -4.0034596 
   129,    -4.004114742 
 129.1,    -4.004844991 
 129.2,    -4.005626077 
 129.3,     -4.00644499 
 129.4,    -4.007299838 
 129.5,    -4.008199625 
 129.6,    -4.009163976 
 129.7,    -4.010222711 
 129.8,    -4.011415409 
 129.9,    -4.012790869 
   130,    -4.014406545 
 130.1,    -4.016327888 
 130.2,    -4.018627662 
 130.3,    -4.021385259 
 130.4,    -4.024685931 
 130.5,     -4.02862007 
 130.6,    -4.033282413 
 130.7,    -4.038771345 
 130.8,    -4.045188088 
 130.9,    -4.052636021 
   131,    -4.061219955 
 131.1,    -4.071045459 
 131.2,    -4.082218192 
 131.3,    -4.094843311 
 131.4,    -4.109024863 
 131.5,    -4.124865259 
 131.6,    -4.142464744 
 131.7,    -4.161920941 
 131.8,     -4.18332839 
 131.9,     -4.20677815 
   132,    -4.232357427 
 132.1,    -4.260149211 
 132.2,    -4.290231962 
 132.3,     -4.32267931 
 132.4,    -4.357559774 
 132.5,    -4.394936507 
 132.6,    -4.434867014 
 132.7,    -4.477402977 
 132.8,    -4.522589951 
 132.9,    -4.570467202 
   133,     -4.62106745 
 133.1,    -4.674416666 
 133.2,     -4.73053385 
 133.3,    -4.789430797 
 133.4,    -4.851111884 
 133.5,    -4.915573827 
 133.6,    -4.982805465 
 133.7,    -5.052787494 
 133.8,    -5.125492251 
 133.9,    -5.200883444 
   134,    -5.278915936 
 134.1,    -5.359535472 
 134.2,    -5.442678481 
 134.3,    -5.528271814 
 134.4,    -5.616232577 
 134.5,    -5.706467936 
 134.6,    -5.798874963 
 134.7,    -5.893340531 
 134.8,    -5.989741264 
 134.9,    -6.087943536 
   135,    -6.187803538 
 135.1,    -6.289167452 
 135.2,    -6.391871707 
 135.3,    -6.495743332 
 135.4,    -6.600600466 
 135.5,    -6.706252964 
 135.6,    -6.812503213 
 135.7,    -6.919147015 
 135.8,     -7.02597471 
 135.9,    -7.132772443 
   136,    -7.239323607 
 136.1,    -7.345410434 
 136.2,    -7.450815784 
 136.3,    -7.555325039 
 136.4,    -7.658728145 
 136.5,      -7.7608218 
 136.6,    -7.861411596 
 136.7,    -7.960314317 
 136.8,     -8.05736018 
 136.9,    -8.152394983 
   137,    -8.245282241 
 137.1,    -8.335905065 
 137.2,    -8.424167955 
 137.3,    -8.509998238 
 137.4,    -8.593347292 
 137.5,    -8.674191466 
 137.6,    -8.752532591 
 137.7,    -8.828398174 
 137.8,    -8.901841236 
 137.9,    -8.972939766 
   138,    -9.041795877 
 138.1,    -9.108534586 
 138.2,    -9.173302351 
 138.3,    -9.236265364 
 138.4,    -9.297607614 
 138.5,    -9.357528876 
 138.6,    -9.416242468 
 138.7,    -9.473973099 
 138.8,    -9.530954633 
 138.9,    -9.587427857 
   139,    -9.643638423 
 139.1,    -9.699834776 
 139.2,    -9.756266299 
 139.3,    -9.813181566 
 139.4,     -9.87082674 
 139.5,    -9.929444162 
 139.6,    -9.989271108 
 139.7,    -10.05053872 
 139.8,    -10.11347106 
 139.9,    -10.17828437 
   140,    -10.24518645 
 140.1,    -10.31437617 
 140.2,    -10.38604307 
 140.3,    -10.46036717 
 140.4,    -10.53751872 
 140.5,    -10.61765813 
 140.6,    -10.70093597 
 140.7,    -10.78749295 
 140.8,    -10.87745995 
 140.9,    -10.97095822 
   141,    -11.06809932 
 141.1,    -11.16898538 
 141.2,    -11.27370908 
 141.3,     -11.3823538 
 141.4,    -11.49499375 
 141.5,    -11.61169395 
 141.6,    -11.73251024 
 141.7,    -11.85748932 
 141.8,    -11.98666868 
 141.9,    -12.12007646 
   142,    -12.25773131 
 142.1,    -12.39964216 
 142.2,    -12.54580793 
 142.3,    -12.69621721 
 142.4,    -12.85084776 
 142.5,    -13.00966605 
 142.6,    -13.17262664 
 142.7,    -13.33967154 
 142.8,    -13.51072939 
 142.9,    -13.68571457 
   143,    -13.86452634 
 143.1,    -14.04704764 
 143.2,    -14.23314405 
 143.3,    -14.42266246 
 143.4,    -14.61542979 
 143.5,    -14.81125156 
 143.6,    -15.00991042 
 143.7,    -15.21116465 
 143.8,     -15.4147467 
 143.9,    -15.62036162 
   144,    -15.82768578 
 144.1,    -16.03636547 
 144.2,    -16.24601601 
 144.3,    -16.45622076 
 144.4,    -16.66653093 
 144.5,    -16.87646555 
 144.6,    -17.08551215 
 144.7,    -17.29312815 
 144.8,    -17.49874319 
 144.9,    -17.70176217 
   145,    -17.90156959 
 145.1,    -18.09753488 
 145.2,    -18.28901888 
 145.3,     -18.4753816 
 145.4,      -18.655991 
 145.5,     -18.8302327 
 145.6,    -18.99752044 
 145.7,    -19.15730708 
 145.8,    -19.30909549 
 145.9,    -19.45244938 
   146,    -19.58700313 
 146.1,    -19.71247056 
 146.2,    -19.82865191 
 146.3,    -19.93543899 
 146.4,    -20.03281796 
 146.5,     -20.1208697 
 146.6,    -20.19976781 
 146.7,    -20.26977428 
 146.8,    -20.33123299 
 146.9,    -20.38456173 
   147,    -20.43024251 
 147.1,    -20.46881141 
 147.2,    -20.50084766 
 147.3,    -20.52696288 
 147.4,    -20.54779069 
 147.5,    -20.56397678 
 147.6,    -20.57617024 
 147.7,    -20.58501558 
 147.8,    -20.59114613 
 147.9,    -20.59517839 
   148,    -20.59770779 
 148.1,    -20.59930518 
 148.2,    -20.60051454 
 148.3,    -20.60185136 
 148.4,    -20.60380188 
 148.5,    -20.60682289 
 148.6,    -20.61134206 
 148.7,    -20.61775836 
 148.8,    -20.62644347 
 148.9,    -20.63774253 
   149,    -20.65197573 
 149.1,    -20.66943956 
 149.2,     -20.6904083 
 149.3,    -20.71513534 
 149.4,    -20.74385474 
 149.5,    -20.77678233 
 149.6,    -20.81411705 
 149.7,    -20.85604201 
 149.8,     -20.9027256 
 149.9,    -20.95432235 
   150,    -21.01097371 
 150.1,    -21.07280883 
 150.2,    -21.13994501 
 150.3,    -21.21248827 
 150.4,    -21.29053372 
 150.5,    -21.37416557 
 150.6,    -21.46345757 
 150.7,    -21.55847276 
 150.8,    -21.65926348 
 150.9,     -21.7658712 
   151,    -21.87832606 
 151.1,    -21.99664648 
 151.2,    -22.12083866 
 151.3,    -22.25089582 
 151.4,    -22.38679745 
 151.5,    -22.52850841 
 151.6,    -22.67597765 
 151.7,    -22.82913752 
 151.8,    -22.98790191 
 151.9,    -23.15216521 
   152,    -23.32180051 
 152.1,    -23.49665812 
 152.2,    -23.67656345 
 152.3,     -23.8613153 
 152.4,    -24.05068373 
 152.5,    -24.24440772 
 152.6,    -24.44219312 
 152.7,    -24.64371001 
 152.8,    -24.84859049 
 152.9,    -25.05642601 
   153,    -25.26676498 
 153.1,    -25.47911013 
 153.2,    -25.69291613 
 153.3,    -25.90758713 
 153.4,    -26.12247453 
 153.5,    -26.33687503 
 153.6,    -26.55002843 
 153.7,    -26.76111663 
 153.8,     -26.9692621 
 153.9,    -27.17352773 
   154,     -27.3729167 
 154.1,    -27.56637392 
 154.2,    -27.75278813 
 154.3,    -27.93099539 
 154.4,    -28.09978502 
 154.5,    -28.25790674 
 154.6,     -28.4040815 
 154.7,    -28.53701414 
 154.8,    -28.65541071 
 154.9,    -28.75799802 
   155,    -28.84354783 
 155.1,     -28.9109038 
 155.2,    -28.95901137 
 155.3,    -28.98694874 
 155.4,    -28.99395853 
 155.5,    -28.97947702 
 155.6,     -28.9431601 
 155.7,    -28.88490274 
 155.8,     -28.8048514 
 155.9,    -28.70340714 
   156,    -28.58121926 
 156.1,    -28.43916968 
 156.2,    -28.27834908 
 156.3,    -28.10002636 
 156.4,    -27.90561324 
 156.5,    -27.69662717 
 156.6,     -27.4746538 
 156.7,     -27.2413109 
 156.8,    -26.99821637 
 156.9,    -26.74696036 
   157,    -26.48908193 
 157.1,     -26.2260512 
 157.2,    -25.95925606 
 157.3,    -25.68999377 
 157.4,    -25.41946573 
 157.5,    -25.14877594 
 157.6,    -24.87893178 
 157.7,    -24.61084695 
 157.8,    -24.34534567 
 157.9,      -24.083168 
   158,    -23.82497561 
 158.1,    -23.57135782 
 158.2,    -23.32283801 
 158.3,    -23.07987959 
 158.4,    -22.84289184 
 158.5,    -22.61223562 
 158.6,    -22.38822846 
 158.7,    -22.17114934 
 158.8,    -21.96124332 
 158.9,    -21.75872542 
   159,    -21.56378434 
 159.1,    -21.37658591 
 159.2,    -21.19727587 
 159.3,    -21.02598274 
 159.4,    -20.86282015 
 159.5,    -20.70788895 
 159.6,    -20.56127926 
 159.7,    -20.42307202 
 159.8,    -20.29334068 
 159.9,    -20.17215237 
   160,    -20.05956918 
 160.1,    -19.95564919 
 160.2,    -19.86044732 
 160.3,    -19.77401631 
 160.4,    -19.69640709 
 160.5,    -19.62766963 
 160.6,    -19.56785328 
 160.7,     -19.5170071 
 160.8,    -19.47518032 
 160.9,    -19.44242224 
   161,    -19.41878254 
 161.1,    -19.40431106 
 161.2,    -19.39905771 
 161.3,     -19.4030721 
 161.4,    -19.41640316 
 161.5,    -19.43909835 
 161.6,    -19.47120286 
 161.7,    -19.51275851 
 161.8,    -19.56380233 
 161.9,    -19.62436477 
   162,    -19.69446763 
 162.1,    -19.77412134 
 162.2,     -19.8633218 
 162.3,    -19.96204653 
 162.4,    -20.07024999 
 162.5,      -20.187858 
 162.6,    -20.31476095 
 162.7,    -20.45080603 
 162.8,    -20.59578765 
 162.9,    -20.74943656 
   163,    -20.91140675 
 163.1,    -21.08126065 
 163.2,    -21.25845201 
 163.3,    -21.44230659 
 163.4,    -21.63200095 
 163.5,    -21.82653948 
 163.6,    -22.02473041 
 163.7,    -22.22516222 
 163.8,    -22.42618208 
 163.9,    -22.62587892 
   164,    -22.82207462 
 164.1,    -23.01232744 
 164.2,    -23.19395265 
 164.3,    -23.36406497 
 164.4,    -23.51964726 
 164.5,    -23.65764705 
 164.6,    -23.77510006 
 164.7,    -23.86927419 
 164.8,    -23.93782351 
 164.9,     -23.9789361 
   165,    -23.99145787 
 165.1,    -23.97497507 
 165.2,    -23.92984384 
 165.3,    -23.85716154 
 165.4,    -23.75868437 
 165.5,    -23.63670421 
 165.6,    -23.49390067 
 165.7,    -23.33318733 
 165.8,    -23.15756722 
 165.9,    -22.97000926 
   166,    -22.77335106 
 166.1,    -22.57022998 
 166.2,    -22.36304054 
 166.3,    -22.15391334 
 166.4,    -21.94471166 
 166.5,    -21.73704001 
 166.6,    -21.53226115 
 166.7,    -21.33151766 
 166.8,    -21.13575578 
 166.9,    -20.94574932 
   167,    -20.76212278 
 167.1,    -20.58537307 
 167.2,    -20.41588883 
 167.3,    -20.25396787 
 167.4,     -20.0998324 
 167.5,    -19.95364243 
 167.6,     -19.8155071 
 167.7,    -19.68549464 
 167.8,     -19.5636408 
 167.9,    -19.44995619 
   168,    -19.34443239 
 168.1,    -19.24704743 
 168.2,    -19.15777037 
 168.3,    -19.07656537 
 168.4,    -19.00339532 
 168.5,    -18.93822488 
 168.6,     -18.8810235 
 168.7,    -18.83176792 
 168.8,    -18.79044476 
 168.9,    -18.75705263 
   169,    -18.73160459 
 169.1,    -18.71413023 
 169.2,     -18.7046779 
 169.3,    -18.70331693 
 169.4,    -18.71013997 
 169.5,    -18.72526538 
 169.6,    -18.74883972 
 169.7,    -18.78104065 
 169.8,    -18.82207968 
 169.9,    -18.87220557 
   170,    -18.93170783 
 170.1,    -19.00092059 
 170.2,    -19.08022731 
 170.3,     -19.1700656 
 170.4,    -19.27093297 
 170.5,    -19.38339357 
 170.6,    -19.50808564 
 170.7,    -19.64573047 
 170.8,    -19.79714265 
 170.9,    -19.96324235 
   171,     -20.1450697 
 171.1,    -20.34380179 
 171.2,    -20.56077346 
 171.3,    -20.79750146 
 171.4,    -21.05571456 
 171.5,    -21.33738891 
 171.6,    -21.64479172 
 171.7,    -21.98053365 
 171.8,    -22.34763212 
 171.9,    -22.74958717 
   172,     -23.1904703 
 172.1,    -23.67502504 
 172.2,    -24.20877129 
 172.3,    -24.79809312 
 172.4,    -25.45025633 
 172.5,    -26.17323613 
 172.6,    -26.97507229 
 172.7,    -27.86211809 
 172.8,    -28.83477069 
 172.9,    -29.87773966 
   173,      -30.939831 
 173.1,    -31.90021265 
 173.2,    -32.54293956 
 173.3,    -32.62106378 
 173.4,    -32.04796997 
 173.5,    -30.98722788 
 173.6,    -29.69222298 
 173.7,    -28.34711641 
 173.8,    -27.04492499 
 173.9,    -25.82162646 
   174,    -24.68568829 
 174.1,    -23.63407827 
 174.2,    -22.65967825 
 174.3,    -21.75446421 
 174.4,    -20.91077381 
 174.5,    -20.12174306 
 174.6,    -19.38139316 
 174.7,    -18.68457922 
 174.8,    -18.02689299 
 174.9,    -17.40455774 
   175,    -16.81433093 
 175.1,    -16.25341919 
 175.2,    -15.71940666 
 175.3,    -15.21019496 
 175.4,    -14.72395362 
 175.5,    -14.25907911 
 175.6,    -13.81416087 
 175.7,    -13.38795321 
 175.8,    -12.97935194 
 175.9,    -12.58737478 
   176,    -12.21114511 
 176.1,    -11.84987812 
 176.2,    -11.50286924 
 176.3,    -11.16948421 
 176.4,    -10.84915073 
 176.5,    -10.54135123 
 176.6,    -10.24561674 
 176.7,    -9.961521546 
 176.8,    -9.688678603 
 176.9,    -9.426735547 
   177,    -9.175371227 
 177.1,    -8.934292707 
 177.2,    -8.703232576 
 177.3,    -8.481946644 
 177.4,     -8.27021194 
 177.5,     -8.06782484 
 177.6,    -7.874599549 
 177.7,    -7.690366658 
 177.8,    -7.514971928 
 177.9,     -7.34827514 
   178,    -7.190149208 
 178.1,      -7.0404792 
 178.2,    -6.899161654 
 178.3,    -6.766103854 
 178.4,    -6.641223223 
 178.5,    -6.524446805 
 178.6,    -6.415710759 
 178.7,    -6.314959968 
 178.8,    -6.222147652 
 178.9,    -6.137235054 
   179,    -6.060191153 
 179.1,    -5.990992418 
 179.2,    -5.929622637 
 179.3,    -5.876072702 
 179.4,    -5.830340504 
 179.5,    -5.792430802 
 179.6,    -5.762355167 
 179.7,    -5.740131916 
 179.8,    -5.725786081 
 179.9,     -5.71934944 
   180,    -5.720860508 
 180.1,    -5.730364613 
 180.2,    -5.747913961 
 180.3,    -5.773567757 
 180.4,    -5.807392322 
 180.5,    -5.849461231 
 180.6,    -5.899855548 
 180.7,    -5.958663973 
 180.8,    -6.025983117 
 180.9,    -6.101917774 
   181,    -6.186581202 
 181.1,    -6.280095464 
 181.2,    -6.382591773 
 181.3,    -6.494210937 
 181.4,    -6.615103733 
 181.5,    -6.745431443 
 181.6,    -6.885366305 
 181.7,    -7.035092106 
 181.8,    -7.194804752 
 181.9,    -7.364712906 
   182,     -7.54503865 
 182.1,    -7.736018192 
 182.2,    -7.937902594 
 182.3,    -8.150958553 
 182.4,    -8.375469126 
 182.5,    -8.611734551 
 182.6,     -8.86007297 
 182.7,      -9.1208211 
 182.8,    -9.394334889 
 182.9,    -9.680989867 
   183,    -9.981181443 
 183.1,    -10.29532469 
 183.2,    -10.62385374 
 183.3,    -10.96722049 
 183.4,    -11.32589226 
 183.5,     -11.7003482 
 183.6,    -12.09107385 
 183.7,    -12.49855321 
 183.8,    -12.92325735 
 183.9,    -13.36562852 
   184,    -13.82605796 
 184.1,    -14.30485534 
 184.2,    -14.80220701 
 184.3,    -15.31811944 
 184.4,    -15.85234312 
 184.5,    -16.40427143 
 184.6,    -16.97280823 
 184.7,    -17.55619777 
 184.8,    -18.15181236 
 184.9,    -18.75589911 
   185,    -19.36329729 
 185.1,    -19.96716039 
 185.2,    -20.55874673 
 185.3,    -21.12738648 
 185.4,     -21.6607683 
 185.5,     -22.1456928 
 185.6,    -22.56936305 
 185.7,    -22.92110177 
 185.8,    -23.19413473 
 185.9,    -23.38690621 
   186,    -23.50345143 
 186.1,    -23.55268133 
 186.2,    -23.54685584 
 186.3,     -23.4997724 
 186.4,      -23.425166 
 186.5,     -23.3355986 
 186.6,    -23.24187749 
 186.7,    -23.15289584 
 186.8,    -23.07574347 
 186.9,    -23.01595346 
   187,    -22.97779311 
 187.1,    -22.96454492 
 187.2,    -22.97875307 
 187.3,    -23.02242716 
 187.4,    -23.09720465 
 187.5,    -23.20447586 
 187.6,    -23.34547794 
 187.7,    -23.52136123 
 187.8,    -23.73323144 
 187.9,    -23.98216676 
   188,    -24.26920778 
 188.1,    -24.59531117 
 188.2,    -24.96125373 
 188.3,    -25.36746266 
 188.4,    -25.81373563 
 188.5,    -26.29879432 
 188.6,    -26.81959412 
 188.7,      -27.370292 
 188.8,    -27.94078316 
 188.9,    -28.51480853 
   189,    -29.06792695 
 189.1,    -29.56626436 
 189.2,    -29.96783715 
 189.3,    -30.22861399 
 189.4,    -30.31368058 
 189.5,    -30.20932658 
 189.6,    -29.92850252 
 189.7,    -29.50555266 
 189.8,    -28.98418045 
 189.9,    -28.40620834 
   190,    -27.80540845 
 190.1,    -27.20610622 
 190.2,    -26.62439989 
 190.3,     -26.0701841 
 190.4,    -25.54904809 
 190.5,    -25.06374789 
 190.6,    -24.61524692 
 190.7,    -24.20341331 
 190.8,    -23.82747336 
 190.9,    -23.48629993 
   191,    -23.17859114 
 191.1,    -22.90297991 
 191.2,    -22.65809799 
 191.3,    -22.44261109 
 191.4,    -22.25523616 
 191.5,    -22.09474673 
 191.6,    -21.95997091 
 191.7,    -21.84978479 
 191.8,    -21.76310256 
 191.9,    -21.69886467 
   192,    -21.65602459 
 192.1,    -21.63353469 
 192.2,    -21.63033121 
 192.3,    -21.64531909 
 192.4,    -21.67735663 
 192.5,    -21.72524023 
 192.6,    -21.78769047 
 192.7,    -21.86333923 
 192.8,    -21.95071957 
 192.9,     -22.0482596 
   193,      -22.154281 
 193.1,    -22.26700502 
 193.2,    -22.38456641 
 193.3,    -22.50503814 
 193.4,    -22.62646675 
 193.5,    -22.74692005 
 193.6,    -22.86454555 
 193.7,    -22.97763801 
 193.8,    -23.08471216 
 193.9,    -23.18457593 
   194,    -23.27639767 
 194.1,    -23.35976101 
 194.2,    -23.43470266 
 194.3,    -23.50172778 
 194.4,    -23.56180324 
 194.5,    -23.61632892 
 194.6,    -23.66709158 
 194.7,    -23.71620655 
 194.8,    -23.76605437 
 194.9,    -23.81921829 
   195,    -23.87842845 
 195.1,    -23.94651702 
 195.2,    -24.02638673 
 195.3,    -24.12099493 
 195.4,    -24.23335339 
 195.5,    -24.36654421 
 195.6,    -24.52375204 
 195.7,    -24.70831347 
 195.8,    -24.92378515 
 195.9,    -25.17403491 
   196,    -25.46336007 
 196.1,    -25.79664433 
 196.2,    -26.17956578 
 196.3,    -26.61888093 
 196.4,     -27.1228206 
 196.5,    -27.70165894 
 196.6,     -28.3685584 
 196.7,    -29.14087296 
 196.8,    -30.04224992 
 196.9,    -31.10620563 
   197,    -32.38262185 
 197.1,    -33.95059224 
 197.2,    -35.94686171 
 197.3,    -38.63966513 
 197.4,     -42.6731693 
 197.5,    -50.22314159 
 197.6,    -52.11809233 
 197.7,    -43.33919134 
 197.8,    -38.79796433 
 197.9,    -35.78746679 
   198,    -33.54241334 
 198.1,    -31.75837352 
 198.2,     -30.2843515 
 198.3,     -29.0346452 
 198.4,    -27.95599847 
 198.5,    -27.01309535 
 198.6,     -26.1813462 
 198.7,    -25.44297149 
 198.8,    -24.78472608 
 198.9,    -24.19650402 
   199,     -23.6704453 
 199.1,    -23.20034168 
 199.2,    -22.78123074 
 199.3,    -22.40911031 
 199.4,     -22.0807338 
 199.5,    -21.79346068 
 199.6,    -21.54514586 
 199.7,    -21.33405699 
 199.8,    -21.15881209 
 199.9,    -21.01833269 
   200,    -20.91180892 
 200.1,    -20.83867389 
 200.2,     -20.7985858 
 200.3,    -20.79141633 
 200.4,    -20.81724505 
 200.5,    -20.87635863 
 200.6,    -20.96925529 
 200.7,    -21.09665417 
 200.8,     -21.2595098 
 200.9,    -21.45903193 
   201,    -21.69671133 
 201.1,    -21.97435165 
 201.2,    -22.29410758 
 201.3,    -22.65852833 
 201.4,    -23.07060512 
 201.5,    -23.53381613 
 201.6,    -24.05215744 
 201.7,    -24.63013347 
 201.8,    -25.27265423 
 201.9,    -25.98472901 
   202,     -26.7707362 
 202.1,    -27.63282416 
 202.2,    -28.56758403 
 202.3,    -29.55946956 
 202.4,    -30.56888485 
 202.5,    -31.51461453 
 202.6,    -32.26071241 
 202.7,    -32.64039712 
 202.8,    -32.54453876 
 202.9,    -32.00777123 
   203,    -31.17898986 
 203.1,    -30.21819235 
 203.2,    -29.23639551 
 203.3,    -28.29371073 
 203.4,    -27.41698057 
 203.5,    -26.61512252 
 203.6,    -25.88839401 
 203.7,    -25.23327071 
 203.8,    -24.64485082 
 203.9,    -24.11798521 
   204,    -23.64777527 
 204.1,    -23.22976497 
 204.2,    -22.85998798 
 204.3,    -22.53494906 
 204.4,    -22.25157828 
 204.5,    -22.00717688 
 204.6,    -21.79936246 
 204.7,     -21.6260176 
 204.8,    -21.48524276 
 204.9,    -21.37531327 
   205,    -21.29464009 
 205.1,    -21.24173336 
 205.2,    -21.21516801 
 205.3,    -21.21355083 
 205.4,    -21.23548847 
 205.5,    -21.27955585 
 205.6,    -21.34426498 
 205.7,    -21.42803432 
 205.8,    -21.52915951 
 205.9,    -21.64578645 
   206,    -21.77588855 
 206.1,    -21.91725106 
 206.2,    -22.06746494 
 206.3,    -22.22393539 
 206.4,     -22.3839081 
 206.5,     -22.5445178 
 206.6,    -22.70286166 
 206.7,    -22.85609797 
 206.8,    -23.00156719 
 206.9,    -23.13692777 
   207,    -23.26029566 
 207.1,    -23.37037222 
 207.2,    -23.46654514 
 207.3,    -23.54894834 
 207.4,    -23.61847248 
 207.5,    -23.67672525 
 207.6,    -23.72594694 
 207.7,    -23.76889415 
 207.8,    -23.80870699 
 207.9,    -23.84877488 
   208,    -23.89261448 
 208.1,    -23.94376741 
 208.2,    -24.00572278 
 208.3,    -24.08186424 
 208.4,    -24.17543922 
 208.5,    -24.28954603 
 208.6,    -24.42713271 
 208.7,    -24.59100211 
 208.8,    -24.78381622 
 208.9,    -25.00809118 
   209,    -25.26617388 
 209.1,     -25.5601846 
 209.2,    -25.89190559 
 209.3,     -26.2625838 
 209.4,    -26.67259957 
 209.5,    -27.12093191 
 209.6,    -27.60432242 
 209.7,     -28.1160237 
 209.8,    -28.64404147 
 209.9,    -29.16893987 
   210,    -29.66172119 
 210.1,    -30.08315512 
 210.2,    -30.38692348 
 210.3,    -30.52869919 
 210.4,    -30.47981037 
 210.5,    -30.23851374 
 210.6,     -29.8307945 
 210.7,    -29.30006381 
 210.8,    -28.69331687 
 210.9,    -28.05128888 
   211,     -27.4046485 
 211.1,    -26.77433917 
 211.2,    -26.17362449 
 211.3,    -25.61032692 
 211.4,    -25.08866417 
 211.5,    -24.61057658 
 211.6,    -24.17662613 
 211.7,    -23.78658269 
 211.8,    -23.43979736 
 211.9,    -23.13543702 
   212,    -22.87262924 
 212.1,    -22.65055066 
 212.2,    -22.46847989 
 212.3,      -22.325828 
 212.4,    -22.22215518 
 212.5,     -22.1571781 
 212.6,    -22.13077136 
 212.7,    -22.14296353 
 212.8,    -22.19392834 
 212.9,    -22.28396866 
   213,    -22.41349122 
 213.1,    -22.58296614 
 213.2,    -22.79286367 
 213.3,    -23.04355524 
 213.4,    -23.33515992 
 213.5,    -23.66730816 
 213.6,    -24.03878075 
 213.7,    -24.44696784 
 213.8,    -24.88707665 
 213.9,    -25.35102153 
   214,    -25.82598078 
 214.1,     -26.2927748 
 214.2,     -26.7245933 
 214.3,    -27.08719007 
 214.4,    -27.34214108 
 214.5,    -27.45419299 
 214.6,     -27.4011973 
 214.7,    -27.18181414 
 214.8,    -26.81597684 
 214.9,    -26.33778642 
   215,     -25.7855387 
 215.1,    -25.19395151 
 215.2,    -24.59047657 
 215.3,    -23.99484625 
 215.4,    -23.42024949 
 215.5,    -22.87494682 
 215.6,    -22.36374249 
 215.7,    -21.88912883 
 215.8,    -21.45210637 
 215.9,    -21.05274475 
   216,    -20.69055527 
 216.1,      -20.364733 
 216.2,    -20.07431151 
 216.3,    -19.81825933 
 216.4,    -19.59553814 
 216.5,    -19.40513622 
 216.6,    -19.24608466 
 216.7,    -19.11746291 
 216.8,    -19.01839637 
 216.9,    -18.94804831 
   217,     -18.9056074 
 217.1,    -18.89027134 
 217.2,    -18.90122649 
 217.3,    -18.93762379 
 217.4,    -18.99855009 
 217.5,    -19.08299472 
 217.6,    -19.18981059 
 217.7,    -19.31766963 
 217.8,    -19.46501268 
 217.9,    -19.62999441 
   218,    -19.81042523 
 218.1,    -20.00371407 
 218.2,    -20.20681797 
 218.3,    -20.41620707 
 218.4,    -20.62785808 
 218.5,     -20.8372907 
 218.6,    -21.03966297 
 218.7,    -21.22993966 
 218.8,    -21.40313817 
 218.9,    -21.55464413 
   219,    -21.68056796 
 219.1,    -21.77809638 
 219.2,    -21.84578027 
 219.3,    -21.88370455 
 219.4,    -21.89350457 
 219.5,    -21.87822647 
 219.6,    -21.84206154 
 219.7,    -21.79000702 
 219.8,    -21.72751265 
 219.9,    -21.66016217 
   220,    -21.59342146 
 220.1,    -21.53246532 
 220.2,    -21.48208002 
 220.3,    -21.44662897 
 220.4,    -21.43006658 
 220.5,    -21.43598495 
 220.6,    -21.46768152 
 220.7,    -21.52823846 
 220.8,    -21.62060891 
 220.9,    -21.74770665 
   221,    -21.91249869 
 221.1,    -22.11810225 
 221.2,    -22.36788754 
 221.3,    -22.66558932 
 221.4,    -23.01543081 
 221.5,    -23.42226101 
 221.6,    -23.89170526 
 221.7,    -24.43031799 
 221.8,     -25.0457081 
 221.9,    -25.74655324 
   222,    -26.54230423 
 222.1,    -27.44209341 
 222.2,    -28.45169983 
 222.3,    -29.56593805 
 222.4,    -30.75103973 
 222.5,    -31.90947653 
 222.6,    -32.83426049 
 222.7,    -33.22864409 
 222.8,    -32.90690418 
 222.9,    -31.99227273 
   223,    -30.78038073 
 223.1,    -29.50573193 
 223.2,    -28.28722878 
 223.3,    -27.16941726 
 223.4,    -26.16203122 
 223.5,    -25.26099437 
 223.6,    -24.45771514 
 223.7,    -23.74286172 
 223.8,    -23.10776738 
 223.9,    -22.54485983 
   224,    -22.04770496 
 224.1,    -21.61091174 
 224.2,    -21.22999944 
 224.3,    -20.90126661 
 224.4,    -20.62167637 
 224.5,    -20.38876052 
 224.6,    -20.20054278 
 224.7,    -20.05547804 
 224.8,    -19.95240608 
 224.9,    -19.89051736 
   225,     -19.8693298 
 225.1,    -19.88867476 
 225.2,     -19.9486921 
 225.3,    -20.04983407 
 225.4,    -20.19287768 
 225.5,    -20.37894665 
 225.6,    -20.60954373 
 225.7,    -20.88659457 
 225.8,    -21.21250508 
 225.9,    -21.59023417 
   226,    -22.02338308 
 226.1,    -22.51630167 
 226.2,    -23.07420653 
 226.3,    -23.70329548 
 226.4,    -24.41081579 
 226.5,    -25.20498268 
 226.6,    -26.09450001 
 226.7,    -27.08710497 
 226.8,    -28.18579998 
 226.9,    -29.37983245 
   227,    -30.62485437 
 227.1,    -31.80663144 
 227.2,    -32.70453464 
 227.3,    -33.04118716 
 227.4,    -32.69228782 
 227.5,    -31.81960143 
 227.6,    -30.70206459 
 227.7,    -29.54409695 
 227.8,    -28.44673957 
 227.9,    -27.44742838 
   228,    -26.55387084 
 228.1,    -25.76183948 
 228.2,    -25.06313101 
 228.3,     -24.4488525 
 228.4,    -23.91066535 
 228.5,    -23.44116955 
 228.6,    -23.03394013 
 228.7,    -22.68343204 
 228.8,    -22.38484474 
 228.9,    -22.13398275 
   229,    -21.92712478 
 229.1,    -21.76090427 
 229.2,    -21.63220085 
 229.3,    -21.53803936 
 229.4,    -21.47549494 
 229.5,    -21.44160184 
 229.6,    -21.43326562 
 229.7,    -21.44717916 
 229.8,    -21.47974569 
 229.9,    -21.52701442 
   230,    -21.58463743 
 230.1,    -21.64785992 
 230.2,    -21.71155796 
 230.3,    -21.77033882 
 230.4,     -21.8187143 
 230.5,    -21.85134992 
 230.6,    -21.86337614 
 230.7,    -21.85073096 
 230.8,    -21.81048527 
 230.9,    -21.74109444 
   231,    -21.64252729 
 231.1,    -21.51624395 
 231.2,    -21.36502754 
 231.3,    -21.19270317 
 231.4,    -21.00379742 
 231.5,    -20.80319372 
 231.6,    -20.59582715 
 231.7,    -20.38644656 
 231.8,    -20.17945117 
 231.9,    -19.97879721 
   232,    -19.78796167 
 232.1,    -19.60994789 
 232.2,    -19.44731853 
 232.3,    -19.30224386 
 232.4,     -19.1765573 
 232.5,    -19.07181147 
 232.6,    -18.98933181 
 232.7,    -18.93026555 
 232.8,    -18.89562528 
 232.9,    -18.88632696 
   233,    -18.90322297 
 233.1,    -18.94712991 
 233.2,    -19.01885267 
 233.3,    -19.11920415 
 233.4,     -19.2490212 
 233.5,    -19.40917688 
 233.6,    -19.60058776 
 233.7,    -19.82421575 
 233.8,    -20.08106181 
 233.9,    -20.37214824 
   234,    -20.69848399 
 234.1,    -21.06100422 
 234.2,    -21.46047099 
 234.3,    -21.89731509 
 234.4,    -22.37138926 
 234.5,    -22.88159061 
 234.6,    -23.42529457 
 234.7,    -23.99753252 
 234.8,    -24.58985254 
 234.9,    -25.18887066 
   235,    -25.77470998 
 235.1,    -26.31992653 
 235.2,    -26.79010065 
 235.3,    -27.14763688 
 235.4,    -27.35949033 
 235.5,    -27.40683945 
 235.6,    -27.29175535 
 235.7,    -27.03647083 
 235.8,    -26.67576429 
 235.9,    -26.24733562 
   236,    -25.78474071 
 236.1,    -25.31427066 
 236.2,    -24.85477386 
 236.3,    -24.41888865 
 236.4,    -24.01461645 
 236.5,    -23.64672516 
 236.6,    -23.31783196 
 236.7,    -23.02917883 
 236.8,    -22.78116433 
 236.9,    -22.57369892 
   237,    -22.40643889 
 237.1,    -22.27893854 
 237.2,    -22.19074863 
 237.3,     -22.1414796 
 237.4,    -22.13084203 
 237.5,    -22.15867186 
 237.6,    -22.22494645 
 237.7,    -22.32979313 
 237.8,    -22.47349267 
 237.9,    -22.65647725 
   238,    -22.87932214 
 238.1,    -23.14272726 
 238.2,     -23.4474848 
 238.3,    -23.79442332 
 238.4,    -24.18431513 
 238.5,    -24.61772611 
 238.6,    -25.09477403 
 238.7,    -25.61474672 
 238.8,    -26.17550658 
 238.9,    -26.77258548 
   239,    -27.39786117 
 239.1,    -28.03775249 
 239.2,    -28.67106513 
 239.3,     -29.2671174 
 239.4,    -29.78565454 
 239.5,    -30.18088132 
 239.6,    -30.41123388 
 239.7,    -30.45263245 
 239.8,    -30.30792519 
 239.9,    -30.00564126 
   240,    -29.58902138 
 240.1,    -29.10302036 
 240.2,     -28.5857228 
 240.3,    -28.06536529 
 240.4,    -27.56096341 
 240.5,    -27.08432481 
 240.6,    -26.64214766 
 240.7,    -26.23771249 
 240.8,    -25.87209425 
 240.9,    -25.54497625 
   241,    -25.25517423 
 241.1,    -25.00096247 
 241.2,    -24.78026907 
 241.3,     -24.5907867 
 241.4,    -24.43003033 
 241.5,    -24.29536087 
 241.6,    -24.18399067 
 241.7,    -24.09297949 
 241.8,     -24.0192302 
 241.9,    -23.95948999 
   242,    -23.91036427 
 242.1,    -23.86834851 
 242.2,    -23.82988238 
 242.3,    -23.79142922 
 242.4,    -23.74958054 
 242.5,    -23.70118069 
 242.6,    -23.64346384 
 242.7,    -23.57418872 
 242.8,    -23.49175692 
 242.9,    -23.39529719 
   243,    -23.28470504 
 243.1,    -23.16063027 
 243.2,    -23.02441404 
 243.3,    -22.87798525 
 243.4,    -22.72372959 
 243.5,    -22.56434746 
 243.6,    -22.40271641 
 243.7,    -22.24176903 
 243.8,     -22.0843942 
 243.9,    -21.93336377 
   244,    -21.79128494 
 244.1,    -21.66057462 
 244.2,    -21.54345219 
 244.3,    -21.44194627 
 244.4,    -21.35791135 
 244.5,    -21.29305139 
 244.6,    -21.24894724 
 244.7,    -21.22708641 
 244.8,    -21.22889436 
 244.9,    -21.25576588 
   245,    -21.30909723 
 245.1,    -21.39031847 
 245.2,    -21.50092706 
 245.3,    -21.64252253 
 245.4,    -21.81684384 
 245.5,    -22.02580959 
 245.6,    -22.27156216 
 245.7,    -22.55651664 
 245.8,    -22.88341445 
 245.9,    -23.25538145 
   246,    -23.67598638 
 246.1,    -24.14929305 
 246.2,    -24.67988735 
 246.3,    -25.27284189 
 246.4,    -25.93353955 
 246.5,    -26.66719276 
 246.6,    -27.47772787 
 246.7,    -28.36536853 
 246.8,    -29.32165666 
 246.9,    -30.31984172 
   247,    -31.29866823 
 247.1,    -32.14325953 
 247.2,    -32.68646223 
 247.3,    -32.77308308 
 247.4,    -32.37042969 
 247.5,    -31.59684257 
 247.6,    -30.62684036 
 247.7,    -29.59898585 
 247.8,    -28.59400939 
 247.9,    -27.65017735 
   248,    -26.78182007 
 248.1,    -25.99145128 
 248.2,    -25.27631076 
 248.3,    -24.63161144 
 248.4,    -24.05207094 
 248.5,    -23.53259534 
 248.6,    -23.06855469 
 248.7,     -22.6558657 
 248.8,    -22.29098885 
 248.9,    -21.97088874 
   249,    -21.69298401 
 249.1,    -21.45509608 
 249.2,    -21.25540319 
 249.3,    -21.09240063 
 249.4,     -20.9648675 
 249.5,    -20.87184023 
 249.6,    -20.81259216 
 249.7,    -20.78661834 
 249.8,    -20.79362603 
 249.9,    -20.83352997 
   250,    -20.90645267 
 250.1,    -21.01273009 
 250.2,    -21.15292266 
 250.3,    -21.32783316 
 250.4,    -21.53853192 
 250.5,    -21.78639143 
 250.6,    -22.07313267 
 250.7,    -22.40088683 
 250.8,    -22.77227717 
 250.9,    -23.19052857 
   251,    -23.65961503 
 251.1,     -24.1844622 
 251.2,    -24.77122864 
 251.3,    -25.42770626 
 251.4,    -26.16390403 
 251.5,    -26.99292527 
 251.6,    -27.93233284 
 251.7,     -29.0063686 
 251.8,    -30.24975546 
 251.9,    -31.71465271 
   252,    -33.48450747 
 252.1,    -35.70491757 
 252.2,    -38.66400908 
 252.3,    -43.05310566 
 252.4,    -50.81470034 
 252.5,    -49.73721454 
 252.6,    -42.66525209 
 252.7,    -38.66868853 
 252.8,    -35.97918224 
 252.9,    -33.98094348 
   253,    -32.41012319 
 253.1,    -31.13088576 
 253.2,    -30.06431876 
 253.3,    -29.16054365 
 253.4,     -28.3860038 
 253.5,     -27.7170055 
 253.6,    -27.13615174 
 253.7,    -26.63024317 
 253.8,    -26.18897388 
 253.9,    -25.80408591 
   254,    -25.46879943 
 254.1,    -25.17741643 
 254.2,    -24.92503639 
 254.3,    -24.70734783 
 254.4,    -24.52047226 
 254.5,    -24.36084535 
 254.6,     -24.2251271 
 254.7,    -24.11013388 
 254.8,    -24.01279007 
 254.9,    -23.93009618 
   255,    -23.85911401 
 255.1,    -23.79696714 
 255.2,    -23.74085711 
 255.3,    -23.68809446 
 255.4,     -23.6361427 
 255.5,    -23.58267241 
 255.6,    -23.52562159 
 255.7,    -23.46325626 
 255.8,    -23.39422548 
 255.9,    -23.31760459 
   256,    -23.23292081 
 256.1,    -23.14015871 
 256.2,    -23.03974313 
 256.3,    -22.93250194 
 256.4,    -22.81961188 
 256.5,    -22.70253337 
 256.6,    -22.58293968 
 256.7,    -22.46264649 
 256.8,    -22.34354694 
 256.9,    -22.22755531 
   257,    -22.11656092 
 257.1,    -22.01239418 
 257.2,    -21.91680262 
 257.3,    -21.83143717 
 257.4,    -21.75784665 
 257.5,    -21.69747873 
 257.6,    -21.65168601 
 257.7,    -21.62173577 
 257.8,    -21.60882213 
 257.9,    -21.61407992 
   258,    -21.63859919 
 258.1,    -21.68344025 
 258.2,    -21.74964838 
 258.3,    -21.83826843 
 258.4,    -21.95035837 
 258.5,    -22.08700221 
 258.6,    -22.24932126 
 258.7,    -22.43848294 
 258.8,    -22.65570698 
 258.9,    -22.90226576 
   259,     -23.1794773 
 259.1,    -23.48868581 
 259.2,    -23.83122287 
 259.3,    -24.20833858 
 259.4,    -24.62108561 
 259.5,    -25.07013026 
 259.6,    -25.55545122 
 259.7,    -26.07586874 
 259.8,    -26.62832586 
 259.9,    -27.20682684 
   260,    -27.80095558 
 260.1,      -28.394005 
 260.2,    -28.96106632 
 260.3,    -29.46806249 
 260.4,    -29.87354127 
 260.5,    -30.13520616 
 260.6,    -30.22109265 
 260.7,    -30.12084261 
 260.8,    -29.84989121 
 260.9,    -29.44344235 
   261,    -28.94465889 
 261.1,     -28.3941839 
 261.2,    -27.82462613 
 261.3,     -27.2594728 
 261.4,    -26.71435689 
 261.5,    -26.19901297 
 261.6,    -25.71908669 
 261.7,    -25.27753263 
 261.8,    -24.87560096 
 261.9,    -24.51349988 
   262,      -24.190825 
 262.1,    -23.90682978 
 262.2,    -23.66058984 
 262.3,    -23.45109608 
 262.4,    -23.27729993 
 262.5,    -23.13812319 
 262.6,    -23.03244099 
 262.7,    -22.95904041 
 262.8,    -22.91655489 
 262.9,    -22.90337174 
   263,    -22.91750841 
 263.1,    -22.95645228 
 263.2,    -23.01695907 
 263.3,    -23.09480899 
 263.4,     -23.1845285 
 263.5,    -23.27910113 
 263.6,    -23.36972094 
 263.7,    -23.44567806 
 263.8,    -23.49450847 
 263.9,    -23.50255884 
   264,     -23.4560744 
 264.1,    -23.34277647 
 264.2,    -23.15366145 
 264.3,    -22.88453488 
 264.4,    -22.53675517 
 264.5,    -22.11690097 
 264.6,      -21.635492 
 264.7,    -21.10522499 
 264.8,    -20.53925765 
 264.9,    -19.94990641 
   265,    -19.34787658 
 265.1,    -18.74196067 
 265.2,    -18.13906035 
 265.3,    -17.54438889 
 265.4,    -16.96174595 
 265.5,    -16.39379876 
 265.6,    -15.84233574 
 265.7,    -15.30847928 
 265.8,    -14.79285694 
 265.9,    -14.29573475 
   266,    -13.81711925 
 266.1,    -13.35683422 
 266.2,    -12.91457793 
 266.3,    -12.48996533 
 266.4,    -12.08255902 
 266.5,    -11.69189172 
 266.6,    -11.31748236 
 266.7,    -10.95884776 
 266.8,    -10.61551056 
 266.9,    -10.28700488 
   267,    -9.972879946 
 267.1,    -9.672702515 
 267.2,    -9.386058203 
 267.3,    -9.112552178 
 267.4,    -8.851809327 
 267.5,    -8.603474053 
 267.6,    -8.367209924 
 267.7,    -8.142699016 
 267.8,    -7.929641273 
 267.9,    -7.727753779 
   268,    -7.536769965 
 268.1,    -7.356438869 
 268.2,    -7.186524357 
 268.3,    -7.026804431 
 268.4,    -6.877070484 
 268.5,    -6.737126676 
 268.6,    -6.606789275 
 268.7,     -6.48588609 
 268.8,    -6.374255888 
 268.9,     -6.27174795 
   269,    -6.178221515 
 269.1,    -6.093545418 
 269.2,    -6.017597654 
 269.3,    -5.950265019 
 269.4,    -5.891442772 
 269.5,    -5.841034368 
 269.6,    -5.798951166 
 269.7,    -5.765112168 
 269.8,    -5.739443869 
 269.9,    -5.721880021 
   270,    -5.712361493 
 270.1,     -5.71083616 
 270.2,    -5.717258779 
 270.3,    -5.731590922 
 270.4,    -5.753800905 
 270.5,    -5.783863792 
 270.6,    -5.821761368 
 270.7,     -5.86748217 
 270.8,    -5.921021554 
 270.9,    -5.982381748 
   271,    -6.051571983 
 271.1,    -6.128608609 
 271.2,    -6.213515293 
 271.3,    -6.306323205 
 271.4,    -6.407071261 
 271.5,    -6.515806409 
 271.6,    -6.632583943 
 271.7,    -6.757467892 
 271.8,    -6.890531415 
 271.9,    -7.031857309 
   272,    -7.181538522 
 272.1,     -7.33967877 
 272.2,    -7.506393242 
 272.3,    -7.681809342 
 272.4,     -7.86606759 
 272.5,    -8.059322571 
 272.6,    -8.261744084 
 272.7,    -8.473518331 
 272.8,    -8.694849395 
 272.9,     -8.92596076 
   273,    -9.167097171 
 273.1,    -9.418526663 
 273.2,    -9.680542874 
 273.3,    -9.953467744 
 273.4,    -10.23765451 
 273.5,    -10.53349123 
 273.6,    -10.84140474 
 273.7,    -11.16186534 
 273.8,    -11.49539206 
 273.9,    -11.84255897 
   274,     -12.2040023 
 274.1,      -12.580429 
 274.2,    -12.97262663 
 274.3,     -13.3814751 
 274.4,    -13.80796055 
 274.5,    -14.25319186 
 274.6,    -14.71842039 
 274.7,    -15.20506358 
 274.8,    -15.71473345 
 274.9,    -16.24927104 
   275,    -16.81078794 
 275.1,    -17.40171683 
 275.2,    -18.02487261 
 275.3,    -18.68352586 
 275.4,    -19.38149026 
 275.5,    -20.12322347 
 275.6,    -20.91393745 
 275.7,    -21.75970343 
 275.8,    -22.66751481 
 275.9,    -23.64521723 
   276,    -24.70109622 
 276.1,     -25.8426401 
 276.2,    -27.07338353 
 276.3,     -28.3854525 
 276.4,     -29.7432567 
 276.5,    -31.05295525 
 276.6,    -32.12634716 
 276.7,    -32.70240221 
 276.8,    -32.61329844 
 276.9,    -31.95153985 
   277,    -30.97274216 
 277.1,    -29.89658428 
 277.2,    -28.84382505 
 277.3,    -27.86453295 
 277.4,    -26.97296952 
 277.5,    -26.16801373 
 277.6,    -25.44284019 
 277.7,    -24.78910587 
 277.8,    -24.19863995 
 277.9,    -23.66404793 
   278,     -23.1788599 
 278.1,    -22.73749738 
 278.2,    -22.33517616 
 278.3,    -21.96779588 
 278.4,    -21.63183586 
 278.5,    -21.32426347 
 278.6,    -21.04245691 
 278.7,    -20.78414057 
 278.8,    -20.54733192 
 278.9,    -20.33029738 
   279,    -20.13151637 
 279.1,    -19.94965121 
 279.2,    -19.78352246 
 279.3,    -19.63208826 
 279.4,    -19.49442705 
 279.5,    -19.36972311 
 279.6,    -19.25725436 
 279.7,    -19.15638187 
 279.8,    -19.06654106 
 279.9,    -18.98723403 
   280,    -18.91802294 
 280.1,    -18.85852426 
 280.2,    -18.80840374 
 280.3,    -18.76737193 
 280.4,    -18.73518022 
 280.5,    -18.71161717 
 280.6,    -18.69650544 
 280.7,    -18.68969868 
 280.8,    -18.69107892 
 280.9,    -18.70055388 
   281,    -18.71805468 
 281.1,    -18.74353347 
 281.2,    -18.77696123 
 281.3,    -18.81832556 
 281.4,    -18.86762854 
 281.5,    -18.92488427 
 281.6,    -18.99011693 
 281.7,      -19.063358 
 281.8,    -19.14464381 
 281.9,    -19.23401267 
   282,    -19.33150167 
 282.1,     -19.4371431 
 282.2,     -19.5509605 
 282.3,    -19.67296393 
 282.4,    -19.80314466 
 282.5,    -19.94146896 
 282.6,     -20.0878708 
 282.7,    -20.24224343 
 282.8,    -20.40442948 
 282.9,    -20.57420951 
   283,     -20.7512887 
 283.1,    -20.93528151 
 283.2,    -21.12569423 
 283.3,    -21.32190559 
 283.4,    -21.52314483 
 283.5,     -21.7284686 
 283.6,    -21.93673663 
 283.7,    -22.14658767 
 283.8,    -22.35641758 
 283.9,    -22.56436189 
   284,    -22.76828676 
 284.1,     -22.9657918 
 284.2,    -23.15423084 
 284.3,    -23.33075391 
 284.4,    -23.49237639 
 284.5,    -23.63607603 
 284.6,    -23.75891724 
 284.7,    -23.85819675 
 284.8,    -23.93159891 
 284.9,    -23.97734515 
   285,    -23.99431952 
 285.1,    -23.98215227 
 285.2,    -23.94124985 
 285.3,    -23.87276582 
 285.4,    -23.77851796 
 285.5,    -23.66086345 
 285.6,    -23.52254953 
 285.7,     -23.3665582 
 285.8,    -23.19596048 
 285.9,    -23.01379171 
   286,    -22.82295405 
 286.1,    -22.62614728 
 286.2,    -22.42582583 
 286.3,    -22.22417846 
 286.4,    -22.02312454 
 286.5,    -21.82432338 
 286.6,     -21.6291912 
 286.7,    -21.43892314 
 286.8,      -21.254517 
 286.9,    -21.07679751 
   287,    -20.90643947 
 287.1,    -20.74398915 
 287.2,    -20.58988374 
 287.3,    -20.44446861 
 287.4,    -20.30801217 
 287.5,    -20.18071901 
 287.6,    -20.06274092 
 287.7,    -19.95418639 
 287.8,    -19.85512856 
 287.9,    -19.76561186 
   288,    -19.68565779 
 288.1,    -19.61526942 
 288.2,    -19.55443538 
 288.3,    -19.50313303 
 288.4,    -19.46133103 
 288.5,    -19.42899163 
 288.6,    -19.40607227 
 288.7,    -19.39252712 
 288.8,    -19.38830808 
 288.9,    -19.39336569 
   289,    -19.40764983 
 289.1,    -19.43111015 
 289.2,    -19.46369635 
 289.3,    -19.50535847 
 289.4,    -19.55604681 
 289.5,    -19.61571189 
 289.6,     -19.6843044 
 289.7,     -19.7617748 
 289.8,    -19.84807299 
 289.9,    -19.94314785 
   290,    -20.04694661 
 290.1,    -20.15941434 
 290.2,     -20.2804929 
 290.3,    -20.41012029 
 290.4,    -20.54822943 
 290.5,    -20.69474704 
 290.6,    -20.84959233 
 290.7,    -21.01267545 
 290.8,    -21.18389577 
 290.9,    -21.36314002 
   291,    -21.55028008 
 291.1,    -21.74517065 
 291.2,     -21.9476465 
 291.3,    -22.15751944 
 291.4,    -22.37457517 
 291.5,    -22.59856939 
 291.6,    -22.82922391 
 291.7,    -23.06622213 
 291.8,    -23.30920428 
 291.9,    -23.55776217 
   292,    -23.81143358 
 292.1,    -24.06969657 
 292.2,     -24.3319632 
 292.3,    -24.59757331 
 292.4,    -24.86578852 
 292.5,    -25.13578637 
 292.6,     -25.4066549 
 292.7,    -25.67738858 
 292.8,    -25.94688528 
 292.9,    -26.21394539 
   293,     -26.4772735 
 293.1,    -26.73548326 
 293.2,    -26.98710595 
 293.3,    -27.23060361 
 293.4,    -27.46438691 
 293.5,    -27.68683826 
 293.6,    -27.89633947 
 293.7,    -28.09130405 
 293.8,    -28.27021313 
 293.9,    -28.43165259 
   294,     -28.5743505 
 294.1,    -28.69721253 
 294.2,    -28.79935244 
 294.3,    -28.88011622 
 294.4,    -28.93909742 
 294.5,    -28.97614433 
 294.6,    -28.99135625 
 294.7,    -28.98507191 
 294.8,    -28.95784969 
 294.9,    -28.91044197 
   295,    -28.84376594 
 295.1,    -28.75887203 
 295.2,    -28.65691285 
 295.3,    -28.53911368 
 295.4,    -28.40674485 
 295.5,    -28.26109856 
 295.6,    -28.10346829 
 295.7,    -27.93513207 
 295.8,    -27.75733954 
 295.9,    -27.57130129 
   296,    -27.37818142 
 296.1,     -27.1790919 
 296.2,    -26.97508861 
 296.3,     -26.7671696 
 296.4,    -26.55627335 
 296.5,    -26.34327894 
 296.6,    -26.12900622 
 296.7,    -25.91421719 
 296.8,     -25.6996171 
 296.9,    -25.48585645 
   297,    -25.27353301 
 297.1,    -25.06319406 
 297.2,    -24.85533876 
 297.3,    -24.65042052 
 297.4,     -24.4488497 
 297.5,    -24.25099588 
 297.6,    -24.05719057 
 297.7,    -23.86772949 
 297.8,     -23.6828751 
 297.9,    -23.50285865 
   298,    -23.32788263 
 298.1,    -23.15812284 
 298.2,    -22.99373002 
 298.3,    -22.83483209 
 298.4,     -22.6815357 
 298.5,    -22.53392767 
 298.6,    -22.39207663 
 298.7,    -22.25603425 
 298.8,    -22.12583645 
 298.9,    -22.00150435 
   299,    -21.88304537 
 299.1,     -21.7704539 
 299.2,    -21.66371203 
 299.3,    -21.56279006 
 299.4,    -21.46764712 
 299.5,    -21.37823124 
 299.6,     -21.2944798 
 299.7,    -21.21631958 
 299.8,     -21.1436666 
 299.9,    -21.07642626 
   300,    -21.01449286 
 300.1,    -20.95774943 
 300.2,    -20.90606718 
 300.3,    -20.85930495 
 300.4,    -20.81730853 
 300.5,    -20.77990983 
 300.6,    -20.74692594 
 300.7,    -20.71815822 
 300.8,    -20.69339101 
 300.9,    -20.67239042 
   301,    -20.65490319 
 301.1,    -20.64065507 
 301.2,    -20.62934957 
 301.3,    -20.62066654 
 301.4,    -20.61426055 
 301.5,    -20.60975987 
 301.6,    -20.60676501 
 301.7,    -20.60484802 
 301.8,    -20.60355142 
 301.9,    -20.60238833 
   302,     -20.6008424 
 302.1,    -20.59836857 
 302.2,    -20.59439488 
 302.3,    -20.58832455 
 302.4,    -20.57953959 
 302.5,      -20.567405 
 302.6,    -20.55127454 
 302.7,    -20.53049722 
 302.8,    -20.50442536 
 302.9,     -20.4724234 
   303,    -20.43387769 
 303.1,    -20.38820707 
 303.2,    -20.33487374 
 303.3,    -20.27339392 
 303.4,    -20.20334861 
 303.5,    -20.12439268 
 303.6,    -20.03626345 
 303.7,    -19.93878698 
 303.8,    -19.83188229 
 303.9,    -19.71556368 
   304,    -19.58994011 
 304.1,    -19.45521245 
 304.2,    -19.31166836 
 304.3,    -19.15967512 
 304.4,    -18.99967101 
 304.5,    -18.83215517 
 304.6,    -18.65767694 
 304.7,     -18.4768247 
 304.8,    -18.29021502 
 304.9,    -18.09848202 
   305,    -17.90226761 
 305.1,    -17.70221277 
 305.2,    -17.49894971 
 305.3,    -17.29309544 
 305.4,    -17.08524629 
 305.5,     -16.8759738 
 305.6,    -16.66582144 
 305.7,    -16.45530244 
 305.8,    -16.24489839 
 305.9,    -16.03505859 
   306,    -15.82619998 
 306.1,    -15.61870753 
 306.2,    -15.41293508 
 306.3,    -15.20920633 
 306.4,    -15.00781621 
 306.5,    -14.80903224 
 306.6,    -14.61309603 
 306.7,    -14.42022479 
 306.8,    -14.23061285 
 306.9,    -14.04443309 
   307,    -13.86183846 
 307.1,    -13.68296317 
 307.2,    -13.50792403 
 307.3,    -13.33682166 
 307.4,    -13.16974144 
 307.5,    -13.00675453 
 307.6,    -12.84791879 
 307.7,    -12.69327945 
 307.8,     -12.5428699 
 307.9,    -12.39671222 
   308,    -12.25481771 
 308.1,    -12.11718731 
 308.2,    -11.98381201 
 308.3,    -11.85467303 
 308.4,    -11.72974217 
 308.5,    -11.60898185 
 308.6,    -11.49234533 
 308.7,    -11.37977667 
 308.8,    -11.27121081 
 308.9,    -11.16657351 
   309,    -11.06578132 
 309.1,     -10.9687415 
 309.2,    -10.87535188 
 309.3,     -10.7855008 
 309.4,      -10.699067 
 309.5,    -10.61591945 
 309.6,    -10.53591737 
 309.7,    -10.45891005 
 309.8,    -10.38473692 
 309.9,    -10.31322756 
   310,    -10.24420171 
 310.1,     -10.1774696 
 310.2,    -10.11283204 
 310.3,     -10.0500809 
 310.4,    -9.988999527 
 310.5,    -9.929363414 
 310.6,    -9.870940921 
 310.7,    -9.813494181 
 310.8,    -9.756780244 
 310.9,     -9.70055223 
   311,    -9.644560829 
 311.1,    -9.588555841 
 311.2,    -9.532287945 
 311.3,    -9.475510588 
 311.4,    -9.417981983 
 311.5,    -9.359467304 
 311.6,    -9.299740804 
 311.7,    -9.238588103 
 311.8,    -9.175808406 
 311.9,    -9.111216684 
   312,    -9.044645738 
 312.1,    -8.975948145 
 312.2,    -8.904997974 
 312.3,    -8.831692286 
 312.4,    -8.755952318 
 312.5,      -8.6777244 
 312.6,    -8.596980442 
 312.7,    -8.513718193 
 312.8,    -8.427960976 
 312.9,    -8.339757197 
   313,    -8.249179447 
 313.1,    -8.156323286 
 313.2,    -8.061305738 
 313.3,    -7.964263566 
 313.4,    -7.865351327 
 313.5,    -7.764739287 
 313.6,    -7.662611194 
 313.7,    -7.559162057 
 313.8,    -7.454595873 
 313.9,    -7.349123389 
   314,    -7.242959986 
 314.1,    -7.136323567 
 314.2,    -7.029432687 
 314.3,    -6.922504735 
 314.4,    -6.815754347 
 314.5,    -6.709391936 
 314.6,     -6.60362245 
 314.7,    -6.498644216 
 314.8,     -6.39464807 
 314.9,     -6.29181651 
   315,    -6.190323129 
 315.1,    -6.090332077 
 315.2,    -5.991997707 
 315.3,    -5.895464332 
 315.4,    -5.800866035 
 315.5,    -5.708326618 
 315.6,    -5.617959598 
 315.7,    -5.529868255 
 315.8,    -5.444145746 
 315.9,     -5.36087526 
   316,    -5.280130189 
 316.1,    -5.201974353 
 316.2,    -5.126462204 
 316.3,    -5.053639069 
 316.4,      -4.9835414 
 316.5,    -4.916196998 
 316.6,    -4.851625292 
 316.7,     -4.78983755 
 316.8,    -4.730837142 
 316.9,     -4.67461977 
   317,    -4.621173693 
 317.1,    -4.570479968 
 317.2,    -4.522512661 
 317.3,    -4.477239085 
 317.4,    -4.434619985 
 317.5,    -4.394609804 
 317.6,    -4.357156879 
 317.7,    -4.322203677 
 317.8,    -4.289687038 
 317.9,    -4.259538419 
   318,     -4.23168415 
 318.1,    -4.206045735 
 318.2,    -4.182540132 
 318.3,    -4.161080074 
 318.4,    -4.141574445 
 318.5,    -4.123928632 
 318.6,    -4.108044928 
 318.7,    -4.093823006 
 318.8,    -4.081160354 
 318.9,    -4.069952824 
   319,    -4.060095153 
 319.1,    -4.051481558 
 319.2,    -4.044006353 
 319.3,    -4.037564594 
 319.4,    -4.032052769 
 319.5,    -4.027369502 
 319.6,    -4.023416279 
 319.7,    -4.020098199 
 319.8,    -4.017324722 
 319.9,    -4.015010441 
   320,     -4.01307581 
 320.1,    -4.011447903 
 320.2,    -4.010061118 
 320.3,    -4.008857854 
 320.4,    -4.007789162 
 320.5,    -4.006815329 
 320.6,    -4.005906385 
 320.7,    -4.005042599 
 320.8,    -4.004214849 
 320.9,    -4.003424911 
   321,    -4.002685713 
 321.1,    -4.002021446 
 321.2,    -4.001467617 
 321.3,    -4.001071008 
 321.4,    -4.000889525 
 321.5,     -4.00099201 
 321.6,    -4.001457931 
 321.7,    -4.002377008 
 321.8,    -4.003848795 
 321.9,    -4.005982178 
   322,    -4.008894825 
 322.1,    -4.012712627 
 322.2,    -4.017569046 
 322.3,    -4.023604524 
 322.4,    -4.030965793 
 322.5,    -4.039805243 
 322.6,    -4.050280243 
 322.7,    -4.062552527 
 322.8,    -4.076787548 
 322.9,    -4.093153846 
   323,    -4.111822475 
 323.1,    -4.132966456 
 323.2,    -4.156760176 
 323.3,     -4.18337893 
 323.4,    -4.212998386 
 323.5,    -4.245794127 
 323.6,    -4.281941165 
 323.7,    -4.321613523 
 323.8,    -4.364983742 
 323.9,    -4.412222453 
   324,    -4.463497878 
 324.1,    -4.518975329 
 324.2,    -4.578816651 
 324.3,    -4.643179595 
 324.4,    -4.712217145 
 324.5,    -4.786076683 
 324.6,    -4.864899084 
 324.7,    -4.948817617 
 324.8,    -5.037956649 
 324.9,    -5.132430143 
   325,    -5.232339855 
 325.1,     -5.33777321 
 325.2,    -5.448800798 
 325.3,    -5.565473373 
 325.4,    -5.687818388 
 325.5,    -5.815835838 
 325.6,    -5.949493456 
 325.7,    -6.088721065 
 325.8,    -6.233404003 
 325.9,    -6.383375593 
   326,    -6.538408432 
 326.1,     -6.69820456 
 326.2,    -6.862384308 
 326.3,    -7.030474039 
 326.4,    -7.201892675 
 326.5,    -7.375937429 
 326.6,    -7.551768978 
 326.7,    -7.728396835 
 326.8,     -7.90466577 
 326.9,      -8.0792446 
   327,    -8.250619008 
 327.1,     -8.41709039 
 327.2,    -8.576783223 
 327.3,    -8.727663372 
 327.4,    -8.867569891 
 327.5,    -8.994262012 
 327.6,      -9.1054821 
 327.7,    -9.199033643 
 327.8,    -9.272870909 
 327.9,    -9.325194684 
   328,    -9.354546156 
 328.1,    -9.359889852 
 328.2,    -9.340676172 
 328.3,    -9.296876252 
 328.4,    -9.228984529 
 328.5,    -9.137988725 
 328.6,    -9.025311091 
 328.7,    -8.892728212 
 328.8,    -8.742278137 
 328.9,    -8.576164477 
   329,    -8.396665437 
 329.1,    -8.206053869 
 329.2,    -8.006531948 
 329.3,    -7.800181792 
 329.4,    -7.588931553 
 329.5,    -7.374535268 
 329.6,    -7.158564078 
 329.7,    -6.942406272 
 329.8,    -6.727273871 
 329.9,    -6.514213388 
   330,    -6.304119268 
 330.1,    -6.097748575 
 330.2,    -5.895735885 
 330.3,    -5.698607909 
 330.4,    -5.506797153 
 330.5,    -5.320654636 
 330.6,    -5.140461278 
 330.7,     -4.96643817 
 330.8,    -4.798755596 
 330.9,    -4.637540971 
   331,    -4.482885749 
 331.1,    -4.334851403 
 331.2,    -4.193474604 
 331.3,     -4.05877169 
 331.4,    -3.930742495 
 331.5,     -3.80937366 
 331.6,    -3.694641487 
 331.7,    -3.586514389 
 331.8,     -3.48495502 
 331.9,    -3.389922121 
   332,    -3.301372152 
 332.1,    -3.219260707 
 332.2,    -3.143543778 
 332.3,    -3.074178899 
 332.4,    -3.011126177 
 332.5,    -2.954349233 
 332.6,    -2.903816101 
 332.7,    -2.859500061 
 332.8,    -2.821380442 
 332.9,    -2.789443421 
   333,    -2.763682767 
 333.1,    -2.744100662 
 333.2,    -2.730708443 
 333.3,    -2.723527441 
 333.4,     -2.72258977 
 333.5,    -2.727939233 
 333.6,    -2.739632198 
 333.7,    -2.757738544 
 333.8,    -2.782342692 
 333.9,    -2.813544665 
   334,    -2.851461239 
 334.1,    -2.896227201 
 334.2,    -2.947996651 
 334.3,    -3.006944489 
 334.4,    -3.073267969 
 334.5,    -3.147188434 
 334.6,    -3.228953224 
 334.7,    -3.318837764 
 334.8,    -3.417147847 
 334.9,    -3.524222234 
   335,    -3.640435493 
 335.1,    -3.766201177 
 335.2,    -3.901975388 
 335.3,    -4.048260771 
 335.4,    -4.205610981 
 335.5,    -4.374635689 
 335.6,    -4.556006211 
 335.7,    -4.750461773 
 335.8,    -4.958816508 
 335.9,    -5.181967119 
   336,    -5.420901304 
 336.1,    -5.676706724 
 336.2,    -5.950580285 
 336.3,     -6.24383724 
 336.4,    -6.557919232 
 336.5,    -6.894399626 
 336.6,     -7.25498355 
 336.7,    -7.641498008 
 336.8,    -8.055864707 
 336.9,    -8.500042973 
   337,    -8.975922127 
 337.1,    -9.485129136 
 337.2,    -10.02869582 
 337.3,    -10.60649616 
 337.4,    -11.21631618 
 337.5,    -11.85236255 
 337.6,    -12.50298543 
 337.7,    -13.14750507 
 337.8,    -13.75255979 
 337.9,    -14.26974644 
   338,    -14.63844123 
 338.1,    -14.79835987 
 338.2,    -14.71090432 
 338.3,     -14.3770725 
 338.4,    -13.83699282 
 338.5,    -13.15151096 
 338.6,    -12.38104821 
 338.7,    -11.57350935 
 338.8,    -10.76178735 
 338.9,    -9.966242651 
   339,    -9.198357684 
 339.1,    -8.463874254 
 339.2,     -7.76503282 
 339.3,    -7.102035236 
 339.4,    -6.473955297 
 339.5,    -5.879289124 
 339.6,    -5.316280349 
 339.7,    -4.783107794 
 339.8,    -4.277990309 
 339.9,    -3.799242204 
   340,    -3.345299438 
 340.1,    -2.914728927 
 340.2,    -2.506228252 
 340.3,    -2.118620167 
 340.4,    -1.750844557 
 340.5,    -1.401949382 
 340.6,    -1.071081531 
 340.7,   -0.7574779773 
 340.8,   -0.4604576382 
 340.9,   -0.1794138992 
   341,   0.08619203062 
 341.1,    0.3368370516 
 341.2,    0.5729413625 
 341.3,     0.794873008 
 341.4,     1.002951807 
 341.5,     1.197452704 
 341.6,     1.378608635 
 341.7,     1.546612919 
 341.8,     1.701621188 
 341.9,     1.843752957 
   342,     1.973092784 
 342.1,     2.089691064 
 342.2,     2.193564499 
 342.3,     2.284696185 
 342.4,     2.363035377 
 342.5,     2.428496857 
 342.6,     2.480959976 
 342.7,     2.520267241 
 342.8,     2.546222487 
 342.9,     2.558588572 
   343,     2.557084495 
 343.1,     2.541381933 
 343.2,      2.51110103 
 343.3,     2.465805357 
 343.4,     2.404995897 
 343.5,     2.328103857 
 343.6,     2.234482062 
 343.7,     2.123394643 
 343.8,     1.994004672 
 343.9,      1.84535918 
   344,      1.67637102 
 344.1,     1.485796714 
 344.2,     1.272209212 
 344.3,     1.033964184 
 344.4,    0.7691578795 
 344.5,     0.475574044 
 344.6,    0.1506163006 
 344.7,   -0.2087789616 
 344.8,   -0.6062561474 
 344.9,    -1.046190611 
   345,    -1.533890028 
 345.1,    -2.075869041 
 345.2,    -2.680230249 
 345.3,    -3.357202957 
 345.4,    -4.119919709 
 345.5,    -4.985556861 
 345.6,    -5.977034219 
 345.7,     -7.12554984 
 345.8,    -8.474203106 
 345.9,    -10.08214584 
   346,    -12.02331391 
 346.1,    -14.34275321 
 346.2,    -16.78013088 
 346.3,    -17.93601684 
 346.4,    -16.42860039 
 346.5,    -13.80483072 
 346.6,     -11.3489512 
 346.7,    -9.272395032 
 346.8,    -7.523091324 
 346.9,    -6.027802235 
   347,    -4.728830344 
 347.1,    -3.584240867 
 347.2,     -2.56366776 
 347.3,    -1.644780448 
 347.4,   -0.8108284942 
 347.5,  -0.04899682814 
 347.6,    0.6506988825 
 347.7,     1.296165297 
 347.8,     1.893754548 
 347.9,     2.448634758 
   348,     2.965057353 
 348.1,      3.44655327 
 348.2,     3.896079299 
 348.3,     4.316128798 
 348.4,     4.708816549 
 348.5,     5.075944561 
 348.6,      5.41905365 
 348.7,     5.739464193 
 348.8,     6.038308638 
 348.9,     6.316557543 
   349,     6.575040578 
 349.1,      6.81446348 
 349.2,     7.035421776 
 349.3,      7.23841184 
 349.4,     7.423839756 
 349.5,     7.592028332 
 349.6,     7.743222525 
 349.7,      7.87759347 
 349.8,     7.995241274 
 349.9,     8.096196649 
   350,     8.180421458 
 350.1,     8.247808201 
 350.2,     8.298178416 
 350.3,     8.331279967 
 350.4,     8.346783121 
 350.5,     8.344275303 
 350.6,     8.323254377 
 350.7,     8.283120204 
 350.8,     8.223164208 
 350.9,     8.142556602 
   351,     8.040330783 
 351.1,     7.915364336 
 351.2,     7.766355889 
 351.3,     7.591796916 
 351.4,     7.389937314 
 351.5,     7.158743324 
 351.6,     6.895846063 
 351.7,     6.598478604 
 351.8,      6.26339938 
 351.9,     5.886799821 
   352,     5.464195204 
 352.1,     4.990301079 
 352.2,     4.458905954 
 352.3,     3.862771425 
 352.4,     3.193638451 
 352.5,      2.44253012 
 352.6,     1.600801325 
 352.7,    0.6629878767 
 352.8,   -0.3661637788 
 352.9,    -1.455625419 
   353,    -2.516122708 
 353.1,    -3.357268092 
 353.2,    -3.697721843 
 353.3,    -3.339103136 
 353.4,     -2.36833504 
 353.5,    -1.062153277 
 353.6,    0.3409657647 
 353.7,     1.712919903 
 353.8,     3.002665925 
 353.9,     4.196960694 
   354,     5.298199178 
 354.1,     6.314263876 
 354.2,     7.254281808 
 354.3,     8.126983561 
 354.4,     8.940158172 
 354.5,     9.700553043 
 354.6,     10.41394251 
 354.7,      11.0852494 
 354.8,     11.71867282 
 354.9,     12.31780452 
   355,     12.88572903 
 355.1,     13.42510735 
 355.2,     13.93824605 
 355.3,     14.42715406 
 355.4,     14.89358923 
 355.5,     15.33909662 
 355.6,     15.76504007 
 355.7,      16.1726283 
 355.8,     16.56293659 
 355.9,     16.93692495 
   356,     17.29545326 
 356.1,     17.63929408 
 356.2,     17.96914349 
 356.3,     18.28563032 
 356.4,     18.58932396 
 356.5,     18.88074114 
 356.6,     19.16035173 
 356.7,     19.42858371 
 356.8,     19.68582755 
 356.9,     19.93243996 
   357,     20.16874723 
 357.1,     20.39504804 
 357.2,     20.61161605 
 357.3,     20.81870211 
 357.4,      21.0165362 
 357.5,     21.20532921 
 357.6,     21.38527443 
 357.7,     21.55654894 
 357.8,     21.71931482 
 357.9,     21.87372024 
   358,     22.01990036 
 358.1,     22.15797828 
 358.2,     22.28806572 
 358.3,     22.41026373 
 358.4,     22.52466332 
 358.5,     22.63134596 
 358.6,     22.73038408 
 358.7,     22.82184148 
 358.8,     22.90577372 
 358.9,     22.98222845 
   359,     23.05124568 
 359.1,     23.11285804 
 359.2,     23.16709101 
 359.3,     23.21396305 
 359.4,     23.25348582 
 359.5,     23.28566424 
 359.6,     23.31049661 
 359.7,     23.32797466 
 359.8,     23.33808362 
 359.9,     23.34080219 
   360,     23.33610255 
