M4_HWBC_BI_A30_E30_F1.txt
NTNU&FFI
Method: IGA BEM CCBIE with 6336 elements (7772 degrees of freedom) and NURBS degree 4. Computational time for system assembly (4x6-core Xeon 2.67 GHz): 5.0373 hours.
30
30
1000
3601
     0,      1.43042088 
   0.1,     1.485310828 
   0.2,     1.541204286 
   0.3,     1.598071237 
   0.4,     1.655881522 
   0.5,     1.714604898 
   0.6,     1.774211102 
   0.7,     1.834669897 
   0.8,     1.895951126 
   0.9,     1.958024765 
     1,     2.020860962 
   1.1,     2.084430085 
   1.2,      2.14870276 
   1.3,     2.213649912 
   1.4,     2.279242795 
   1.5,     2.345453027 
   1.6,      2.41225262 
   1.7,     2.479614004 
   1.8,     2.547510054 
   1.9,     2.615914109 
     2,     2.684799994 
   2.1,     2.754142034 
   2.2,     2.823915071 
   2.3,     2.894094475 
   2.4,     2.964656155 
   2.5,     3.035576568 
   2.6,     3.106832724 
   2.7,     3.178402194 
   2.8,     3.250263109 
   2.9,     3.322394167 
     3,     3.394774629 
   3.1,      3.46738432 
   3.2,     3.540203629 
   3.3,     3.613213501 
   3.4,     3.686395438 
   3.5,      3.75973149 
   3.6,      3.83320425 
   3.7,      3.90679685 
   3.8,      3.98049295 
   3.9,     4.054276731 
     4,     4.128132888 
   4.1,      4.20204662 
   4.2,     4.276003619 
   4.3,     4.349990063 
   4.4,     4.423992605 
   4.5,     4.497998362 
   4.6,     4.571994903 
   4.7,     4.645970242 
   4.8,     4.719912826 
   4.9,     4.793811521 
     5,     4.867655607 
   5.1,     4.941434761 
   5.2,      5.01513905 
   5.3,     5.088758919 
   5.4,     5.162285179 
   5.5,     5.235708999 
   5.6,     5.309021894 
   5.7,     5.382215714 
   5.8,     5.455282632 
   5.9,     5.528215141 
     6,     5.601006034 
   6.1,     5.673648403 
   6.2,     5.746135622 
   6.3,     5.818461345 
   6.4,      5.89061949 
   6.5,     5.962604235 
   6.6,     6.034410004 
   6.7,     6.106031464 
   6.8,     6.177463513 
   6.9,     6.248701274 
     7,     6.319740083 
   7.1,     6.390575487 
   7.2,     6.461203233 
   7.3,     6.531619258 
   7.4,     6.601819689 
   7.5,      6.67180083 
   7.6,     6.741559157 
   7.7,     6.811091313 
   7.8,     6.880394099 
   7.9,     6.949464472 
     8,     7.018299532 
   8.1,     7.086896525 
   8.2,      7.15525283 
   8.3,      7.22336596 
   8.4,     7.291233549 
   8.5,     7.358853356 
   8.6,     7.426223253 
   8.7,     7.493341223 
   8.8,     7.560205357 
   8.9,     7.626813847 
     9,     7.693164982 
   9.1,     7.759257146 
   9.2,     7.825088812 
   9.3,     7.890658541 
   9.4,     7.955964973 
   9.5,     8.021006831 
   9.6,     8.085782909 
   9.7,     8.150292077 
   9.8,     8.214533272 
   9.9,     8.278505497 
    10,      8.34220782 
  10.1,     8.405639367 
  10.2,     8.468799323 
  10.3,     8.531686927 
  10.4,     8.594301472 
  10.5,     8.656642301 
  10.6,     8.718708802 
  10.7,     8.780500411 
  10.8,     8.842016608 
  10.9,     8.903256913 
    11,     8.964220885 
  11.1,     9.024908122 
  11.2,     9.085318257 
  11.3,     9.145450956 
  11.4,     9.205305918 
  11.5,     9.264882873 
  11.6,      9.32418158 
  11.7,     9.383201825 
  11.8,      9.44194342 
  11.9,     9.500406202 
    12,     9.558590031 
  12.1,     9.616494791 
  12.2,     9.674120385 
  12.3,     9.731466736 
  12.4,     9.788533786 
  12.5,     9.845321496 
  12.6,      9.90182984 
  12.7,     9.958058812 
  12.8,     10.01400842 
  12.9,     10.06967868 
    13,     10.12506962 
  13.1,      10.1801813 
  13.2,     10.23501377 
  13.3,     10.28956709 
  13.4,     10.34384134 
  13.5,     10.39783661 
  13.6,       10.451553 
  13.7,     10.50499059 
  13.8,     10.55814951 
  13.9,     10.61102987 
    14,     10.66363179 
  14.1,      10.7159554 
  14.2,     10.76800083 
  14.3,     10.81976821 
  14.4,      10.8712577 
  14.5,     10.92246942 
  14.6,     10.97340353 
  14.7,     11.02406019 
  14.8,     11.07443953 
  14.9,     11.12454173 
    15,     11.17436692 
  15.1,     11.22391528 
  15.2,     11.27318696 
  15.3,     11.32218212 
  15.4,     11.37090091 
  15.5,     11.41934351 
  15.6,     11.46751007 
  15.7,     11.51540074 
  15.8,      11.5630157 
  15.9,     11.61035509 
    16,     11.65741908 
  16.1,     11.70420781 
  16.2,     11.75072146 
  16.3,     11.79696016 
  16.4,     11.84292407 
  16.5,     11.88861333 
  16.6,     11.93402811 
  16.7,     11.97916854 
  16.8,     12.02403477 
  16.9,     12.06862693 
    17,     12.11294516 
  17.1,     12.15698961 
  17.2,     12.20076039 
  17.3,     12.24425765 
  17.4,     12.28748151 
  17.5,     12.33043209 
  17.6,     12.37310951 
  17.7,      12.4155139 
  17.8,     12.45764536 
  17.9,     12.49950401 
    18,     12.54108995 
  18.1,     12.58240329 
  18.2,     12.62344413 
  18.3,     12.66421256 
  18.4,     12.70470868 
  18.5,     12.74493259 
  18.6,     12.78488435 
  18.7,     12.82456407 
  18.8,     12.86397182 
  18.9,     12.90310767 
    19,      12.9419717 
  19.1,     12.98056396 
  19.2,     13.01888454 
  19.3,     13.05693349 
  19.4,     13.09471086 
  19.5,      13.1322167 
  19.6,     13.16945108 
  19.7,     13.20641403 
  19.8,     13.24310559 
  19.9,     13.27952581 
    20,     13.31567472 
  20.1,     13.35155234 
  20.2,     13.38715871 
  20.3,     13.42249384 
  20.4,     13.45755777 
  20.5,     13.49235049 
  20.6,     13.52687204 
  20.7,      13.5611224 
  20.8,      13.5951016 
  20.9,     13.62880963 
    21,     13.66224649 
  21.1,     13.69541217 
  21.2,     13.72830666 
  21.3,     13.76092996 
  21.4,     13.79328204 
  21.5,     13.82536288 
  21.6,     13.85717247 
  21.7,     13.88871077 
  21.8,     13.91997776 
  21.9,      13.9509734 
    22,     13.98169765 
  22.1,     14.01215049 
  22.2,     14.04233185 
  22.3,     14.07224171 
  22.4,        14.10188 
  22.5,     14.13124668 
  22.6,     14.16034169 
  22.7,     14.18916497 
  22.8,     14.21771646 
  22.9,      14.2459961 
    23,     14.27400381 
  23.1,     14.30173954 
  23.2,      14.3292032 
  23.3,     14.35639471 
  23.4,     14.38331401 
  23.5,       14.409961 
  23.6,     14.43633561 
  23.7,     14.46243775 
  23.8,     14.48826732 
  23.9,     14.51382424 
    24,      14.5391084 
  24.1,     14.56411972 
  24.2,      14.5888581 
  24.3,     14.61332342 
  24.4,     14.63751559 
  24.5,     14.66143449 
  24.6,     14.68508003 
  24.7,     14.70845208 
  24.8,     14.73155054 
  24.9,     14.75437528 
    25,     14.77692619 
  25.1,     14.79920315 
  25.2,     14.82120604 
  25.3,     14.84293473 
  25.4,     14.86438909 
  25.5,       14.885569 
  25.6,     14.90647432 
  25.7,     14.92710493 
  25.8,     14.94746069 
  25.9,     14.96754146 
    26,     14.98734711 
  26.1,     15.00687749 
  26.2,     15.02613247 
  26.3,      15.0451119 
  26.4,     15.06381564 
  26.5,     15.08224354 
  26.6,     15.10039545 
  26.7,     15.11827123 
  26.8,     15.13587073 
  26.9,     15.15319379 
    27,     15.17024026 
  27.1,     15.18700999 
  27.2,     15.20350282 
  27.3,      15.2197186 
  27.4,     15.23565716 
  27.5,     15.25131835 
  27.6,     15.26670201 
  27.7,     15.28180797 
  27.8,     15.29663608 
  27.9,     15.31118617 
    28,     15.32545807 
  28.1,     15.33945163 
  28.2,     15.35316668 
  28.3,     15.36660305 
  28.4,     15.37976057 
  28.5,     15.39263907 
  28.6,      15.4052384 
  28.7,     15.41755837 
  28.8,     15.42959882 
  28.9,     15.44135958 
    29,     15.45284048 
  29.1,     15.46404135 
  29.2,     15.47496201 
  29.3,      15.4856023 
  29.4,     15.49596204 
  29.5,     15.50604106 
  29.6,      15.5158392 
  29.7,     15.52535627 
  29.8,      15.5345921 
  29.9,     15.54354653 
    30,     15.55221937 
  30.1,     15.56061047 
  30.2,     15.56871964 
  30.3,     15.57654671 
  30.4,     15.58409152 
  30.5,     15.59135389 
  30.6,     15.59833365 
  30.7,     15.60503064 
  30.8,     15.61144467 
  30.9,     15.61757558 
    31,     15.62342321 
  31.1,     15.62898738 
  31.2,     15.63426793 
  31.3,     15.63926468 
  31.4,     15.64397749 
  31.5,     15.64840617 
  31.6,     15.65255056 
  31.7,     15.65641051 
  31.8,     15.65998585 
  31.9,     15.66327642 
    32,     15.66628206 
  32.1,     15.66900261 
  32.2,     15.67143792 
  32.3,     15.67358782 
  32.4,     15.67545217 
  32.5,     15.67703081 
  32.6,      15.6783236 
  32.7,     15.67933037 
  32.8,       15.680051 
  32.9,     15.68048532 
    33,     15.68063319 
  33.1,     15.68049448 
  33.2,     15.68006905 
  33.3,     15.67935675 
  33.4,     15.67835745 
  33.5,     15.67707102 
  33.6,     15.67549733 
  33.7,     15.67363625 
  33.8,     15.67148766 
  33.9,     15.66905142 
    34,     15.66632743 
  34.1,     15.66331555 
  34.2,     15.66001569 
  34.3,     15.65642773 
  34.4,     15.65255156 
  34.5,     15.64838707 
  34.6,     15.64393417 
  34.7,     15.63919275 
  34.8,     15.63416272 
  34.9,     15.62884399 
    35,     15.62323647 
  35.1,     15.61734008 
  35.2,     15.61115474 
  35.3,     15.60468038 
  35.4,     15.59791691 
  35.5,     15.59086429 
  35.6,     15.58352243 
  35.7,     15.57589129 
  35.8,     15.56797081 
  35.9,     15.55976094 
    36,     15.55126165 
  36.1,     15.54247288 
  36.2,     15.53339461 
  36.3,     15.52402681 
  36.4,     15.51436946 
  36.5,     15.50442253 
  36.6,     15.49418603 
  36.7,     15.48365994 
  36.8,     15.47284426 
  36.9,     15.46173901 
    37,     15.45034419 
  37.1,     15.43865982 
  37.2,     15.42668594 
  37.3,     15.41442257 
  37.4,     15.40186976 
  37.5,     15.38902754 
  37.6,     15.37589599 
  37.7,     15.36247516 
  37.8,     15.34876512 
  37.9,     15.33476594 
    38,     15.32047772 
  38.1,     15.30590056 
  38.2,     15.29103454 
  38.3,     15.27587979 
  38.4,     15.26043642 
  38.5,     15.24470457 
  38.6,     15.22868438 
  38.7,     15.21237598 
  38.8,     15.19577955 
  38.9,     15.17889525 
    39,     15.16172325 
  39.1,     15.14426375 
  39.2,     15.12651695 
  39.3,     15.10848305 
  39.4,     15.09016228 
  39.5,     15.07155488 
  39.6,     15.05266108 
  39.7,     15.03348114 
  39.8,     15.01401533 
  39.9,     14.99426393 
    40,     14.97422724 
  40.1,     14.95390556 
  40.2,     14.93329921 
  40.3,     14.91240853 
  40.4,     14.89123386 
  40.5,     14.86977557 
  40.6,     14.84803403 
  40.7,     14.82600962 
  40.8,     14.80370277 
  40.9,     14.78111388 
    41,     14.75824339 
  41.1,     14.73509176 
  41.2,     14.71165946 
  41.3,     14.68794697 
  41.4,     14.66395479 
  41.5,     14.63968344 
  41.6,     14.61513347 
  41.7,     14.59030542 
  41.8,     14.56519987 
  41.9,     14.53981742 
    42,     14.51415867 
  42.1,     14.48822426 
  42.2,     14.46201484 
  42.3,     14.43553107 
  42.4,     14.40877367 
  42.5,     14.38174332 
  42.6,     14.35444078 
  42.7,      14.3268668 
  42.8,     14.29902215 
  42.9,     14.27090765 
    43,     14.24252411 
  43.1,     14.21387238 
  43.2,     14.18495334 
  43.3,     14.15576789 
  43.4,     14.12631694 
  43.5,     14.09660145 
  43.6,     14.06662239 
  43.7,     14.03638075 
  43.8,     14.00587757 
  43.9,      13.9751139 
    44,     13.94409082 
  44.1,     13.91280944 
  44.2,      13.8812709 
  44.3,     13.84947637 
  44.4,     13.81742704 
  44.5,     13.78512414 
  44.6,     13.75256894 
  44.7,     13.71976271 
  44.8,     13.68670678 
  44.9,     13.65340251 
    45,     13.61985127 
  45.1,     13.58605449 
  45.2,     13.55201362 
  45.3,     13.51773015 
  45.4,      13.4832056 
  45.5,     13.44844153 
  45.6,     13.41343952 
  45.7,      13.3782012 
  45.8,     13.34272825 
  45.9,     13.30702237 
    46,     13.27108528 
  46.1,     13.23491878 
  46.2,     13.19852468 
  46.3,     13.16190483 
  46.4,     13.12506114 
  46.5,     13.08799553 
  46.6,        13.05071 
  46.7,     13.01320654 
  46.8,     12.97548723 
  46.9,     12.93755417 
    47,      12.8994095 
  47.1,      12.8610554 
  47.2,     12.82249412 
  47.3,     12.78372792 
  47.4,     12.74475912 
  47.5,      12.7055901 
  47.6,     12.66622325 
  47.7,     12.62666103 
  47.8,     12.58690595 
  47.9,     12.54696055 
    48,     12.50682742 
  48.1,      12.4665092 
  48.2,     12.42600859 
  48.3,     12.38532831 
  48.4,     12.34447115 
  48.5,     12.30343993 
  48.6,     12.26223754 
  48.7,     12.22086691 
  48.8,       12.179331 
  48.9,     12.13763284 
    49,     12.09577551 
  49.1,     12.05376212 
  49.2,     12.01159585 
  49.3,     11.96927991 
  49.4,     11.92681757 
  49.5,     11.88421214 
  49.6,     11.84146699 
  49.7,     11.79858554 
  49.8,     11.75557124 
  49.9,      11.7124276 
    50,     11.66915818 
  50.1,     11.62576659 
  50.2,     11.58225647 
  50.3,     11.53863152 
  50.4,     11.49489548 
  50.5,     11.45105215 
  50.6,     11.40710537 
  50.7,       11.363059 
  50.8,     11.31891697 
  50.9,     11.27468325 
    51,     11.23036185 
  51.1,     11.18595682 
  51.2,     11.14147225 
  51.3,     11.09691226 
  51.4,     11.05228103 
  51.5,     11.00758276 
  51.6,     10.96282169 
  51.7,     10.91800211 
  51.8,     10.87312833 
  51.9,     10.82820468 
    52,     10.78323554 
  52.1,     10.73822532 
  52.2,     10.69317845 
  52.3,     10.64809939 
  52.4,     10.60299262 
  52.5,     10.55786264 
  52.6,     10.51271399 
  52.7,     10.46755121 
  52.8,     10.42237886 
  52.9,     10.37720151 
    53,     10.33202377 
  53.1,     10.28685023 
  53.2,      10.2416855 
  53.3,     10.19653419 
  53.4,     10.15140092 
  53.5,     10.10629032 
  53.6,     10.06120699 
  53.7,     10.01615555 
  53.8,     9.971140609 
  53.9,     9.926166759 
    54,     9.881238583 
  54.1,     9.836360649 
  54.2,     9.791537506 
  54.3,     9.746773679 
  54.4,     9.702073673 
  54.5,      9.65744196 
  54.6,     9.612882985 
  54.7,     9.568401157 
  54.8,     9.524000847 
  54.9,     9.479686387 
    55,     9.435462063 
  55.1,     9.391332114 
  55.2,      9.34730073 
  55.3,     9.303372045 
  55.4,     9.259550135 
  55.5,     9.215839016 
  55.6,     9.172242639 
  55.7,     9.128764888 
  55.8,     9.085409574 
  55.9,     9.042180434 
    56,     8.999081127 
  56.1,      8.95611523 
  56.2,     8.913286235 
  56.3,     8.870597545 
  56.4,     8.828052473 
  56.5,     8.785654235 
  56.6,     8.743405951 
  56.7,     8.701310637 
  56.8,     8.659371207 
  56.9,     8.617590466 
    57,     8.575971108 
  57.1,     8.534515715 
  57.2,     8.493226753 
  57.3,     8.452106567 
  57.4,     8.411157381 
  57.5,     8.370381295 
  57.6,     8.329780282 
  57.7,     8.289356187 
  57.8,     8.249110722 
  57.9,     8.209045467 
    58,     8.169161864 
  58.1,      8.12946122 
  58.2,     8.089944701 
  58.3,     8.050613334 
  58.4,     8.011468003 
  58.5,     7.972509446 
  58.6,     7.933738258 
  58.7,     7.895154889 
  58.8,     7.856759639 
  58.9,     7.818552663 
    59,     7.780533964 
  59.1,       7.7427034 
  59.2,     7.705060676 
  59.3,     7.667605349 
  59.4,     7.630336827 
  59.5,     7.593254366 
  59.6,     7.556357075 
  59.7,     7.519643913 
  59.8,      7.48311369 
  59.9,     7.446765068 
    60,     7.410596563 
  60.1,     7.374606545 
  60.2,     7.338793237 
  60.3,     7.303154721 
  60.4,     7.267688934 
  60.5,     7.232393676 
  60.6,     7.197266602 
  60.7,     7.162305235 
  60.8,     7.127506959 
  60.9,     7.092869026 
    61,     7.058388557 
  61.1,      7.02406254 
  61.2,     6.989887841 
  61.3,     6.955861198 
  61.4,     6.921979229 
  61.5,     6.888238431 
  61.6,     6.854635183 
  61.7,     6.821165754 
  61.8,     6.787826299 
  61.9,     6.754612863 
    62,     6.721521388 
  62.1,     6.688547715 
  62.2,      6.65568758 
  62.3,     6.622936629 
  62.4,      6.59029041 
  62.5,     6.557744384 
  62.6,     6.525293923 
  62.7,     6.492934316 
  62.8,     6.460660772 
  62.9,     6.428468422 
    63,     6.396352323 
  63.1,     6.364307461 
  63.2,     6.332328756 
  63.3,      6.30041106 
  63.4,     6.268549167 
  63.5,     6.236737812 
  63.6,     6.204971673 
  63.7,      6.17324538 
  63.8,      6.14155351 
  63.9,     6.109890598 
    64,     6.078251133 
  64.1,     6.046629565 
  64.2,      6.01502031 
  64.3,     5.983417745 
  64.4,     5.951816219 
  64.5,     5.920210052 
  64.6,     5.888593537 
  64.7,     5.856960946 
  64.8,     5.825306526 
  64.9,     5.793624511 
    65,     5.761909114 
  65.1,     5.730154539 
  65.2,     5.698354975 
  65.3,     5.666504605 
  65.4,     5.634597603 
  65.5,     5.602628139 
  65.6,      5.57059038 
  65.7,     5.538478491 
  65.8,     5.506286638 
  65.9,     5.474008991 
    66,     5.441639723 
  66.1,     5.409173011 
  66.2,     5.376603043 
  66.3,     5.343924012 
  66.4,     5.311130122 
  66.5,     5.278215589 
  66.6,      5.24517464 
  66.7,     5.212001517 
  66.8,     5.178690475 
  66.9,     5.145235785 
    67,     5.111631733 
  67.1,     5.077872624 
  67.2,     5.043952779 
  67.3,     5.009866539 
  67.4,     4.975608261 
  67.5,     4.941172325 
  67.6,     4.906553128 
  67.7,     4.871745088 
  67.8,     4.836742645 
  67.9,     4.801540256 
    68,     4.766132403 
  68.1,     4.730513585 
  68.2,     4.694678324 
  68.3,     4.658621163 
  68.4,     4.622336665 
  68.5,     4.585819413 
  68.6,     4.549064011 
  68.7,     4.512065082 
  68.8,     4.474817271 
  68.9,     4.437315239 
    69,     4.399553668 
  69.1,     4.361527257 
  69.2,     4.323230724 
  69.3,     4.284658802 
  69.4,     4.245806243 
  69.5,     4.206667811 
  69.6,     4.167238289 
  69.7,      4.12751247 
  69.8,     4.087485163 
  69.9,     4.047151187 
    70,     4.006505375 
  70.1,     3.965542568 
  70.2,     3.924257615 
  70.3,     3.882645377 
  70.4,     3.840700718 
  70.5,     3.798418509 
  70.6,     3.755793626 
  70.7,     3.712820948 
  70.8,     3.669495355 
  70.9,     3.625811728 
    71,     3.581764946 
  71.1,     3.537349888 
  71.2,     3.492561426 
  71.3,     3.447394429 
  71.4,     3.401843757 
  71.5,     3.355904262 
  71.6,     3.309570787 
  71.7,     3.262838161 
  71.8,     3.215701199 
  71.9,     3.168154701 
    72,     3.120193451 
  72.1,     3.071812211 
  72.2,     3.023005723 
  72.3,     2.973768705 
  72.4,      2.92409585 
  72.5,     2.873981824 
  72.6,     2.823421263 
  72.7,      2.77240877 
  72.8,     2.720938916 
  72.9,     2.669006233 
    73,     2.616605218 
  73.1,     2.563730324 
  73.2,      2.51037596 
  73.3,     2.456536492 
  73.4,     2.402206234 
  73.5,      2.34737945 
  73.6,     2.292050351 
  73.7,     2.236213089 
  73.8,     2.179861758 
  73.9,     2.122990388 
    74,     2.065592945 
  74.1,     2.007663324 
  74.2,     1.949195349 
  74.3,     1.890182771 
  74.4,     1.830619259 
  74.5,     1.770498401 
  74.6,       1.7098137 
  74.7,     1.648558571 
  74.8,     1.586726335 
  74.9,     1.524310214 
    75,     1.461303332 
  75.1,     1.397698709 
  75.2,     1.333489252 
  75.3,     1.268667759 
  75.4,     1.203226907 
  75.5,     1.137159253 
  75.6,     1.070457224 
  75.7,     1.003113117 
  75.8,    0.9351190921 
  75.9,    0.8664671649 
    76,    0.7971492049 
  76.1,    0.7271569274 
  76.2,    0.6564818887 
  76.3,    0.5851154796 
  76.4,    0.5130489201 
  76.5,    0.4402732514 
  76.6,    0.3667793313 
  76.7,    0.2925578251 
  76.8,    0.2175992005 
  76.9,    0.1418937182 
    77,   0.06543142603 
  77.1,  -0.01179784994 
  77.2,   -0.0898045139 
  77.3,   -0.1685992085 
  77.4,   -0.2481928241 
  77.5,   -0.3285965077 
  77.6,    -0.409821673 
  77.7,   -0.4918800105 
  77.8,   -0.5747834977 
  77.9,   -0.6585444107 
    78,   -0.7431753347 
  78.1,    -0.828689177 
  78.2,   -0.9150991777 
  78.3,    -1.002418925 
  78.4,    -1.090662368 
  78.5,    -1.179843827 
  78.6,    -1.269978017 
  78.7,    -1.361080053 
  78.8,    -1.453165474 
  78.9,    -1.546250255 
    79,    -1.640350828 
  79.1,    -1.735484098 
  79.2,    -1.831667465 
  79.3,    -1.928918841 
  79.4,    -2.027256675 
  79.5,    -2.126699974 
  79.6,    -2.227268326 
  79.7,    -2.328981923 
  79.8,    -2.431861594 
  79.9,    -2.535928822 
    80,    -2.641205784 
  80.1,    -2.747715371 
  80.2,    -2.855481228 
  80.3,    -2.964527784 
  80.4,    -3.074880285 
  80.5,    -3.186564838 
  80.6,    -3.299608447 
  80.7,    -3.414039052 
  80.8,    -3.529885579 
  80.9,    -3.647177983 
    81,    -3.765947298 
  81.1,    -3.886225688 
  81.2,    -4.008046508 
  81.3,    -4.131444357 
  81.4,    -4.256455144 
  81.5,    -4.383116151 
  81.6,    -4.511466106 
  81.7,    -4.641545259 
  81.8,    -4.773395459 
  81.9,     -4.90706024 
    82,     -5.04258491 
  82.1,    -5.180016652 
  82.2,     -5.31940462 
  82.3,    -5.460800055 
  82.4,    -5.604256398 
  82.5,    -5.749829416 
  82.6,    -5.897577342 
  82.7,    -6.047561007 
  82.8,    -6.199844008 
  82.9,     -6.35449286 
    83,    -6.511577184 
  83.1,    -6.671169892 
  83.2,    -6.833347392 
  83.3,     -6.99818981 
  83.4,    -7.165781227 
  83.5,    -7.336209935 
  83.6,    -7.509568713 
  83.7,    -7.685955123 
  83.8,    -7.865471835 
  83.9,    -8.048226974 
    84,    -8.234334493 
  84.1,    -8.423914587 
  84.2,    -8.617094129 
  84.3,     -8.81400715 
  84.4,    -9.014795359 
  84.5,    -9.219608708 
  84.6,    -9.428605997 
  84.7,    -9.641955543 
  84.8,    -9.859835901 
  84.9,    -10.08243664 
    85,    -10.30995919 
  85.1,    -10.54261778 
  85.2,    -10.78064041 
  85.3,    -11.02426992 
  85.4,    -11.27376519 
  85.5,    -11.52940236 
  85.6,    -11.79147615 
  85.7,     -12.0603013 
  85.8,    -12.33621406 
  85.9,    -12.61957377 
    86,     -12.9107644 
  86.1,    -13.21019624 
  86.2,    -13.51830739 
  86.3,    -13.83556519 
  86.4,     -14.1624674 
  86.5,    -14.49954287 
  86.6,    -14.84735161 
  86.7,     -15.2064837 
  86.8,    -15.57755661 
  86.9,    -15.96121022 
    87,    -16.35809827 
  87.1,    -16.76887488 
  87.2,    -17.19417385 
  87.3,    -17.63457759 
  87.4,     -18.0905713 
  87.5,    -18.56247623 
  87.6,    -19.05035342 
  87.7,    -19.55386636 
  87.8,    -20.07208755 
  87.9,    -20.60323043 
    88,    -21.14428682 
  88.1,    -21.69055433 
  88.2,    -22.23505592 
  88.3,    -22.76789733 
  88.4,    -23.27569214 
  88.5,    -23.74131548 
  88.6,    -24.14439315 
  88.7,    -24.46297789 
  88.8,    -24.67661274 
  88.9,    -24.77030745 
    89,     -24.7381137 
  89.1,    -24.58469497 
  89.2,    -24.32408842 
  89.3,    -23.97629632 
  89.4,    -23.56327354 
  89.5,    -23.10570763 
  89.6,    -22.62117187 
  89.7,    -22.12351228 
  89.8,    -21.62302737 
  89.9,    -21.12701969 
    90,    -20.64043928 
  90.1,    -20.16647554 
  90.2,     -19.7070439 
  90.3,    -19.26316131 
  90.4,    -18.83522501 
  90.5,     -18.4232141 
  90.6,    -18.02683299 
  90.7,      -17.645612 
  90.8,    -17.27897726 
  90.9,    -16.92629875 
    91,    -16.58692291 
  91.1,    -16.26019443 
  91.2,    -15.94547055 
  91.3,    -15.64213003 
  91.4,    -15.34957856 
  91.5,    -15.06725168 
  91.6,    -14.79461602 
  91.7,    -14.53116935 
  91.8,    -14.27643997 
  91.9,     -14.0299856 
    92,    -13.79139195 
  92.1,    -13.56027122 
  92.2,    -13.33626049 
  92.3,     -13.1190201 
  92.4,    -12.90823209 
  92.5,    -12.70359869 
  92.6,    -12.50484093 
  92.7,    -12.31169723 
  92.8,    -12.12392218 
  92.9,     -11.9412854 
    93,    -11.76357039 
  93.1,    -11.59057355 
  93.2,    -11.42210328 
  93.3,     -11.2579791 
  93.4,    -11.09803084 
  93.5,    -10.94209795 
  93.6,    -10.79002881 
  93.7,    -10.64168011 
  93.8,    -10.49691631 
  93.9,    -10.35560907 
    94,    -10.21763679 
  94.1,    -10.08288418 
  94.2,    -9.951241818 
  94.3,    -9.822605794 
  94.4,    -9.696877344 
  94.5,    -9.573962533 
  94.6,    -9.453771952 
  94.7,    -9.336220435 
  94.8,     -9.22122681 
  94.9,    -9.108713653 
    95,    -8.998607066 
  95.1,    -8.890836472 
  95.2,    -8.785334425 
  95.3,    -8.682036424 
  95.4,    -8.580880753 
  95.5,    -8.481808326 
  95.6,    -8.384762536 
  95.7,    -8.289689126 
  95.8,    -8.196536059 
  95.9,    -8.105253403 
    96,    -8.015793216 
  96.1,    -7.928109448 
  96.2,    -7.842157837 
  96.3,    -7.757895825 
  96.4,    -7.675282469 
  96.5,    -7.594278362 
  96.6,    -7.514845554 
  96.7,    -7.436947489 
  96.8,     -7.36054893 
  96.9,      -7.2856159 
    97,    -7.212115624 
  97.1,     -7.14001647 
  97.2,      -7.0692879 
  97.3,    -6.999900418 
  97.4,    -6.931825521 
  97.5,     -6.86503566 
  97.6,    -6.799504195 
  97.7,    -6.735205355 
  97.8,    -6.672114198 
  97.9,    -6.610206583 
    98,     -6.54945913 
  98.1,    -6.489849188 
  98.2,    -6.431354807 
  98.3,    -6.373954709 
  98.4,    -6.317628261 
  98.5,    -6.262355445 
  98.6,    -6.208116839 
  98.7,    -6.154893589 
  98.8,    -6.102667389 
  98.9,     -6.05142046 
    99,    -6.001135528 
  99.1,    -5.951795806 
  99.2,    -5.903384972 
  99.3,    -5.855887159 
  99.4,    -5.809286931 
  99.5,    -5.763569269 
  99.6,    -5.718719559 
  99.7,    -5.674723572 
  99.8,    -5.631567454 
  99.9,    -5.589237711 
   100,    -5.547721196 
 100.1,      -5.5070051 
 100.2,    -5.467076933 
 100.3,    -5.427924523 
 100.4,    -5.389535995 
 100.5,    -5.351899768 
 100.6,    -5.315004541 
 100.7,    -5.278839286 
 100.8,     -5.24339324 
 100.9,    -5.208655889 
   101,    -5.174616971 
 101.1,    -5.141266457 
 101.2,    -5.108594552 
 101.3,    -5.076591681 
 101.4,    -5.045248485 
 101.5,    -5.014555817 
 101.6,    -4.984504728 
 101.7,    -4.955086467 
 101.8,    -4.926292473 
 101.9,    -4.898114367 
   102,    -4.870543951 
 102.1,    -4.843573198 
 102.2,    -4.817194249 
 102.3,    -4.791399406 
 102.4,    -4.766181132 
 102.5,     -4.74153204 
 102.6,    -4.717444892 
 102.7,    -4.693912594 
 102.8,    -4.670928193 
 102.9,    -4.648484869 
   103,    -4.626575936 
 103.1,    -4.605194835 
 103.2,    -4.584335132 
 103.3,    -4.563990511 
 103.4,    -4.544154777 
 103.5,    -4.524821846 
 103.6,    -4.505985746 
 103.7,    -4.487640612 
 103.8,    -4.469780684 
 103.9,    -4.452400302 
   104,    -4.435493908 
 104.1,    -4.419056037 
 104.2,    -4.403081319 
 104.3,    -4.387564474 
 104.4,     -4.37250031 
 104.5,    -4.357883723 
 104.6,    -4.343709691 
 104.7,    -4.329973273 
 104.8,    -4.316669607 
 104.9,    -4.303793911 
   105,    -4.291341473 
 105.1,    -4.279307657 
 105.2,    -4.267687899 
 105.3,    -4.256477702 
 105.4,    -4.245672635 
 105.5,    -4.235268337 
 105.6,    -4.225260506 
 105.7,    -4.215644904 
 105.8,    -4.206417354 
 105.9,    -4.197573737 
   106,    -4.189109991 
 106.1,     -4.18102211 
 106.2,    -4.173306144 
 106.3,    -4.165958192 
 106.4,    -4.158974407 
 106.5,    -4.152350993 
 106.6,    -4.146084201 
 106.7,    -4.140170329 
 106.8,    -4.134605724 
 106.9,    -4.129386774 
   107,    -4.124509916 
 107.1,    -4.119971624 
 107.2,    -4.115768419 
 107.3,    -4.111896858 
 107.4,    -4.108353541 
 107.5,    -4.105135103 
 107.6,     -4.10223822 
 107.7,    -4.099659601 
 107.8,    -4.097395992 
 107.9,    -4.095444174 
   108,    -4.093800961 
 108.1,    -4.092463199 
 108.2,    -4.091427766 
 108.3,    -4.090691573 
 108.4,    -4.090251557 
 108.5,    -4.090104688 
 108.6,    -4.090247964 
 108.7,    -4.090678407 
 108.8,    -4.091393072 
 108.9,    -4.092389035 
   109,      -4.0936634 
 109.1,    -4.095213295 
 109.2,    -4.097035873 
 109.3,    -4.099128309 
 109.4,    -4.101487803 
 109.5,    -4.104111573 
 109.6,    -4.106996864 
 109.7,    -4.110140937 
 109.8,    -4.113541076 
 109.9,    -4.117194583 
   110,    -4.121098782 
 110.1,    -4.125251012 
 110.2,    -4.129648632 
 110.3,    -4.134289018 
 110.4,    -4.139169563 
 110.5,    -4.144287676 
 110.6,    -4.149640783 
 110.7,    -4.155226324 
 110.8,    -4.161041755 
 110.9,    -4.167084546 
   111,    -4.173352181 
 111.1,    -4.179842158 
 111.2,    -4.186551988 
 111.3,    -4.193479193 
 111.4,     -4.20062131 
 111.5,    -4.207975886 
 111.6,     -4.21554048 
 111.7,    -4.223312662 
 111.8,    -4.231290013 
 111.9,    -4.239470125 
   112,    -4.247850597 
 112.1,    -4.256429041 
 112.2,    -4.265203076 
 112.3,    -4.274170331 
 112.4,    -4.283328442 
 112.5,    -4.292675056 
 112.6,    -4.302207826 
 112.7,    -4.311924411 
 112.8,    -4.321822481 
 112.9,    -4.331899711 
   113,    -4.342153781 
 113.1,    -4.352582381 
 113.2,    -4.363183203 
 113.3,     -4.37395395 
 113.4,    -4.384892325 
 113.5,    -4.395996041 
 113.6,    -4.407262812 
 113.7,     -4.41869036 
 113.8,    -4.430276411 
 113.9,    -4.442018693 
   114,    -4.453914942 
 114.1,    -4.465962895 
 114.2,    -4.478160293 
 114.3,    -4.490504881 
 114.4,    -4.502994408 
 114.5,    -4.515626625 
 114.6,    -4.528399287 
 114.7,     -4.54131015 
 114.8,    -4.554356974 
 114.9,    -4.567537522 
   115,    -4.580849556 
 115.1,    -4.594290844 
 115.2,    -4.607859154 
 115.3,    -4.621552255 
 115.4,    -4.635367918 
 115.5,    -4.649303917 
 115.6,    -4.663358026 
 115.7,    -4.677528021 
 115.8,    -4.691811677 
 115.9,    -4.706206773 
   116,    -4.720711086 
 116.1,    -4.735322395 
 116.2,    -4.750038481 
 116.3,    -4.764857123 
 116.4,    -4.779776102 
 116.5,    -4.794793199 
 116.6,    -4.809906195 
 116.7,    -4.825112872 
 116.8,    -4.840411012 
 116.9,    -4.855798396 
   117,    -4.871272806 
 117.1,    -4.886832024 
 117.2,    -4.902473831 
 117.3,    -4.918196008 
 117.4,    -4.933996338 
 117.5,      -4.9498726 
 117.6,    -4.965822577 
 117.7,    -4.981844048 
 117.8,    -4.997934794 
 117.9,    -5.014092595 
   118,     -5.03031523 
 118.1,    -5.046600479 
 118.2,    -5.062946122 
 118.3,    -5.079349935 
 118.4,    -5.095809699 
 118.5,    -5.112323192 
 118.6,    -5.128888191 
 118.7,    -5.145502473 
 118.8,    -5.162163817 
 118.9,        -5.17887 
   119,    -5.195618799 
 119.1,    -5.212407991 
 119.2,    -5.229235352 
 119.3,    -5.246098661 
 119.4,    -5.262995694 
 119.5,    -5.279924228 
 119.6,    -5.296882041 
 119.7,    -5.313866911 
 119.8,    -5.330876615 
 119.9,    -5.347908933 
   120,    -5.364961644 
 120.1,    -5.382032526 
 120.2,    -5.399119361 
 120.3,     -5.41621993 
 120.4,    -5.433332014 
 120.5,    -5.450453397 
 120.6,    -5.467581863 
 120.7,    -5.484715199 
 120.8,     -5.50185119 
 120.9,    -5.518987626 
   121,    -5.536122297 
 121.1,    -5.553252995 
 121.2,    -5.570377513 
 121.3,    -5.587493648 
 121.4,    -5.604599198 
 121.5,    -5.621691964 
 121.6,     -5.63876975 
 121.7,     -5.65583036 
 121.8,    -5.672871605 
 121.9,    -5.689891295 
   122,    -5.706887248 
 122.1,     -5.72385728 
 122.2,    -5.740799215 
 122.3,    -5.757710879 
 122.4,    -5.774590103 
 122.5,     -5.79143472 
 122.6,     -5.80824257 
 122.7,    -5.825011497 
 122.8,    -5.841739348 
 122.9,    -5.858423978 
   123,    -5.875063246 
 123.1,    -5.891655015 
 123.2,    -5.908197157 
 123.3,    -5.924687547 
 123.4,    -5.941124069 
 123.5,    -5.957504611 
 123.6,    -5.973827068 
 123.7,    -5.990089345 
 123.8,    -6.006289351 
 123.9,    -6.022425004 
   124,    -6.038494229 
 124.1,    -6.054494959 
 124.2,    -6.070425137 
 124.3,    -6.086282714 
 124.4,    -6.102065647 
 124.5,    -6.117771906 
 124.6,     -6.13339947 
 124.7,    -6.148946325 
 124.8,    -6.164410471 
 124.9,    -6.179789913 
   125,    -6.195082674 
 125.1,     -6.21028678 
 125.2,    -6.225400274 
 125.3,    -6.240421209 
 125.4,    -6.255347649 
 125.5,    -6.270177671 
 125.6,    -6.284909365 
 125.7,    -6.299540831 
 125.8,    -6.314070188 
 125.9,    -6.328495561 
   126,    -6.342815096 
 126.1,    -6.357026949 
 126.2,    -6.371129291 
 126.3,    -6.385120309 
 126.4,    -6.398998204 
 126.5,    -6.412761194 
 126.6,    -6.426407511 
 126.7,    -6.439935406 
 126.8,    -6.453343143 
 126.9,    -6.466629006 
   127,    -6.479791294 
 127.1,    -6.492828327 
 127.2,    -6.505738439 
 127.3,    -6.518519985 
 127.4,    -6.531171337 
 127.5,    -6.543690888 
 127.6,    -6.556077049 
 127.7,    -6.568328252 
 127.8,    -6.580442948 
 127.9,    -6.592419608 
   128,    -6.604256726 
 128.1,    -6.615952817 
 128.2,    -6.627506414 
 128.3,    -6.638916078 
 128.4,    -6.650180387 
 128.5,    -6.661297944 
 128.6,    -6.672267375 
 128.7,    -6.683087331 
 128.8,    -6.693756481 
 128.9,    -6.704273527 
   129,    -6.714637187 
 129.1,     -6.72484621 
 129.2,    -6.734899366 
 129.3,    -6.744795453 
 129.4,    -6.754533294 
 129.5,    -6.764111739 
 129.6,    -6.773529663 
 129.7,     -6.78278597 
 129.8,    -6.791879589 
 129.9,    -6.800809478 
   130,    -6.809574623 
 130.1,    -6.818174037 
 130.2,    -6.826606764 
 130.3,    -6.834871874 
 130.4,    -6.842968467 
 130.5,    -6.850895675 
 130.6,    -6.858652655 
 130.7,    -6.866238599 
 130.8,    -6.873652726 
 130.9,    -6.880894288 
   131,    -6.887962565 
 131.1,    -6.894856871 
 131.2,     -6.90157655 
 131.3,    -6.908120979 
 131.4,    -6.914489566 
 131.5,     -6.92068175 
 131.6,    -6.926697005 
 131.7,    -6.932534836 
 131.8,    -6.938194782 
 131.9,    -6.943676414 
   132,    -6.948979337 
 132.1,     -6.95410319 
 132.2,    -6.959047645 
 132.3,    -6.963812408 
 132.4,    -6.968397218 
 132.5,    -6.972801852 
 132.6,    -6.977026117 
 132.7,    -6.981069856 
 132.8,    -6.984932948 
 132.9,    -6.988615305 
   133,    -6.992116876 
 133.1,    -6.995437643 
 133.2,    -6.998577623 
 133.3,     -7.00153687 
 133.4,    -7.004315472 
 133.5,    -7.006913553 
 133.6,    -7.009331272 
 133.7,    -7.011568822 
 133.8,    -7.013626434 
 133.9,    -7.015504373 
   134,     -7.01720294 
 134.1,     -7.01872247 
 134.2,    -7.020063336 
 134.3,    -7.021225944 
 134.4,    -7.022210736 
 134.5,    -7.023018191 
 134.6,    -7.023648819 
 134.7,    -7.024103171 
 134.8,    -7.024381829 
 134.9,     -7.02448541 
   135,    -7.024414568 
 135.1,     -7.02416999 
 135.2,    -7.023752398 
 135.3,    -7.023162549 
 135.4,    -7.022401234 
 135.5,    -7.021469276 
 135.6,    -7.020367536 
 135.7,    -7.019096906 
 135.8,    -7.017658312 
 135.9,    -7.016052712 
   136,      -7.0142811 
 136.1,    -7.012344501 
 136.2,    -7.010243972 
 136.3,    -7.007980604 
 136.4,    -7.005555519 
 136.5,    -7.002969871 
 136.6,    -7.000224844 
 136.7,    -6.997321656 
 136.8,    -6.994261554 
 136.9,    -6.991045815 
   137,    -6.987675748 
 137.1,    -6.984152691 
 137.2,     -6.98047801 
 137.3,    -6.976653103 
 137.4,    -6.972679394 
 137.5,    -6.968558337 
 137.6,    -6.964291414 
 137.7,    -6.959880134 
 137.8,    -6.955326032 
 137.9,    -6.950630673 
   138,    -6.945795645 
 138.1,    -6.940822565 
 138.2,    -6.935713073 
 138.3,    -6.930468835 
 138.4,    -6.925091541 
 138.5,    -6.919582906 
 138.6,     -6.91394467 
 138.7,    -6.908178593 
 138.8,    -6.902286461 
 138.9,    -6.896270079 
   139,    -6.890131278 
 139.1,    -6.883871907 
 139.2,    -6.877493836 
 139.3,    -6.870998958 
 139.4,    -6.864389184 
 139.5,    -6.857666445 
 139.6,     -6.85083269 
 139.7,    -6.843889887 
 139.8,    -6.836840024 
 139.9,    -6.829685104 
   140,    -6.822427145 
 140.1,    -6.815068188 
 140.2,    -6.807610284 
 140.3,    -6.800055501 
 140.4,    -6.792405924 
 140.5,     -6.78466365 
 140.6,    -6.776830791 
 140.7,    -6.768909472 
 140.8,    -6.760901832 
 140.9,    -6.752810022 
   141,    -6.744636205 
 141.1,    -6.736382554 
 141.2,    -6.728051256 
 141.3,    -6.719644505 
 141.4,    -6.711164509 
 141.5,    -6.702613482 
 141.6,     -6.69399365 
 141.7,    -6.685307244 
 141.8,    -6.676556507 
 141.9,    -6.667743687 
   142,    -6.658871042 
 142.1,    -6.649940833 
 142.2,     -6.64095533 
 142.3,    -6.631916808 
 142.4,    -6.622827548 
 142.5,    -6.613689835 
 142.6,     -6.60450596 
 142.7,    -6.595278216 
 142.8,    -6.586008901 
 142.9,    -6.576700317 
   143,    -6.567354768 
 143.1,     -6.55797456 
 143.2,    -6.548562001 
 143.3,    -6.539119403 
 143.4,    -6.529649077 
 143.5,    -6.520153334 
 143.6,    -6.510634489 
 143.7,    -6.501094855 
 143.8,    -6.491536744 
 143.9,    -6.481962469 
   144,    -6.472374342 
 144.1,    -6.462774674 
 144.2,    -6.453165773 
 144.3,    -6.443549947 
 144.4,      -6.4339295 
 144.5,    -6.424306736 
 144.6,    -6.414683952 
 144.7,    -6.405063448 
 144.8,    -6.395447515 
 144.9,    -6.385838444 
   145,     -6.37623852 
 145.1,    -6.366650025 
 145.2,    -6.357075236 
 145.3,    -6.347516426 
 145.4,    -6.337975862 
 145.5,    -6.328455807 
 145.6,    -6.318958518 
 145.7,    -6.309486247 
 145.8,    -6.300041239 
 145.9,    -6.290625734 
   146,    -6.281241966 
 146.1,    -6.271892161 
 146.2,    -6.262578542 
 146.3,    -6.253303321 
 146.4,    -6.244068706 
 146.5,    -6.234876895 
 146.6,    -6.225730083 
 146.7,    -6.216630455 
 146.8,    -6.207580187 
 146.9,    -6.198581452 
   147,     -6.18963641 
 147.1,    -6.180747216 
 147.2,    -6.171916018 
 147.3,    -6.163144952 
 147.4,    -6.154436151 
 147.5,    -6.145791735 
 147.6,    -6.137213818 
 147.7,    -6.128704506 
 147.8,    -6.120265894 
 147.9,     -6.11190007 
   148,    -6.103609115 
 148.1,    -6.095395098 
 148.2,    -6.087260082 
 148.3,    -6.079206118 
 148.4,    -6.071235252 
 148.5,    -6.063349518 
 148.6,    -6.055550942 
 148.7,    -6.047841543 
 148.8,    -6.040223328 
 148.9,    -6.032698297 
   149,     -6.02526844 
 149.1,    -6.017935738 
 149.2,    -6.010702165 
 149.3,    -6.003569683 
 149.4,    -5.996540247 
 149.5,    -5.989615802 
 149.6,    -5.982798286 
 149.7,    -5.976089626 
 149.8,    -5.969491741 
 149.9,    -5.963006541 
   150,    -5.956635928 
 150.1,    -5.950381794 
 150.2,    -5.944246023 
 150.3,     -5.93823049 
 150.4,    -5.932337062 
 150.5,    -5.926567598 
 150.6,    -5.920923947 
 150.7,    -5.915407949 
 150.8,     -5.91002144 
 150.9,    -5.904766243 
   151,    -5.899644175 
 151.1,    -5.894657045 
 151.2,    -5.889806653 
 151.3,    -5.885094792 
 151.4,    -5.880523248 
 151.5,    -5.876093797 
 151.6,    -5.871808209 
 151.7,    -5.867668246 
 151.8,    -5.863675663 
 151.9,    -5.859832207 
   152,    -5.856139619 
 152.1,    -5.852599633 
 152.2,    -5.849213973 
 152.3,     -5.84598436 
 152.4,    -5.842912507 
 152.5,     -5.84000012 
 152.6,    -5.837248899 
 152.7,    -5.834660536 
 152.8,    -5.832236719 
 152.9,     -5.82997913 
   153,    -5.827889444 
 153.1,     -5.82596933 
 153.2,    -5.824220452 
 153.3,    -5.822644469 
 153.4,    -5.821243034 
 153.5,    -5.820017794 
 153.6,    -5.818970392 
 153.7,    -5.818102468 
 153.8,    -5.817415652 
 153.9,    -5.816911576 
   154,    -5.816591861 
 154.1,     -5.81645813 
 154.2,    -5.816511997 
 154.3,    -5.816755075 
 154.4,    -5.817188971 
 154.5,    -5.817815292 
 154.6,    -5.818635637 
 154.7,    -5.819651606 
 154.8,    -5.820864793 
 154.9,     -5.82227679 
   155,    -5.823889186 
 155.1,     -5.82570357 
 155.2,    -5.827721524 
 155.3,    -5.829944633 
 155.4,    -5.832374476 
 155.5,    -5.835012632 
 155.6,    -5.837860678 
 155.7,     -5.84092019 
 155.8,    -5.844192744 
 155.9,    -5.847679912 
   156,    -5.851383267 
 156.1,    -5.855304383 
 156.2,     -5.85944483 
 156.3,    -5.863806181 
 156.4,    -5.868390008 
 156.5,    -5.873197882 
 156.6,    -5.878231376 
 156.7,    -5.883492064 
 156.8,    -5.888981521 
 156.9,     -5.89470132 
   157,    -5.900653039 
 157.1,    -5.906838256 
 157.2,    -5.913258552 
 157.3,    -5.919915509 
 157.4,     -5.92681071 
 157.5,    -5.933945743 
 157.6,    -5.941322198 
 157.7,    -5.948941667 
 157.8,    -5.956805746 
 157.9,    -5.964916034 
   158,    -5.973274136 
 158.1,    -5.981881657 
 158.2,    -5.990740209 
 158.3,    -5.999851409 
 158.4,    -6.009216876 
 158.5,    -6.018838236 
 158.6,    -6.028717121 
 158.7,    -6.038855167 
 158.8,    -6.049254016 
 158.9,    -6.059915317 
   159,    -6.070840725 
 159.1,    -6.082031901 
 159.2,    -6.093490514 
 159.3,    -6.105218241 
 159.4,    -6.117216763 
 159.5,    -6.129487775 
 159.6,    -6.142032973 
 159.7,    -6.154854067 
 159.8,    -6.167952774 
 159.9,     -6.18133082 
   160,     -6.19498994 
 160.1,    -6.208931881 
 160.2,    -6.223158396 
 160.3,    -6.237671254 
 160.4,    -6.252472231 
 160.5,    -6.267563114 
 160.6,    -6.282945704 
 160.7,    -6.298621812 
 160.8,    -6.314593263 
 160.9,    -6.330861893 
   161,    -6.347429551 
 161.1,    -6.364298102 
 161.2,    -6.381469422 
 161.3,    -6.398945402 
 161.4,    -6.416727948 
 161.5,    -6.434818983 
 161.6,    -6.453220442 
 161.7,    -6.471934279 
 161.8,    -6.490962462 
 161.9,    -6.510306977 
   162,    -6.529969829 
 162.1,    -6.549953037 
 162.2,    -6.570258642 
 162.3,    -6.590888703 
 162.4,    -6.611845296 
 162.5,    -6.633130519 
 162.6,     -6.65474649 
 162.7,    -6.676695349 
 162.8,    -6.698979254 
 162.9,    -6.721600388 
   163,    -6.744560956 
 163.1,    -6.767863186 
 163.2,    -6.791509329 
 163.3,    -6.815501661 
 163.4,    -6.839842484 
 163.5,    -6.864534123 
 163.6,    -6.889578932 
 163.7,    -6.914979291 
 163.8,    -6.940737606 
 163.9,    -6.966856313 
   164,    -6.993337878 
 164.1,    -7.020184795 
 164.2,    -7.047399588 
 164.3,    -7.074984814 
 164.4,    -7.102943062 
 164.5,    -7.131276954 
 164.6,    -7.159989142 
 164.7,    -7.189082319 
 164.8,    -7.218559209 
 164.9,    -7.248422572 
   165,    -7.278675208 
 165.1,    -7.309319953 
 165.2,    -7.340359684 
 165.3,    -7.371797316 
 165.4,    -7.403635808 
 165.5,    -7.435878158 
 165.6,    -7.468527409 
 165.7,    -7.501586649 
 165.8,    -7.535059011 
 165.9,    -7.568947673 
   166,    -7.603255863 
 166.1,    -7.637986857 
 166.2,    -7.673143983 
 166.3,    -7.708730619 
 166.4,    -7.744750196 
 166.5,      -7.7812062 
 166.6,    -7.818102173 
 166.7,    -7.855441713 
 166.8,    -7.893228479 
 166.9,    -7.931466189 
   167,    -7.970158623 
 167.1,    -8.009309624 
 167.2,      -8.0489231 
 167.3,    -8.089003029 
 167.4,    -8.129553454 
 167.5,     -8.17057849 
 167.6,    -8.212082326 
 167.7,    -8.254069224 
 167.8,    -8.296543521 
 167.9,    -8.339509637 
   168,    -8.382972067 
 168.1,    -8.426935396 
 168.2,    -8.471404288 
 168.3,    -8.516383499 
 168.4,    -8.561877871 
 168.5,    -8.607892344 
 168.6,     -8.65443195 
 168.7,     -8.70150182 
 168.8,    -8.749107183 
 168.9,    -8.797253377 
   169,    -8.845945843 
 169.1,    -8.895190134 
 169.2,    -8.944991914 
 169.3,    -8.995356965 
 169.4,    -9.046291188 
 169.5,    -9.097800608 
 169.6,    -9.149891378 
 169.7,     -9.20256978 
 169.8,    -9.255842232 
 169.9,    -9.309715293 
   170,     -9.36419566 
 170.1,    -9.419290184 
 170.2,    -9.475005864 
 170.3,    -9.531349858 
 170.4,    -9.588329486 
 170.5,    -9.645952235 
 170.6,    -9.704225765 
 170.7,    -9.763157912 
 170.8,    -9.822756699 
 170.9,    -9.883030337 
   171,    -9.943987233 
 171.1,      -10.005636 
 171.2,    -10.06798545 
 171.3,    -10.13104463 
 171.4,    -10.19482279 
 171.5,    -10.25932942 
 171.6,    -10.32457426 
 171.7,    -10.39056728 
 171.8,    -10.45731871 
 171.9,    -10.52483906 
   172,    -10.59313909 
 172.1,    -10.66222987 
 172.2,    -10.73212275 
 172.3,    -10.80282938 
 172.4,    -10.87436174 
 172.5,    -10.94673213 
 172.6,    -11.01995319 
 172.7,    -11.09403792 
 172.8,    -11.16899968 
 172.9,     -11.2448522 
   173,    -11.32160964 
 173.1,    -11.39928653 
 173.2,    -11.47789784 
 173.3,    -11.55745901 
 173.4,    -11.63798589 
 173.5,    -11.71949487 
 173.6,    -11.80200278 
 173.7,      -11.885527 
 173.8,    -11.97008547 
 173.9,    -12.05569665 
   174,    -12.14237962 
 174.1,    -12.23015406 
 174.2,    -12.31904029 
 174.3,    -12.40905932 
 174.4,    -12.50023281 
 174.5,     -12.5925832 
 174.6,    -12.68613365 
 174.7,    -12.78090815 
 174.8,    -12.87693148 
 174.9,    -12.97422934 
   175,    -13.07282831 
 175.1,    -13.17275593 
 175.2,    -13.27404075 
 175.3,    -13.37671236 
 175.4,    -13.48080146 
 175.5,    -13.58633992 
 175.6,    -13.69336079 
 175.7,    -13.80189844 
 175.8,    -13.91198856 
 175.9,    -14.02366827 
   176,    -14.13697615 
 176.1,     -14.2519524 
 176.2,    -14.36863884 
 176.3,    -14.48707905 
 176.4,    -14.60731847 
 176.5,    -14.72940447 
 176.6,    -14.85338649 
 176.7,    -14.97931618 
 176.8,    -15.10724749 
 176.9,    -15.23723681 
   177,    -15.36934317 
 177.1,    -15.50362835 
 177.2,    -15.64015707 
 177.3,    -15.77899719 
 177.4,    -15.92021991 
 177.5,        -16.0639 
 177.6,    -16.21011599 
 177.7,    -16.35895051 
 177.8,     -16.5104905 
 177.9,    -16.66482759 
   178,    -16.82205835 
 178.1,    -16.98228473 
 178.2,    -17.14561443 
 178.3,    -17.31216133 
 178.4,    -17.48204601 
 178.5,    -17.65539623 
 178.6,    -17.83234756 
 178.7,    -18.01304397 
 178.8,     -18.1976386 
 178.9,    -18.38629451 
   179,    -18.57918557 
 179.1,    -18.77649741 
 179.2,    -18.97842855 
 179.3,    -19.18519157 
 179.4,    -19.39701446 
 179.5,    -19.61414221 
 179.6,    -19.83683847 
 179.7,    -20.06538749 
 179.8,    -20.30009638 
 179.9,    -20.54129756 
   180,    -20.78935163 
 180.1,    -21.04465066 
 180.2,    -21.30762191 
 180.3,    -21.57873221 
 180.4,    -21.85849296 
 180.5,    -22.14746598 
 180.6,    -22.44627036 
 180.7,    -22.75559049 
 180.8,    -23.07618554 
 180.9,    -23.40890078 
   181,    -23.75468104 
 181.1,    -24.11458698 
 181.2,    -24.48981475 
 181.3,    -24.88172003 
 181.4,    -25.29184766 
 181.5,    -25.72196842 
 181.6,    -26.17412519 
 181.7,     -26.6506915 
 181.8,    -27.15444668 
 181.9,    -27.68867351 
   182,    -28.25728694 
 182.1,    -28.86500666 
 182.2,    -29.51759222 
 182.3,    -30.22217022 
 182.4,    -30.98769974 
 182.5,    -31.82565174 
 182.6,     -32.7510301 
 182.7,    -33.78395885 
 182.8,    -34.95224608 
 182.9,    -36.29570973 
   183,    -37.87382451 
 183.1,    -39.77979099 
 183.2,    -42.16604051 
 183.3,    -45.27271438 
 183.4,    -49.18631817 
 183.5,    -51.09750661 
 183.6,     -47.7556612 
 183.7,    -44.08869842 
 183.8,    -41.28238963 
 183.9,    -39.10130409 
   184,    -37.33715718 
 184.1,    -35.86245347 
 184.2,     -34.5982357 
 184.3,    -33.49322923 
 184.4,    -32.51255751 
 184.5,    -31.63153427 
 184.6,    -30.83209272 
 184.7,    -30.10063489 
 184.8,     -29.4266811 
 184.9,    -28.80199015 
   185,    -28.21996758 
 185.1,    -27.67525626 
 185.2,    -27.16344635 
 185.3,    -26.68086518 
 185.4,    -26.22442208 
 185.5,    -25.79149198 
 185.6,    -25.37982658 
 185.7,     -24.9874857 
 185.8,    -24.61278357 
 185.9,    -24.25424632 
   186,    -23.91057791 
 186.1,    -23.58063275 
 186.2,    -23.26339327 
 186.3,     -22.9579516 
 186.4,    -22.66349433 
 186.5,    -22.37928993 
 186.6,    -22.10467806 
 186.7,    -21.83906071 
 186.8,    -21.58189458 
 186.9,    -21.33268461 
   187,    -21.09097844 
 187.1,    -20.85636167 
 187.2,    -20.62845374 
 187.3,    -20.40690432 
 187.4,    -20.19139023 
 187.5,    -19.98161271 
 187.6,      -19.777295 
 187.7,    -19.57818027 
 187.8,    -19.38402977 
 187.9,    -19.19462113 
   188,    -19.00974694 
 188.1,    -18.82921345 
 188.2,    -18.65283937 
 188.3,    -18.48045484 
 188.4,    -18.31190054 
 188.5,    -18.14702677 
 188.6,    -17.98569275 
 188.7,     -17.8277659 
 188.8,    -17.67312126 
 188.9,    -17.52164087 
   189,    -17.37321331 
 189.1,     -17.2277332 
 189.2,    -17.08510079 
 189.3,    -16.94522157 
 189.4,    -16.80800592 
 189.5,    -16.67336877 
 189.6,    -16.54122931 
 189.7,    -16.41151072 
 189.8,    -16.28413991 
 189.9,    -16.15904728 
   190,    -16.03616654 
 190.1,    -15.91543447 
 190.2,    -15.79679073 
 190.3,    -15.68017775 
 190.4,    -15.56554051 
 190.5,    -15.45282643 
 190.6,    -15.34198522 
 190.7,    -15.23296873 
 190.8,     -15.1257309 
 190.9,    -15.02022757 
   191,    -14.91641643 
 191.1,    -14.81425689 
 191.2,    -14.71371004 
 191.3,    -14.61473851 
 191.4,    -14.51730641 
 191.5,    -14.42137928 
 191.6,    -14.32692399 
 191.7,    -14.23390869 
 191.8,    -14.14230274 
 191.9,    -14.05207668 
   192,    -13.96320213 
 192.1,    -13.87565176 
 192.2,    -13.78939928 
 192.3,    -13.70441932 
 192.4,    -13.62068746 
 192.5,    -13.53818012 
 192.6,     -13.4568746 
 192.7,    -13.37674897 
 192.8,    -13.29778208 
 192.9,    -13.21995352 
   193,    -13.14324358 
 193.1,    -13.06763322 
 193.2,    -12.99310405 
 193.3,    -12.91963832 
 193.4,    -12.84721884 
 193.5,    -12.77582902 
 193.6,    -12.70545282 
 193.7,    -12.63607472 
 193.8,     -12.5676797 
 193.9,    -12.50025325 
   194,    -12.43378131 
 194.1,    -12.36825027 
 194.2,    -12.30364698 
 194.3,    -12.23995869 
 194.4,    -12.17717304 
 194.5,    -12.11527808 
 194.6,    -12.05426223 
 194.7,    -11.99411426 
 194.8,     -11.9348233 
 194.9,    -11.87637881 
   195,    -11.81877056 
 195.1,    -11.76198865 
 195.2,    -11.70602346 
 195.3,    -11.65086568 
 195.4,    -11.59650627 
 195.5,    -11.54293646 
 195.6,    -11.49014773 
 195.7,    -11.43813182 
 195.8,    -11.38688071 
 195.9,    -11.33638662 
   196,    -11.28664198 
 196.1,    -11.23763946 
 196.2,    -11.18937191 
 196.3,     -11.1418324 
 196.4,     -11.0950142 
 196.5,    -11.04891076 
 196.6,    -11.00351571 
 196.7,    -10.95882285 
 196.8,    -10.91482616 
 196.9,    -10.87151978 
   197,    -10.82889801 
 197.1,    -10.78695529 
 197.2,    -10.74568621 
 197.3,    -10.70508549 
 197.4,    -10.66514802 
 197.5,    -10.62586878 
 197.6,    -10.58724288 
 197.7,    -10.54926557 
 197.8,    -10.51193221 
 197.9,    -10.47523824 
   198,    -10.43917924 
 198.1,    -10.40375088 
 198.2,    -10.36894892 
 198.3,    -10.33476922 
 198.4,    -10.30120772 
 198.5,    -10.26826045 
 198.6,    -10.23592351 
 198.7,    -10.20419309 
 198.8,    -10.17306543 
 198.9,    -10.14253687 
   199,    -10.11260377 
 199.1,    -10.08326259 
 199.2,    -10.05450982 
 199.3,    -10.02634201 
 199.4,    -9.998755767 
 199.5,    -9.971747723 
 199.6,    -9.945314566 
 199.7,    -9.919453015 
 199.8,    -9.894159824 
 199.9,    -9.869431777 
   200,    -9.845265684 
 200.1,    -9.821658375 
 200.2,    -9.798606702 
 200.3,    -9.776107531 
 200.4,    -9.754157739 
 200.5,    -9.732754213 
 200.6,    -9.711893842 
 200.7,    -9.691573517 
 200.8,    -9.671790127 
 200.9,    -9.652540551 
   201,    -9.633821663 
 201.1,     -9.61563032 
 201.2,     -9.59796336 
 201.3,    -9.580817603 
 201.4,    -9.564189841 
 201.5,    -9.548076839 
 201.6,    -9.532475329 
 201.7,    -9.517382005 
 201.8,    -9.502793522 
 201.9,     -9.48870649 
   202,    -9.475117472 
 202.1,    -9.462022974 
 202.2,    -9.449419451 
 202.3,    -9.437303295 
 202.4,    -9.425670833 
 202.5,    -9.414518324 
 202.6,    -9.403841953 
 202.7,    -9.393637828 
 202.8,    -9.383901976 
 202.9,    -9.374630336 
   203,    -9.365818758 
 203.1,    -9.357462997 
 203.2,    -9.349558709 
 203.3,    -9.342101443 
 203.4,    -9.335086642 
 203.5,    -9.328509636 
 203.6,    -9.322365636 
 203.7,    -9.316649728 
 203.8,    -9.311356875 
 203.9,    -9.306481904 
   204,    -9.302019506 
 204.1,     -9.29796423 
 204.2,    -9.294310478 
 204.3,    -9.291052499 
 204.4,    -9.288184386 
 204.5,    -9.285700071 
 204.6,    -9.283593317 
 204.7,    -9.281857717 
 204.8,    -9.280486685 
 204.9,    -9.279473456 
   205,    -9.278811075 
 205.1,      -9.2784924 
 205.2,    -9.278510087 
 205.3,    -9.278856595 
 205.4,    -9.279524174 
 205.5,    -9.280504865 
 205.6,    -9.281790494 
 205.7,    -9.283372665 
 205.8,     -9.28524276 
 205.9,     -9.28739193 
   206,    -9.289811095 
 206.1,     -9.29249094 
 206.2,    -9.295421906 
 206.3,    -9.298594193 
 206.4,     -9.30199775 
 206.5,    -9.305622282 
 206.6,    -9.309457233 
 206.7,    -9.313491797 
 206.8,    -9.317714907 
 206.9,    -9.322115237 
   207,    -9.326681197 
 207.1,     -9.33140094 
 207.2,    -9.336262349 
 207.3,    -9.341253045 
 207.4,    -9.346360388 
 207.5,    -9.351571469 
 207.6,    -9.356873123 
 207.7,    -9.362251922 
 207.8,    -9.367694178 
 207.9,     -9.37318595 
   208,    -9.378713046 
 208.1,    -9.384261024 
 208.2,    -9.389815201 
 208.3,    -9.395360657 
 208.4,    -9.400882241 
 208.5,    -9.406364579 
 208.6,    -9.411792082 
 208.7,    -9.417148955 
 208.8,    -9.422419204 
 208.9,    -9.427586652 
   209,    -9.432634945 
 209.1,    -9.437547569 
 209.2,    -9.442307858 
 209.3,    -9.446899017 
 209.4,    -9.451304125 
 209.5,    -9.455506164 
 209.6,    -9.459488027 
 209.7,    -9.463232542 
 209.8,    -9.466722486 
 209.9,    -9.469940608 
   210,    -9.472869653 
 210.1,    -9.475492377 
 210.2,    -9.477791574 
 210.3,      -9.4797501 
 210.4,    -9.481350896 
 210.5,    -9.482577012 
 210.6,    -9.483411637 
 210.7,     -9.48383812 
 210.8,    -9.483840001 
 210.9,    -9.483401039 
   211,    -9.482505237 
 211.1,    -9.481136871 
 211.2,    -9.479280521 
 211.3,      -9.4769211 
 211.4,    -9.474043879 
 211.5,    -9.470634517 
 211.6,    -9.466679096 
 211.7,    -9.462164143 
 211.8,    -9.457076658 
 211.9,    -9.451404147 
   212,    -9.445134646 
 212.1,    -9.438256746 
 212.2,    -9.430759624 
 212.3,    -9.422633063 
 212.4,     -9.41386748 
 212.5,    -9.404453945 
 212.6,    -9.394384207 
 212.7,    -9.383650709 
 212.8,    -9.372246613 
 212.9,    -9.360165815 
   213,    -9.347402956 
 213.1,    -9.333953446 
 213.2,    -9.319813467 
 213.3,    -9.304979991 
 213.4,    -9.289450782 
 213.5,    -9.273224409 
 213.6,    -9.256300249 
 213.7,    -9.238678488 
 213.8,    -9.220360122 
 213.9,    -9.201346961 
   214,     -9.18164162 
 214.1,    -9.161247516 
 214.2,    -9.140168864 
 214.3,    -9.118410666 
 214.4,    -9.095978697 
 214.5,    -9.072879499 
 214.6,    -9.049120364 
 214.7,    -9.024709318 
 214.8,      -8.9996551 
 214.9,    -8.973967151 
   215,    -8.947655588 
 215.1,    -8.920731185 
 215.2,    -8.893205345 
 215.3,    -8.865090085 
 215.4,    -8.836398002 
 215.5,    -8.807142253 
 215.6,    -8.777336529 
 215.7,    -8.746995022 
 215.8,    -8.716132401 
 215.9,    -8.684763784 
   216,    -8.652904711 
 216.1,    -8.620571111 
 216.2,    -8.587779274 
 216.3,    -8.554545827 
 216.4,    -8.520887699 
 216.5,    -8.486822096 
 216.6,    -8.452366472 
 216.7,    -8.417538501 
 216.8,     -8.38235605 
 216.9,    -8.346837151 
   217,    -8.310999975 
 217.1,    -8.274862807 
 217.2,     -8.23844402 
 217.3,    -8.201762052 
 217.4,     -8.16483538 
 217.5,    -8.127682503 
 217.6,    -8.090321913 
 217.7,    -8.052772079 
 217.8,    -8.015051426 
 217.9,    -7.977178314 
   218,    -7.939171026 
 218.1,    -7.901047741 
 218.2,    -7.862826529 
 218.3,    -7.824525327 
 218.4,    -7.786161929 
 218.5,    -7.747753975 
 218.6,    -7.709318931 
 218.7,    -7.670874086 
 218.8,    -7.632436538 
 218.9,    -7.594023182 
   219,    -7.555650706 
 219.1,    -7.517335582 
 219.2,    -7.479094053 
 219.3,    -7.440942135 
 219.4,     -7.40289561 
 219.5,    -7.364970015 
 219.6,    -7.327180646 
 219.7,    -7.289542547 
 219.8,    -7.252070516 
 219.9,    -7.214779093 
   220,    -7.177682567 
 220.1,    -7.140794969 
 220.2,    -7.104130077 
 220.3,     -7.06770141 
 220.4,    -7.031522234 
 220.5,    -6.995605558 
 220.6,    -6.959964139 
 220.7,    -6.924610484 
 220.8,    -6.889556847 
 220.9,    -6.854815238 
   221,    -6.820397423 
 221.1,    -6.786314924 
 221.2,    -6.752579028 
 221.3,    -6.719200785 
 221.4,    -6.686191016 
 221.5,    -6.653560313 
 221.6,    -6.621319049 
 221.7,    -6.589477374 
 221.8,    -6.558045226 
 221.9,    -6.527032336 
   222,    -6.496448224 
 222.1,    -6.466302216 
 222.2,     -6.43660344 
 222.3,    -6.407360832 
 222.4,    -6.378583145 
 222.5,    -6.350278951 
 222.6,    -6.322456647 
 222.7,    -6.295124457 
 222.8,    -6.268290443 
 222.9,    -6.241962505 
   223,    -6.216148391 
 223.1,    -6.190855695 
 223.2,    -6.166091869 
 223.3,    -6.141864225 
 223.4,     -6.11817994 
 223.5,    -6.095046062 
 223.6,    -6.072469515 
 223.7,    -6.050457104 
 223.8,    -6.029015517 
 223.9,    -6.008151337 
   224,    -5.987871039 
 224.1,    -5.968180999 
 224.2,      -5.9490875 
 224.3,    -5.930596734 
 224.4,    -5.912714807 
 224.5,    -5.895447745 
 224.6,      -5.8788015 
 224.7,    -5.862781949 
 224.8,    -5.847394907 
 224.9,    -5.832646122 
   225,     -5.81854129 
 225.1,    -5.805086047 
 225.2,    -5.792285987 
 225.3,    -5.780146655 
 225.4,    -5.768673559 
 225.5,    -5.757872167 
 225.6,    -5.747747921 
 225.7,    -5.738306231 
 225.8,    -5.729552486 
 225.9,    -5.721492055 
   226,    -5.714130294 
 226.1,    -5.707472546 
 226.2,     -5.70152415 
 226.3,    -5.696290438 
 226.4,    -5.691776748 
 226.5,     -5.68798842 
 226.6,    -5.684930806 
 226.7,    -5.682609269 
 226.8,    -5.681029192 
 226.9,    -5.680195976 
   227,     -5.68011505 
 227.1,    -5.680791871 
 227.2,     -5.68223193 
 227.3,    -5.684440755 
 227.4,    -5.687423914 
 227.5,    -5.691187023 
 227.6,    -5.695735744 
 227.7,    -5.701075795 
 227.8,     -5.70721295 
 227.9,    -5.714153044 
   228,     -5.72190198 
 228.1,    -5.730465727 
 228.2,    -5.739850331 
 228.3,    -5.750061915 
 228.4,    -5.761106686 
 228.5,    -5.772990935 
 228.6,    -5.785721046 
 228.7,      -5.7993035 
 228.8,    -5.813744877 
 228.9,     -5.82905186 
   229,    -5.845231244 
 229.1,    -5.862289938 
 229.2,     -5.88023497 
 229.3,    -5.899073491 
 229.4,    -5.918812783 
 229.5,     -5.93946026 
 229.6,    -5.961023477 
 229.7,    -5.983510133 
 229.8,    -6.006928079 
 229.9,     -6.03128532 
   230,    -6.056590022 
 230.1,    -6.082850521 
 230.2,    -6.110075325 
 230.3,     -6.13827312 
 230.4,    -6.167452782 
 230.5,    -6.197623375 
 230.6,    -6.228794164 
 230.7,    -6.260974621 
 230.8,    -6.294174429 
 230.9,    -6.328403491 
   231,     -6.36367194 
 231.1,    -6.399990141 
 231.2,    -6.437368704 
 231.3,    -6.475818488 
 231.4,    -6.515350613 
 231.5,    -6.555976468 
 231.6,    -6.597707716 
 231.7,    -6.640556306 
 231.8,    -6.684534484 
 231.9,    -6.729654799 
   232,    -6.775930116 
 232.1,    -6.823373623 
 232.2,    -6.871998845 
 232.3,    -6.921819652 
 232.4,    -6.972850273 
 232.5,    -7.025105302 
 232.6,    -7.078599719 
 232.7,    -7.133348892 
 232.8,    -7.189368596 
 232.9,    -7.246675027 
   233,    -7.305284807 
 233.1,    -7.365215008 
 233.2,    -7.426483159 
 233.3,     -7.48910726 
 233.4,    -7.553105805 
 233.5,    -7.618497785 
 233.6,    -7.685302714 
 233.7,    -7.753540637 
 233.8,    -7.823232153 
 233.9,    -7.894398424 
   234,    -7.967061197 
 234.1,    -8.041242821 
 234.2,     -8.11696626 
 234.3,    -8.194255112 
 234.4,    -8.273133631 
 234.5,    -8.353626736 
 234.6,    -8.435760034 
 234.7,    -8.519559838 
 234.8,    -8.605053177 
 234.9,    -8.692267821 
   235,    -8.781232292 
 235.1,    -8.871975877 
 235.2,     -8.96452865 
 235.3,    -9.058921476 
 235.4,    -9.155186028 
 235.5,    -9.253354795 
 235.6,    -9.353461088 
 235.7,    -9.455539045 
 235.8,    -9.559623635 
 235.9,    -9.665750651 
   236,    -9.773956705 
 236.1,    -9.884279216 
 236.2,    -9.996756387 
 236.3,    -10.11142719 
 236.4,     -10.2283313 
 236.5,     -10.3475091 
 236.6,    -10.46900158 
 236.7,    -10.59285028 
 236.8,    -10.71909721 
 236.9,    -10.84778473 
   237,    -10.97895543 
 237.1,    -11.11265199 
 237.2,    -11.24891697 
 237.3,    -11.38779261 
 237.4,    -11.52932058 
 237.5,    -11.67354168 
 237.6,    -11.82049548 
 237.7,     -11.9702199 
 237.8,    -12.12275076 
 237.9,    -12.27812119 
   238,    -12.43636098 
 238.1,    -12.59749586 
 238.2,    -12.76154656 
 238.3,    -12.92852786 
 238.4,    -13.09844734 
 238.5,    -13.27130409 
 238.6,    -13.44708713 
 238.7,    -13.62577357 
 238.8,    -13.80732662 
 238.9,    -13.99169318 
   239,    -14.17880116 
 239.1,    -14.36855646 
 239.2,    -14.56083945 
 239.3,    -14.75550113 
 239.4,    -14.95235872 
 239.5,    -15.15119082 
 239.6,    -15.35173203 
 239.7,    -15.55366708 
 239.8,    -15.75662453 
 239.9,    -15.96017001 
   240,    -16.16379924 
 240.1,    -16.36693095 
 240.2,    -16.56889993 
 240.3,    -16.76895063 
 240.4,    -16.96623177 
 240.5,    -17.15979248 
 240.6,    -17.34858075 
 240.7,    -17.53144492 
 240.8,    -17.70713928 
 240.9,    -17.87433436 
   241,    -18.03163309 
 241.1,    -18.17759323 
 241.2,    -18.31075628 
 241.3,    -18.42968285 
 241.4,    -18.53299338 
 241.5,     -18.6194125 
 241.6,    -18.68781494 
 241.7,    -18.73726957 
 241.8,    -18.76707865 
 241.9,    -18.77680866 
   242,    -18.76631026 
 242.1,    -18.73572516 
 242.2,     -18.6854796 
 242.3,     -18.6162647 
 242.4,    -18.52900586 
 242.5,    -18.42482373 
 242.6,    -18.30499019 
 242.7,    -18.17088254 
 242.8,    -18.02393895 
 242.9,     -17.8656177 
   243,    -17.69736167 
 243.1,    -17.52056921 
 243.2,    -17.33657153 
 243.3,    -17.14661651 
 243.4,    -16.95185808 
 243.5,    -16.75335067 
 243.6,    -16.55204757 
 243.7,    -16.34880238 
 243.8,    -16.14437287 
 243.9,    -15.93942631 
   244,    -15.73454587 
 244.1,    -15.53023753 
 244.2,    -15.32693721 
 244.3,     -15.1250177 
 244.4,    -14.92479547 
 244.5,    -14.72653695 
 244.6,    -14.53046444 
 244.7,     -14.3367615 
 244.8,    -14.14557777 
 244.9,    -13.95703343 
   245,    -13.77122304 
 245.1,    -13.58821907 
 245.2,    -13.40807492 
 245.3,    -13.23082764 
 245.4,    -13.05650029 
 245.5,    -12.88510401 
 245.6,    -12.71663982 
 245.7,     -12.5511002 
 245.8,    -12.38847042 
 245.9,    -12.22872977 
   246,    -12.07185252 
 246.1,    -11.91780886 
 246.2,    -11.76656563 
 246.3,    -11.61808696 
 246.4,     -11.4723349 
 246.5,    -11.32926979 
 246.6,     -11.1888508 
 246.7,    -11.05103618 
 246.8,    -10.91578362 
 246.9,    -10.78305048 
   247,    -10.65279404 
 247.1,    -10.52497162 
 247.2,     -10.3995408 
 247.3,    -10.27645951 
 247.4,    -10.15568614 
 247.5,    -10.03717966 
 247.6,    -9.920899642 
 247.7,    -9.806806348 
 247.8,    -9.694860776 
 247.9,    -9.585024688 
   248,    -9.477260639 
 248.1,    -9.371531997 
 248.2,    -9.267802955 
 248.3,    -9.166038543 
 248.4,    -9.066204622 
 248.5,    -8.968267892 
 248.6,    -8.872195885 
 248.7,    -8.777956954 
 248.8,    -8.685520271 
 248.9,    -8.594855809 
   249,    -8.505934334 
 249.1,    -8.418727391 
 249.2,    -8.333207284 
 249.3,    -8.249347068 
 249.4,    -8.167120527 
 249.5,     -8.08650216 
 249.6,    -8.007467162 
 249.7,    -7.929991413 
 249.8,    -7.854051451 
 249.9,    -7.779624463 
   250,    -7.706688265 
 250.1,    -7.635221286 
 250.2,     -7.56520255 
 250.3,    -7.496611662 
 250.4,     -7.42942879 
 250.5,    -7.363634649 
 250.6,    -7.299210488 
 250.7,    -7.236138069 
 250.8,    -7.174399663 
 250.9,    -7.113978024 
   251,    -7.054856381 
 251.1,    -6.997018426 
 251.2,    -6.940448296 
 251.3,    -6.885130562 
 251.4,    -6.831050218 
 251.5,    -6.778192666 
 251.6,    -6.726543709 
 251.7,    -6.676089533 
 251.8,      -6.6268167 
 251.9,    -6.578712138 
   252,    -6.531763129 
 252.1,    -6.485957298 
 252.2,    -6.441282604 
 252.3,    -6.397727332 
 252.4,    -6.355280083 
 252.5,    -6.313929763 
 252.6,    -6.273665578 
 252.7,    -6.234477024 
 252.8,    -6.196353877 
 252.9,    -6.159286189 
   253,    -6.123264278 
 253.1,    -6.088278721 
 253.2,    -6.054320346 
 253.3,     -6.02138023 
 253.4,    -5.989449685 
 253.5,    -5.958520258 
 253.6,    -5.928583719 
 253.7,    -5.899632061 
 253.8,     -5.87165749 
 253.9,    -5.844652421 
   254,    -5.818609472 
 254.1,    -5.793521457 
 254.2,    -5.769381386 
 254.3,    -5.746182452 
 254.4,    -5.723918035 
 254.5,    -5.702581691 
 254.6,    -5.682167148 
 254.7,    -5.662668306 
 254.8,    -5.644079227 
 254.9,    -5.626394132 
   255,    -5.609607403 
 255.1,    -5.593713569 
 255.2,     -5.57870731 
 255.3,    -5.564583448 
 255.4,    -5.551336949 
 255.5,    -5.538962911 
 255.6,    -5.527456571 
 255.7,    -5.516813291 
 255.8,    -5.507028562 
 255.9,    -5.498097996 
   256,    -5.490017327 
 256.1,    -5.482782404 
 256.2,    -5.476389189 
 256.3,    -5.470833754 
 256.4,     -5.46611228 
 256.5,    -5.462221048 
 256.6,    -5.459156442 
 256.7,    -5.456914946 
 256.8,    -5.455493134 
 256.9,    -5.454887675 
   257,    -5.455095325 
 257.1,    -5.456112929 
 257.2,    -5.457937411 
 257.3,    -5.460565778 
 257.4,    -5.463995111 
 257.5,    -5.468222568 
 257.6,    -5.473245377 
 257.7,    -5.479060834 
 257.8,      -5.4856663 
 257.9,    -5.493059198 
   258,    -5.501237011 
 258.1,    -5.510197275 
 258.2,    -5.519937583 
 258.3,    -5.530455574 
 258.4,    -5.541748934 
 258.5,    -5.553815393 
 258.6,    -5.566652719 
 258.7,    -5.580258717 
 258.8,    -5.594631223 
 258.9,    -5.609768103 
   259,    -5.625667248 
 259.1,    -5.642326568 
 259.2,    -5.659743994 
 259.3,    -5.677917467 
 259.4,    -5.696844936 
 259.5,    -5.716524356 
 259.6,    -5.736953683 
 259.7,    -5.758130865 
 259.8,    -5.780053842 
 259.9,     -5.80272054 
   260,    -5.826128864 
 260.1,    -5.850276693 
 260.2,    -5.875161875 
 260.3,    -5.900782224 
 260.4,    -5.927135506 
 260.5,    -5.954219441 
 260.6,    -5.982031694 
 260.7,    -6.010569863 
 260.8,    -6.039831479 
 260.9,    -6.069813995 
   261,    -6.100514778 
 261.1,    -6.131931102 
 261.2,    -6.164060138 
 261.3,    -6.196898947 
 261.4,    -6.230444469 
 261.5,    -6.264693516 
 261.6,    -6.299642757 
 261.7,    -6.335288713 
 261.8,    -6.371627742 
 261.9,     -6.40865603 
   262,    -6.446369577 
 262.1,    -6.484764185 
 262.2,    -6.523835447 
 262.3,    -6.563578731 
 262.4,    -6.603989165 
 262.5,    -6.645061625 
 262.6,    -6.686790717 
 262.7,    -6.729170762 
 262.8,    -6.772195781 
 262.9,    -6.815859471 
   263,    -6.860155196 
 263.1,    -6.905075959 
 263.2,    -6.950614388 
 263.3,    -6.996762715 
 263.4,     -7.04351275 
 263.5,    -7.090855864 
 263.6,    -7.138782964 
 263.7,    -7.187284468 
 263.8,    -7.236350281 
 263.9,    -7.285969771 
   264,    -7.336131739 
 264.1,    -7.386824393 
 264.2,    -7.438035323 
 264.3,    -7.489751466 
 264.4,     -7.54195908 
 264.5,    -7.594643713 
 264.6,    -7.647790168 
 264.7,    -7.701382473 
 264.8,    -7.755403851 
 264.9,    -7.809836679 
   265,    -7.864662458 
 265.1,    -7.919861779 
 265.2,    -7.975414283 
 265.3,     -8.03129863 
 265.4,    -8.087492462 
 265.5,    -8.143972361 
 265.6,    -8.200713821 
 265.7,     -8.25769121 
 265.8,    -8.314877729 
 265.9,    -8.372245383 
   266,    -8.429764947 
 266.1,    -8.487405926 
 266.2,    -8.545136535 
 266.3,    -8.602923658 
 266.4,    -8.660732824 
 266.5,    -8.718528186 
 266.6,     -8.77627249 
 266.7,    -8.833927061 
 266.8,    -8.891451786 
 266.9,    -8.948805098 
   267,    -9.005943975 
 267.1,    -9.062823931 
 267.2,    -9.119399023 
 267.3,    -9.175621858 
 267.4,    -9.231443609 
 267.5,    -9.286814038 
 267.6,    -9.341681529 
 267.7,     -9.39599312 
 267.8,    -9.449694557 
 267.9,     -9.50273035 
   268,    -9.555043837 
 268.1,    -9.606577265 
 268.2,    -9.657271874 
 268.3,    -9.707067999 
 268.4,     -9.75590518 
 268.5,    -9.803722282 
 268.6,     -9.85045763 
 268.7,    -9.896049157 
 268.8,    -9.940434553 
 268.9,    -9.983551442 
   269,    -10.02533756 
 269.1,    -10.06573092 
 269.2,    -10.10467007 
 269.3,    -10.14209423 
 269.4,    -10.17794355 
 269.5,    -10.21215932 
 269.6,    -10.24468421 
 269.7,    -10.27546247 
 269.8,    -10.30444019 
 269.9,    -10.33156553 
   270,    -10.35678892 
 270.1,    -10.38006335 
 270.2,    -10.40134452 
 270.3,    -10.42059109 
 270.4,    -10.43776491 
 270.5,    -10.45283113 
 270.6,    -10.46575848 
 270.7,    -10.47651934 
 270.8,    -10.48508994 
 270.9,    -10.49145047 
   271,    -10.49558518 
 271.1,    -10.49748245 
 271.2,    -10.49713488 
 271.3,    -10.49453929 
 271.4,    -10.48969676 
 271.5,    -10.48261258 
 271.6,    -10.47329627 
 271.7,    -10.46176146 
 271.8,    -10.44802584 
 271.9,    -10.43211104 
   272,    -10.41404251 
 272.1,    -10.39384938 
 272.2,    -10.37156428 
 272.3,    -10.34722318 
 272.4,    -10.32086519 
 272.5,    -10.29253234 
 272.6,    -10.26226938 
 272.7,    -10.23012358 
 272.8,    -10.19614444 
 272.9,    -10.16038353 
   273,     -10.1228942 
 273.1,     -10.0837314 
 273.2,    -10.04295139 
 273.3,    -10.00061156 
 273.4,    -9.956770193 
 273.5,    -9.911486241 
 273.6,    -9.864819132 
 273.7,    -9.816828564 
 273.8,    -9.767574318 
 273.9,    -9.717116081 
   274,    -9.665513274 
 274.1,    -9.612824901 
 274.2,    -9.559109402 
 274.3,     -9.50442452 
 274.4,     -9.44882718 
 274.5,    -9.392373378 
 274.6,    -9.335118085 
 274.7,    -9.277115158 
 274.8,    -9.218417263 
 274.9,    -9.159075809 
   275,    -9.099140892 
 275.1,    -9.038661247 
 275.2,     -8.97768421 
 275.3,    -8.916255687 
 275.4,     -8.85442013 
 275.5,    -8.792220528 
 275.6,     -8.72969839 
 275.7,    -8.666893745 
 275.8,    -8.603845147 
 275.9,    -8.540589682 
   276,    -8.477162977 
 276.1,    -8.413599216 
 276.2,    -8.349931168 
 276.3,    -8.286190196 
 276.4,    -8.222406295 
 276.5,     -8.15860811 
 276.6,    -8.094822972 
 276.7,    -8.031076928 
 276.8,     -7.96739477 
 276.9,    -7.903800075 
   277,    -7.840315232 
 277.1,    -7.776961483 
 277.2,    -7.713758957 
 277.3,    -7.650726704 
 277.4,    -7.587882731 
 277.5,     -7.52524404 
 277.6,     -7.46282666 
 277.7,    -7.400645685 
 277.8,    -7.338715305 
 277.9,    -7.277048843 
   278,    -7.215658788 
 278.1,    -7.154556825 
 278.2,    -7.093753868 
 278.3,    -7.033260095 
 278.4,    -6.973084972 
 278.5,    -6.913237285 
 278.6,    -6.853725171 
 278.7,    -6.794556142 
 278.8,    -6.735737114 
 278.9,    -6.677274433 
   279,    -6.619173897 
 279.1,    -6.561440785 
 279.2,    -6.504079876 
 279.3,    -6.447095475 
 279.4,     -6.39049143 
 279.5,    -6.334271158 
 279.6,    -6.278437662 
 279.7,    -6.222993549 
 279.8,    -6.167941052 
 279.9,    -6.113282045 
   280,    -6.059018059 
 280.1,    -6.005150302 
 280.2,    -5.951679671 
 280.3,    -5.898606767 
 280.4,    -5.845931913 
 280.5,     -5.79365516 
 280.6,     -5.74177631 
 280.7,    -5.690294919 
 280.8,    -5.639210315 
 280.9,    -5.588521607 
   281,    -5.538227696 
 281.1,    -5.488327283 
 281.2,    -5.438818884 
 281.3,    -5.389700837 
 281.4,    -5.340971307 
 281.5,      -5.2926283 
 281.6,     -5.24466967 
 281.7,    -5.197093125 
 281.8,    -5.149896234 
 281.9,    -5.103076437 
   282,     -5.05663105 
 282.1,    -5.010557271 
 282.2,    -4.964852186 
 282.3,    -4.919512776 
 282.4,    -4.874535923 
 282.5,    -4.829918412 
 282.6,    -4.785656941 
 282.7,    -4.741748121 
 282.8,    -4.698188483 
 282.9,    -4.654974483 
   283,    -4.612102506 
 283.1,    -4.569568867 
 283.2,     -4.52736982 
 283.3,    -4.485501556 
 283.4,    -4.443960211 
 283.5,    -4.402741867 
 283.6,    -4.361842557 
 283.7,    -4.321258265 
 283.8,    -4.280984933 
 283.9,    -4.241018459 
   284,    -4.201354704 
 284.1,    -4.161989494 
 284.2,    -4.122918618 
 284.3,    -4.084137837 
 284.4,    -4.045642881 
 284.5,    -4.007429454 
 284.6,    -3.969493235 
 284.7,     -3.93182988 
 284.8,    -3.894435027 
 284.9,    -3.857304291 
   285,    -3.820433273 
 285.1,    -3.783817558 
 285.2,    -3.747452718 
 285.3,    -3.711334313 
 285.4,    -3.675457893 
 285.5,    -3.639818999 
 285.6,    -3.604413166 
 285.7,    -3.569235923 
 285.8,    -3.534282795 
 285.9,    -3.499549304 
   286,    -3.465030973 
 286.1,    -3.430723323 
 286.2,    -3.396621876 
 286.3,    -3.362722161 
 286.4,    -3.329019707 
 286.5,    -3.295510051 
 286.6,    -3.262188735 
 286.7,    -3.229051311 
 286.8,    -3.196093339 
 286.9,     -3.16331039 
   287,    -3.130698048 
 287.1,    -3.098251907 
 287.2,    -3.065967578 
 287.3,    -3.033840685 
 287.4,    -3.001866872 
 287.5,    -2.970041796 
 287.6,    -2.938361137 
 287.7,    -2.906820593 
 287.8,    -2.875415883 
 287.9,    -2.844142749 
   288,    -2.812996956 
 288.1,    -2.781974294 
 288.2,    -2.751070577 
 288.3,    -2.720281649 
 288.4,    -2.689603378 
 288.5,    -2.659031664 
 288.6,    -2.628562436 
 288.7,    -2.598191654 
 288.8,    -2.567915311 
 288.9,    -2.537729432 
   289,    -2.507630078 
 289.1,    -2.477613344 
 289.2,    -2.447675364 
 289.3,    -2.417812307 
 289.4,    -2.388020382 
 289.5,    -2.358295837 
 289.6,    -2.328634963 
 289.7,     -2.29903409 
 289.8,    -2.269489593 
 289.9,     -2.23999789 
   290,    -2.210555443 
 290.1,     -2.18115876 
 290.2,    -2.151804399 
 290.3,    -2.122488961 
 290.4,      -2.0932091 
 290.5,    -2.063961516 
 290.6,    -2.034742962 
 290.7,    -2.005550242 
 290.8,    -1.976380212 
 290.9,    -1.947229782 
   291,    -1.918095915 
 291.1,    -1.888975629 
 291.2,    -1.859865998 
 291.3,    -1.830764153 
 291.4,    -1.801667282 
 291.5,     -1.77257263 
 291.6,    -1.743477502 
 291.7,    -1.714379263 
 291.8,    -1.685275335 
 291.9,    -1.656163203 
   292,    -1.627040414 
 292.1,    -1.597904574 
 292.2,    -1.568753355 
 292.3,    -1.539584488 
 292.4,    -1.510395771 
 292.5,    -1.481185064 
 292.6,    -1.451950291 
 292.7,    -1.422689441 
 292.8,    -1.393400568 
 292.9,    -1.364081793 
   293,    -1.334731301 
 293.1,    -1.305347342 
 293.2,    -1.275928234 
 293.3,     -1.24647236 
 293.4,     -1.21697817 
 293.5,    -1.187444181 
 293.6,    -1.157868976 
 293.7,    -1.128251206 
 293.8,    -1.098589585 
 293.9,    -1.068882897 
   294,    -1.039129993 
 294.1,    -1.009329788 
 294.2,   -0.9794812651 
 294.3,   -0.9495834724 
 294.4,    -0.919635525 
 294.5,   -0.8896366026 
 294.6,    -0.859585951 
 294.7,   -0.8294828809 
 294.8,   -0.7993267676 
 294.9,   -0.7691170507 
   295,    -0.738853234 
 295.1,   -0.7085348841 
 295.2,    -0.678161631 
 295.3,   -0.6477331667 
 295.4,   -0.6172492452 
 295.5,    -0.586709682 
 295.6,    -0.556114353 
 295.7,   -0.5254631935 
 295.8,   -0.4947561989 
 295.9,   -0.4639934227 
   296,   -0.4331749764 
 296.1,   -0.4023010279 
 296.2,   -0.3713718022 
 296.3,   -0.3403875797 
 296.4,   -0.3093486942 
 296.5,   -0.2782555346 
 296.6,   -0.2471085418 
 296.7,   -0.2159082092 
 296.8,   -0.1846550805 
 296.9,   -0.1533497498 
   297,   -0.1219928602 
 297.1,  -0.09058510302 
 297.2,  -0.05912721632 
 297.3,  -0.02761998461 
 297.4,  0.003935762874 
 297.5,   0.03553915317 
 297.6,   0.06718926939 
 297.7,   0.09888515404 
 297.8,    0.1306258081 
 297.9,    0.1624101928 
   298,    0.1942372312 
 298.1,    0.2261058086 
 298.2,    0.2580147737 
 298.3,    0.2899629404 
 298.4,    0.3219490877 
 298.5,    0.3539719623 
 298.6,    0.3860302783 
 298.7,    0.4181227194 
 298.8,    0.4502479392 
 298.9,    0.4824045628 
   299,     0.514591188 
 299.1,    0.5468063857 
 299.2,    0.5790487018 
 299.3,     0.611316658 
 299.4,    0.6436087526 
 299.5,    0.6759234621 
 299.6,    0.7082592419 
 299.7,    0.7406145275 
 299.8,    0.7729877354 
 299.9,    0.8053772643 
   300,    0.8377814964 
 300.1,    0.8701987979 
 300.2,    0.9026275201 
 300.3,    0.9350660007 
 300.4,    0.9675125648 
 300.5,    0.9999655257 
 300.6,     1.032423185 
 300.7,     1.064883836 
 300.8,     1.097345761 
 300.9,     1.129807237 
   301,      1.16226653 
 301.1,     1.194721903 
 301.2,     1.227171614 
 301.3,     1.259613912 
 301.4,     1.292047047 
 301.5,     1.324469264 
 301.6,     1.356878806 
 301.7,     1.389273915 
 301.8,     1.421652832 
 301.9,     1.454013798 
   302,     1.486355056 
 302.1,     1.518674849 
 302.2,     1.550971424 
 302.3,     1.583243029 
 302.4,     1.615487917 
 302.5,     1.647704345 
 302.6,     1.679890574 
 302.7,     1.712044872 
 302.8,     1.744165512 
 302.9,     1.776250773 
   303,     1.808298942 
 303.1,     1.840308314 
 303.2,     1.872277191 
 303.3,     1.904203884 
 303.4,     1.936086714 
 303.5,     1.967924011 
 303.6,     1.999714114 
 303.7,     2.031455374 
 303.8,     2.063146151 
 303.9,     2.094784818 
   304,     2.126369759 
 304.1,     2.157899369 
 304.2,     2.189372057 
 304.3,     2.220786242 
 304.4,     2.252140359 
 304.5,     2.283432854 
 304.6,     2.314662186 
 304.7,      2.34582683 
 304.8,     2.376925274 
 304.9,     2.407956018 
   305,      2.43891758 
 305.1,      2.46980849 
 305.2,     2.500627293 
 305.3,      2.53137255 
 305.4,     2.562042838 
 305.5,     2.592636746 
 305.6,     2.623152882 
 305.7,     2.653589866 
 305.8,     2.683946338 
 305.9,     2.714220949 
   306,     2.744412369 
 306.1,     2.774519284 
 306.2,     2.804540395 
 306.3,     2.834474418 
 306.4,     2.864320088 
 306.5,     2.894076153 
 306.6,      2.92374138 
 306.7,      2.95331455 
 306.8,     2.982794462 
 306.9,     3.012179931 
   307,     3.041469787 
 307.1,     3.070662877 
 307.2,     3.099758064 
 307.3,     3.128754229 
 307.4,     3.157650266 
 307.5,     3.186445088 
 307.6,     3.215137622 
 307.7,     3.243726813 
 307.8,     3.272211621 
 307.9,     3.300591021 
   308,     3.328864006 
 308.1,     3.357029583 
 308.2,     3.385086775 
 308.3,     3.413034622 
 308.4,     3.440872178 
 308.5,     3.468598512 
 308.6,     3.496212712 
 308.7,     3.523713877 
 308.8,     3.551101123 
 308.9,      3.57837358 
   309,     3.605530396 
 309.1,      3.63257073 
 309.2,     3.659493759 
 309.3,     3.686298671 
 309.4,     3.712984672 
 309.5,      3.73955098 
 309.6,     3.765996829 
 309.7,     3.792321465 
 309.8,      3.81852415 
 309.9,     3.844604159 
   310,     3.870560779 
 310.1,     3.896393314 
 310.2,     3.922101079 
 310.3,     3.947683402 
 310.4,     3.973139626 
 310.5,     3.998469106 
 310.6,     4.023671208 
 310.7,     4.048745314 
 310.8,     4.073690817 
 310.9,     4.098507122 
   311,     4.123193646 
 311.1,     4.147749819 
 311.2,     4.172175083 
 311.3,     4.196468891 
 311.4,     4.220630708 
 311.5,     4.244660011 
 311.6,     4.268556287 
 311.7,     4.292319036 
 311.8,     4.315947767 
 311.9,     4.339442001 
   312,      4.36280127 
 312.1,     4.386025117 
 312.2,     4.409113093 
 312.3,     4.432064763 
 312.4,     4.454879698 
 312.5,     4.477557482 
 312.6,     4.500097707 
 312.7,     4.522499977 
 312.8,     4.544763903 
 312.9,     4.566889107 
   313,     4.588875219 
 313.1,     4.610721879 
 313.2,     4.632428736 
 313.3,     4.653995446 
 313.4,     4.675421678 
 313.5,     4.696707104 
 313.6,     4.717851408 
 313.7,     4.738854282 
 313.8,     4.759715423 
 313.9,     4.780434541 
   314,      4.80101135 
 314.1,     4.821445572 
 314.2,     4.841736938 
 314.3,     4.861885185 
 314.4,     4.881890059 
 314.5,     4.901751311 
 314.6,     4.921468701 
 314.7,     4.941041994 
 314.8,     4.960470964 
 314.9,     4.979755389 
   315,     4.998895055 
 315.1,     5.017889754 
 315.2,     5.036739284 
 315.3,     5.055443451 
 315.4,     5.074002064 
 315.5,      5.09241494 
 315.6,       5.1106819 
 315.7,     5.128802772 
 315.8,      5.14677739 
 315.9,     5.164605592 
   316,     5.182287221 
 316.1,     5.199822127 
 316.2,     5.217210163 
 316.3,     5.234451188 
 316.4,     5.251545067 
 316.5,     5.268491667 
 316.6,     5.285290861 
 316.7,     5.301942527 
 316.8,     5.318446546 
 316.9,     5.334802805 
   317,     5.351011194 
 317.1,     5.367071607 
 317.2,     5.382983943 
 317.3,     5.398748104 
 317.4,     5.414363995 
 317.5,     5.429831526 
 317.6,      5.44515061 
 317.7,     5.460321165 
 317.8,     5.475343109 
 317.9,     5.490216365 
   318,     5.504940862 
 318.1,     5.519516527 
 318.2,     5.533943293 
 318.3,     5.548221096 
 318.4,     5.562349874 
 318.5,     5.576329568 
 318.6,     5.590160121 
 318.7,      5.60384148 
 318.8,     5.617373592 
 318.9,      5.63075641 
   319,     5.643989885 
 319.1,     5.657073974 
 319.2,     5.670008635 
 319.3,     5.682793826 
 319.4,     5.695429509 
 319.5,     5.707915649 
 319.6,     5.720252209 
 319.7,     5.732439158 
 319.8,     5.744476464 
 319.9,     5.756364097 
   320,     5.768102029 
 320.1,     5.779690232 
 320.2,     5.791128683 
 320.3,     5.802417355 
 320.4,     5.813556228 
 320.5,     5.824545278 
 320.6,     5.835384484 
 320.7,     5.846073828 
 320.8,      5.85661329 
 320.9,     5.867002853 
   321,     5.877242498 
 321.1,      5.88733221 
 321.2,     5.897271973 
 321.3,     5.907061772 
 321.4,     5.916701592 
 321.5,     5.926191418 
 321.6,     5.935531237 
 321.7,     5.944721036 
 321.8,     5.953760801 
 321.9,     5.962650519 
   322,     5.971390177 
 322.1,     5.979979763 
 322.2,     5.988419264 
 322.3,     5.996708666 
 322.4,     6.004847958 
 322.5,     6.012837125 
 322.6,     6.020676156 
 322.7,     6.028365036 
 322.8,     6.035903751 
 322.9,     6.043292287 
   323,      6.05053063 
 323.1,     6.057618765 
 323.2,     6.064556674 
 323.3,     6.071344344 
 323.4,     6.077981755 
 323.5,     6.084468891 
 323.6,     6.090805733 
 323.7,     6.096992261 
 323.8,     6.103028456 
 323.9,     6.108914296 
   324,     6.114649759 
 324.1,     6.120234822 
 324.2,     6.125669461 
 324.3,      6.13095365 
 324.4,     6.136087363 
 324.5,     6.141070571 
 324.6,     6.145903245 
 324.7,     6.150585356 
 324.8,     6.155116871 
 324.9,     6.159497756 
   325,     6.163727977 
 325.1,     6.167807498 
 325.2,     6.171736279 
 325.3,     6.175514282 
 325.4,     6.179141466 
 325.5,     6.182617786 
 325.6,     6.185943198 
 325.7,     6.189117656 
 325.8,      6.19214111 
 325.9,      6.19501351 
   326,     6.197734803 
 326.1,     6.200304935 
 326.2,     6.202723849 
 326.3,     6.204991485 
 326.4,     6.207107783 
 326.5,      6.20907268 
 326.6,      6.21088611 
 326.7,     6.212548005 
 326.8,     6.214058294 
 326.9,     6.215416906 
   327,     6.216623764 
 327.1,     6.217678792 
 327.2,     6.218581908 
 327.3,      6.21933303 
 327.4,     6.219932073 
 327.5,     6.220378948 
 327.6,     6.220673565 
 327.7,      6.22081583 
 327.8,     6.220805645 
 327.9,     6.220642912 
   328,     6.220327529 
 328.1,     6.219859389 
 328.2,     6.219238385 
 328.3,     6.218464405 
 328.4,     6.217537335 
 328.5,     6.216457057 
 328.6,      6.21522345 
 328.7,      6.21383639 
 328.8,      6.21229575 
 328.9,     6.210601398 
   329,     6.208753201 
 329.1,     6.206751021 
 329.2,     6.204594718 
 329.3,     6.202284146 
 329.4,     6.199819158 
 329.5,     6.197199601 
 329.6,     6.194425321 
 329.7,     6.191496159 
 329.8,     6.188411952 
 329.9,     6.185172533 
   330,     6.181777732 
 330.1,     6.178227375 
 330.2,     6.174521283 
 330.3,     6.170659275 
 330.4,     6.166641165 
 330.5,     6.162466763 
 330.6,     6.158135874 
 330.7,       6.1536483 
 330.8,     6.149003839 
 330.9,     6.144202284 
   331,     6.139243425 
 331.1,     6.134127046 
 331.2,     6.128852927 
 331.3,     6.123420846 
 331.4,     6.117830573 
 331.5,     6.112081876 
 331.6,     6.106174518 
 331.7,     6.100108257 
 331.8,     6.093882846 
 331.9,     6.087498036 
   332,      6.08095357 
 332.1,     6.074249189 
 332.2,     6.067384627 
 332.3,     6.060359614 
 332.4,     6.053173877 
 332.5,     6.045827136 
 332.6,     6.038319107 
 332.7,     6.030649501 
 332.8,     6.022818024 
 332.9,     6.014824377 
   333,     6.006668256 
 333.1,     5.998349353 
 333.2,     5.989867353 
 333.3,     5.981221937 
 333.4,     5.972412781 
 333.5,     5.963439557 
 333.6,     5.954301929 
 333.7,     5.944999558 
 333.8,     5.935532099 
 333.9,     5.925899202 
   334,     5.916100511 
 334.1,     5.906135667 
 334.2,     5.896004302 
 334.3,     5.885706047 
 334.4,     5.875240524 
 334.5,     5.864607351 
 334.6,     5.853806141 
 334.7,     5.842836502 
 334.8,     5.831698036 
 334.9,     5.820390338 
   335,     5.808913001 
 335.1,     5.797265609 
 335.2,     5.785447745 
 335.3,     5.773458981 
 335.4,     5.761298889 
 335.5,     5.748967032 
 335.6,     5.736462969 
 335.7,     5.723786253 
 335.8,     5.710936434 
 335.9,     5.697913052 
   336,     5.684715646 
 336.1,     5.671343748 
 336.2,     5.657796885 
 336.3,     5.644074578 
 336.4,     5.630176344 
 336.5,     5.616101694 
 336.6,     5.601850134 
 336.7,     5.587421164 
 336.8,     5.572814282 
 336.9,     5.558028977 
   337,     5.543064737 
 337.1,     5.527921041 
 337.2,     5.512597366 
 337.3,     5.497093185 
 337.4,     5.481407963 
 337.5,     5.465541164 
 337.6,     5.449492245 
 337.7,      5.43326066 
 337.8,     5.416845858 
 337.9,     5.400247284 
   338,      5.38346438 
 338.1,     5.366496581 
 338.2,     5.349343323 
 338.3,     5.332004034 
 338.4,     5.314478142 
 338.5,     5.296765067 
 338.6,     5.278864231 
 338.7,      5.26077505 
 338.8,     5.242496938 
 338.9,     5.224029306 
   339,     5.205371563 
 339.1,     5.186523116 
 339.2,     5.167483369 
 339.3,     5.148251725 
 339.4,     5.128827586 
 339.5,     5.109210352 
 339.6,     5.089399422 
 339.7,     5.069394195 
 339.8,     5.049194069 
 339.9,     5.028798442 
   340,     5.008206714 
 340.1,     4.987418284 
 340.2,     4.966432551 
 340.3,     4.945248918 
 340.4,     4.923866789 
 340.5,     4.902285569 
 340.6,     4.880504667 
 340.7,     4.858523495 
 340.8,     4.836341469 
 340.9,     4.813958008 
   341,     4.791372536 
 341.1,     4.768584485 
 341.2,     4.745593288 
 341.3,      4.72239839 
 341.4,     4.698999238 
 341.5,     4.675395289 
 341.6,      4.65158601 
 341.7,     4.627570876 
 341.8,      4.60334937 
 341.9,     4.578920989 
   342,     4.554285239 
 342.1,     4.529441641 
 342.2,     4.504389727 
 342.3,     4.479129044 
 342.4,     4.453659156 
 342.5,     4.427979641 
 342.6,     4.402090095 
 342.7,     4.375990132 
 342.8,     4.349679388 
 342.9,     4.323157518 
   343,     4.296424198 
 343.1,      4.26947913 
 343.2,     4.242322038 
 343.3,     4.214952675 
 343.4,      4.18737082 
 343.5,     4.159576281 
 343.6,     4.131568898 
 343.7,     4.103348542 
 343.8,     4.074915119 
 343.9,     4.046268571 
   344,     4.017408878 
 344.1,      3.98833606 
 344.2,     3.959050179 
 344.3,     3.929551339 
 344.4,     3.899839693 
 344.5,      3.86991544 
 344.6,     3.839778832 
 344.7,     3.809430174 
 344.8,     3.778869824 
 344.9,     3.748098203 
   345,      3.71711579 
 345.1,     3.685923128 
 345.2,     3.654520831 
 345.3,     3.622909579 
 345.4,     3.591090128 
 345.5,     3.559063309 
 345.6,     3.526830035 
 345.7,     3.494391301 
 345.8,     3.461748193 
 345.9,     3.428901884 
   346,     3.395853646 
 346.1,     3.362604849 
 346.2,     3.329156967 
 346.3,     3.295511584 
 346.4,     3.261670394 
 346.5,     3.227635211 
 346.6,     3.193407972 
 346.7,     3.158990741 
 346.8,     3.124385715 
 346.9,      3.08959523 
   347,     3.054621766 
 347.1,     3.019467953 
 347.2,     2.984136579 
 347.3,     2.948630591 
 347.4,     2.912953108 
 347.5,     2.877107423 
 347.6,     2.841097011 
 347.7,     2.804925537 
 347.8,     2.768596862 
 347.9,     2.732115052 
   348,     2.695484383 
 348.1,     2.658709353 
 348.2,     2.621794684 
 348.3,     2.584745338 
 348.4,     2.547566519 
 348.5,     2.510263686 
 348.6,     2.472842557 
 348.7,     2.435309124 
 348.8,      2.39766966 
 348.9,     2.359930727 
   349,     2.322099186 
 349.1,     2.284182209 
 349.2,     2.246187288 
 349.3,     2.208122246 
 349.4,     2.169995244 
 349.5,     2.131814796 
 349.6,     2.093589777 
 349.7,     2.055329435 
 349.8,       2.0170434 
 349.9,     1.978741697 
   350,     1.940434756 
 350.1,     1.902133422 
 350.2,     1.863848969 
 350.3,     1.825593106 
 350.4,     1.787377992 
 350.5,     1.749216244 
 350.6,      1.71112095 
 350.7,     1.673105676 
 350.8,     1.635184478 
 350.9,     1.597371912 
   351,     1.559683041 
 351.1,     1.522133446 
 351.2,     1.484739234 
 351.3,     1.447517045 
 351.4,      1.41048406 
 351.5,     1.373658004 
 351.6,     1.337057159 
 351.7,      1.30070036 
 351.8,     1.264607004 
 351.9,     1.228797054 
   352,     1.193291033 
 352.1,     1.158110035 
 352.2,     1.123275714 
 352.3,     1.088810287 
 352.4,      1.05473653 
 352.5,     1.021077769 
 352.6,    0.9878578762 
 352.7,    0.9551012568 
 352.8,    0.9228328415 
 352.9,    0.8910780706 
   353,    0.8598628791 
 353.1,    0.8292136792 
 353.2,    0.7991573391 
 353.3,    0.7697211611 
 353.4,    0.7409328563 
 353.5,    0.7128205161 
 353.6,    0.6854125819 
 353.7,    0.6587378124 
 353.8,    0.6328252471 
 353.9,     0.607704167 
   354,    0.5834040536 
 354.1,    0.5599545444 
 354.2,    0.5373853851 
 354.3,    0.5157263808 
 354.4,    0.4950073417 
 354.5,    0.4752580298 
 354.6,    0.4565080995 
 354.7,    0.4387870392 
 354.8,     0.422124108 
 354.9,    0.4065482715 
   355,    0.3920881375 
 355.1,    0.3787718861 
 355.2,     0.366627203 
 355.3,    0.3556812083 
 355.4,    0.3459603864 
 355.5,    0.3374905162 
 355.6,    0.3302965978 
 355.7,    0.3244027844 
 355.8,    0.3198323101 
 355.9,    0.3166074226 
   356,    0.3147493148 
 356.1,    0.3142780595 
 356.2,    0.3152125463 
 356.3,    0.3175704198 
 356.4,    0.3213680232 
 356.5,    0.3266203432 
 356.6,    0.3333409596 
 356.7,     0.341541999 
 356.8,    0.3512340924 
 356.9,    0.3624263387 
   357,    0.3751262715 
 357.1,    0.3893398327 
 357.2,    0.4050713511 
 357.3,    0.4223235255 
 357.4,    0.4410974148 
 357.5,    0.4613924342 
 357.6,    0.4832063551 
 357.7,    0.5065353135 
 357.8,    0.5313738216 
 357.9,    0.5577147874 
   358,    0.5855495384 
 358.1,    0.6148678502 
 358.2,    0.6456579821 
 358.3,    0.6779067155 
 358.4,    0.7115993989 
 358.5,    0.7467199952 
 358.6,    0.7832511346 
 358.7,      0.82117417 
 358.8,    0.8604692365 
 358.9,     0.901115313 
   359,    0.9430902872 
 359.1,    0.9863710208 
 359.2,     1.030933419 
 359.3,     1.076752501 
 359.4,     1.123802464 
 359.5,     1.172056766 
 359.6,     1.221488182 
 359.7,     1.272068888 
 359.8,     1.323770523 
 359.9,     1.376564261 
   360,      1.43042088 
