M4_HWBC_BI_A30_E30_F3.txt
NTNU&FFI
Method: IGA BEM CCBIE with 6336 elements (7772 degrees of freedom) and NURBS degree 4. Computational time for system assembly (4x6-core Xeon 2.67 GHz): 4.8651 hours.
30
30
3000
3601
     0,    -5.110414252 
   0.1,    -4.972849613 
   0.2,    -4.828677211 
   0.3,    -4.678875196 
   0.4,    -4.524383671 
   0.5,    -4.366094577 
   0.6,    -4.204844455 
   0.7,    -4.041409946 
   0.8,    -3.876505343 
   0.9,    -3.710782176 
     1,    -3.544830106 
   1.1,    -3.379179001 
   1.2,    -3.214301818 
   1.3,    -3.050617943 
   1.4,    -2.888496965 
   1.5,    -2.728262494 
   1.6,    -2.570196064 
   1.7,    -2.414540907 
   1.8,    -2.261505634 
   1.9,    -2.111267657 
     2,    -1.963976406 
   2.1,    -1.819756321 
   2.2,    -1.678709574 
   2.3,    -1.540918529 
   2.4,    -1.406448026 
   2.5,    -1.275347374 
   2.6,    -1.147652167 
   2.7,    -1.023385921 
   2.8,   -0.9025614767 
   2.9,   -0.7851823104 
     3,    -0.671243633 
   3.1,    -0.560733396 
   3.2,   -0.4536331632 
   3.3,   -0.3499188688 
   3.4,   -0.2495615029 
   3.5,   -0.1525276679 
   3.6,  -0.05878011502 
   3.7,   0.03172185151 
   3.8,    0.1190219635 
   3.9,      0.20316669 
     4,     0.284204945 
   4.1,    0.3621878599 
   4.2,    0.4371685825 
   4.3,    0.5092021213 
   4.4,    0.5783451878 
   4.5,     0.644656115 
   4.6,    0.7081947374 
   4.7,    0.7690223604 
   4.8,    0.8272016665 
   4.9,     0.882796717 
     5,    0.9358729042 
   5.1,    0.9864969487 
   5.2,     1.034736898 
   5.3,     1.080662137 
   5.4,     1.124343387 
   5.5,     1.165852741 
   5.6,     1.205263676 
   5.7,     1.242651095 
   5.8,     1.278091342 
   5.9,     1.311662235 
     6,     1.343443112 
   6.1,     1.373514851 
   6.2,     1.401959909 
   6.3,      1.42886234 
   6.4,     1.454307847 
   6.5,     1.478383783 
   6.6,     1.501179177 
   6.7,     1.522784763 
   6.8,     1.543292971 
   6.9,     1.562797943 
     7,     1.581395535 
   7.1,     1.599183291 
   7.2,     1.616260429 
   7.3,     1.632727835 
   7.4,     1.648687993 
   7.5,     1.664244961 
   7.6,     1.679504288 
   7.7,      1.69457298 
   7.8,      1.70955939 
   7.9,     1.724573128 
     8,     1.739724958 
   8.1,     1.755126687 
   8.2,     1.770891012 
   8.3,     1.787131386 
   8.4,     1.803961853 
   8.5,     1.821496876 
   8.6,     1.839851146 
   8.7,     1.859139385 
   8.8,     1.879476124 
   8.9,     1.900975487 
     9,     1.923750942 
   9.1,     1.947915059 
   9.2,     1.973579257 
   9.3,     2.000853513 
   9.4,     2.029846105 
   9.5,     2.060663333 
   9.6,     2.093409201 
   9.7,      2.12818515 
   9.8,     2.165089763 
   9.9,     2.204218452 
    10,     2.245663176 
  10.1,     2.289512144 
  10.2,     2.335849532 
  10.3,     2.384755199 
  10.4,      2.43630442 
  10.5,      2.49056762 
  10.6,      2.54761013 
  10.7,     2.607491956 
  10.8,     2.670267558 
  10.9,      2.73598566 
    11,     2.804689066 
  11.1,     2.876414509 
  11.2,     2.951192518 
  11.3,     3.029047313 
  11.4,     3.109996721 
  11.5,     3.194052132 
  11.6,     3.281218457 
  11.7,     3.371494155 
  11.8,     3.464871233 
  11.9,      3.56133534 
    12,      3.66086583 
  12.1,     3.763435893 
  12.2,     3.869012692 
  12.3,      3.97755754 
  12.4,      4.08902609 
  12.5,      4.20336856 
  12.6,      4.32052996 
  12.7,     4.440450378 
  12.8,     4.563065235 
  12.9,     4.688305591 
    13,     4.816098457 
  13.1,     4.946367108 
  13.2,     5.079031406 
  13.3,     5.214008149 
  13.4,     5.351211397 
  13.5,     5.490552817 
  13.6,     5.631942022 
  13.7,     5.775286899 
  13.8,     5.920493951 
  13.9,     6.067468607 
    14,     6.216115549 
  14.1,     6.366339007 
  14.2,     6.518043057 
  14.3,     6.671131888 
  14.4,     6.825510079 
  14.5,     6.981082849 
  14.6,     7.137756279 
  14.7,      7.29543754 
  14.8,     7.454035092 
  14.9,     7.613458866 
    15,     7.773620437 
  15.1,     7.934433171 
  15.2,     8.095812369 
  15.3,     8.257675378 
  15.4,     8.419941702 
  15.5,     8.582533093 
  15.6,     8.745373621 
  15.7,     8.908389746 
  15.8,     9.071510361 
  15.9,      9.23466684 
    16,     9.397793048 
  16.1,      9.56082538 
  16.2,     9.723702756 
  16.3,     9.886366613 
  16.4,     10.04876091 
  16.5,     10.21083211 
  16.6,     10.37252914 
  16.7,     10.53380338 
  16.8,     10.69460861 
  16.9,     10.85490099 
    17,       11.014639 
  17.1,      11.1737834 
  17.2,     11.33229718 
  17.3,      11.4901455 
  17.4,     11.64729562 
  17.5,     11.80371689 
  17.6,     11.95938064 
  17.7,     12.11426013 
  17.8,     12.26833051 
  17.9,     12.42156874 
    18,     12.57395352 
  18.1,     12.72546526 
  18.2,     12.87608597 
  18.3,     13.02579923 
  18.4,     13.17459012 
  18.5,     13.32244515 
  18.6,     13.46935221 
  18.7,      13.6153005 
  18.8,     13.76028046 
  18.9,     13.90428374 
    19,     14.04730312 
  19.1,     14.18933243 
  19.2,     14.33036656 
  19.3,     14.47040133 
  19.4,     14.60943346 
  19.5,     14.74746056 
  19.6,     14.88448098 
  19.7,     15.02049387 
  19.8,     15.15549905 
  19.9,     15.28949697 
    20,     15.42248871 
  20.1,     15.55447585 
  20.2,     15.68546052 
  20.3,     15.81544525 
  20.4,     15.94443301 
  20.5,     16.07242713 
  20.6,     16.19943124 
  20.7,     16.32544926 
  20.8,     16.45048535 
  20.9,     16.57454385 
    21,     16.69762927 
  21.1,     16.81974622 
  21.2,     16.94089941 
  21.3,     17.06109358 
  21.4,     17.18033348 
  21.5,     17.29862385 
  21.6,     17.41596934 
  21.7,     17.53237455 
  21.8,     17.64784394 
  21.9,      17.7623818 
    22,     17.87599228 
  22.1,     17.98867931 
  22.2,     18.10044658 
  22.3,     18.21129753 
  22.4,     18.32123533 
  22.5,     18.43026283 
  22.6,     18.53838258 
  22.7,     18.64559677 
  22.8,     18.75190724 
  22.9,     18.85731545 
    23,     18.96182247 
  23.1,     19.06542894 
  23.2,     19.16813512 
  23.3,      19.2699408 
  23.4,     19.37084534 
  23.5,     19.47084764 
  23.6,     19.56994617 
  23.7,     19.66813888 
  23.8,     19.76542328 
  23.9,     19.86179639 
    24,     19.95725476 
  24.1,     20.05179443 
  24.2,     20.14541099 
  24.3,     20.23809951 
  24.4,      20.3298546 
  24.5,     20.42067037 
  24.6,     20.51054047 
  24.7,     20.59945805 
  24.8,      20.6874158 
  24.9,     20.77440597 
    25,     20.86042031 
  25.1,     20.94545014 
  25.2,     21.02948633 
  25.3,     21.11251933 
  25.4,     21.19453915 
  25.5,     21.27553538 
  25.6,     21.35549722 
  25.7,     21.43441345 
  25.8,     21.51227249 
  25.9,     21.58906236 
    26,     21.66477075 
  26.1,     21.73938496 
  26.2,     21.81289197 
  26.3,     21.88527845 
  26.4,     21.95653071 
  26.5,     22.02663479 
  26.6,     22.09557642 
  26.7,     22.16334106 
  26.8,     22.22991389 
  26.9,     22.29527982 
    27,     22.35942354 
  27.1,     22.42232948 
  27.2,     22.48398184 
  27.3,     22.54436463 
  27.4,     22.60346161 
  27.5,     22.66125638 
  27.6,     22.71773233 
  27.7,     22.77287266 
  27.8,     22.82666042 
  27.9,     22.87907847 
    28,     22.93010954 
  28.1,     22.97973616 
  28.2,     23.02794076 
  28.3,     23.07470561 
  28.4,     23.12001282 
  28.5,      23.1638444 
  28.6,     23.20618222 
  28.7,       23.247008 
  28.8,     23.28630337 
  28.9,     23.32404981 
    29,     23.36022869 
  29.1,     23.39482125 
  29.2,     23.42780861 
  29.3,     23.45917178 
  29.4,     23.48889162 
  29.5,     23.51694889 
  29.6,      23.5433242 
  29.7,     23.56799804 
  29.8,     23.59095075 
  29.9,     23.61216254 
    30,     23.63161347 
  30.1,     23.64928344 
  30.2,      23.6651522 
  30.3,     23.67919934 
  30.4,     23.69140425 
  30.5,     23.70174615 
  30.6,     23.71020408 
  30.7,     23.71675687 
  30.8,     23.72138311 
  30.9,      23.7240612 
    31,      23.7247693 
  31.1,      23.7234853 
  31.2,     23.72018683 
  31.3,     23.71485127 
  31.4,     23.70745566 
  31.5,     23.69797679 
  31.6,     23.68639106 
  31.7,     23.67267458 
  31.8,     23.65680307 
  31.9,     23.63875188 
    32,     23.61849594 
  32.1,     23.59600978 
  32.2,     23.57126747 
  32.3,     23.54424261 
  32.4,     23.51490832 
  32.5,     23.48323717 
  32.6,     23.44920122 
  32.7,     23.41277193 
  32.8,     23.37392015 
  32.9,     23.33261611 
    33,     23.28882936 
  33.1,     23.24252874 
  33.2,     23.19368235 
  33.3,     23.14225753 
  33.4,     23.08822078 
  33.5,     23.03153774 
  33.6,     22.97217315 
  33.7,      22.9100908 
  33.8,     22.84525346 
  33.9,     22.77762287 
    34,     22.70715965 
  34.1,     22.63382326 
  34.2,     22.55757194 
  34.3,     22.47836262 
  34.4,     22.39615088 
  34.5,     22.31089089 
  34.6,      22.2225353 
  34.7,     22.13103517 
  34.8,     22.03633991 
  34.9,     21.93839715 
    35,     21.83715268 
  35.1,     21.73255034 
  35.2,     21.62453188 
  35.3,     21.51303691 
  35.4,     21.39800273 
  35.5,      21.2793642 
  35.6,     21.15705364 
  35.7,     21.03100064 
  35.8,     20.90113195 
  35.9,     20.76737128 
    36,     20.62963912 
  36.1,      20.4878526 
  36.2,     20.34192523 
  36.3,     20.19176672 
  36.4,     20.03728275 
  36.5,     19.87837471 
  36.6,     19.71493946 
  36.7,     19.54686905 
  36.8,     19.37405038 
  36.9,     19.19636497 
    37,     19.01368854 
  37.1,     18.82589069 
  37.2,     18.63283453 
  37.3,     18.43437626 
  37.4,     18.23036472 
  37.5,     18.02064099 
  37.6,     17.80503786 
  37.7,     17.58337937 
  37.8,     17.35548029 
  37.9,     17.12114554 
    38,      16.8801697 
  38.1,     16.63233642 
  38.2,     16.37741787 
  38.3,     16.11517426 
  38.4,     15.84535328 
  38.5,     15.56768973 
  38.6,      15.2819052 
  38.7,      14.9877079 
  38.8,     14.68479273 
  38.9,     14.37284165 
    39,     14.05152446 
  39.1,     13.72050025 
  39.2,     13.37941953 
  39.3,     13.02792754 
  39.4,       12.665669 
  39.5,     12.29229476 
  39.6,     11.90747112 
  39.7,     11.51089265 
  39.8,     11.10229958 
  39.9,     10.68150143 
    40,     10.24840857 
  40.1,     9.803074578 
  40.2,     9.345752075 
  40.3,     8.876966157 
  40.4,     8.397609553 
  40.5,     7.909064033 
  40.6,     7.413351861 
  40.7,     6.913318525 
  40.8,     6.412842433 
  40.9,      5.91705669 
    41,     5.432550816 
  41.1,     4.967495671 
  41.2,      4.53160663 
  41.3,     4.135839588 
  41.4,     3.791723658 
  41.5,     3.510300186 
  41.6,     3.300771347 
  41.7,     3.169128408 
  41.8,     3.117139691 
  41.9,     3.142031313 
    42,     3.236974162 
  42.1,     3.392205681 
  42.2,     3.596427272 
  42.3,     3.838110539 
  42.4,     4.106476968 
  42.5,     4.392081367 
  42.6,     4.687049382 
  42.7,     4.985071106 
  42.8,     5.281253429 
  42.9,     5.571910114 
    43,     5.854340554 
  43.1,     6.126625005 
  43.2,      6.38744839 
  43.3,     6.635955481 
  43.4,     6.871635398 
  43.5,     7.094231447 
  43.6,     7.303671767 
  43.7,     7.500016547 
  43.8,     7.683418252 
  43.9,     7.854091798 
    44,     8.012292388 
  44.1,       8.1582991 
  44.2,     8.292402851 
  44.3,     8.414897637 
  44.4,     8.526074224 
  44.5,     8.626215667 
  44.6,     8.715594208 
  44.7,     8.794469175 
  44.8,     8.863085624 
  44.9,      8.92167354 
    45,     8.970447434 
  45.1,     9.009606203 
  45.2,     9.039333233 
  45.3,     9.059796598 
  45.4,     9.071149374 
  45.5,     9.073530013 
  45.6,     9.067062736 
  45.7,     9.051857936 
  45.8,     9.028012606 
  45.9,     8.995610732 
    46,     8.954723687 
  46.1,     8.905410601 
  46.2,     8.847718713 
  46.3,      8.78168371 
  46.4,     8.707330044 
  46.5,     8.624671239 
  46.6,     8.533710192 
  46.7,     8.434439471 
  46.8,     8.326841623 
  46.9,     8.210889492 
    47,     8.086546589 
  47.1,     7.953767469 
  47.2,     7.812498222 
  47.3,     7.662677003 
  47.4,     7.504234722 
  47.5,     7.337095863 
  47.6,     7.161179499 
  47.7,     6.976400576 
  47.8,      6.78267149 
  47.9,     6.579904086 
    48,     6.368012146 
  48.1,     6.146914507 
  48.2,     5.916538969 
  48.3,     5.676827161 
  48.4,     5.427740609 
  48.5,     5.169268316 
  48.6,     4.901436117 
  48.7,     4.624318308 
  48.8,     4.338051953 
  48.9,      4.04285444 
    49,     3.739044905 
  49.1,     3.427070163 
  49.2,     3.107535778 
  49.3,     2.781242797 
  49.4,     2.449230503 
  49.5,     2.112824866 
  49.6,     1.773691793 
  49.7,     1.433892769 
  49.8,     1.095938747 
  49.9,    0.7628355881 
    50,    0.4381112161 
  50.1,    0.1258116673 
  50.2,   -0.1695494236 
  50.3,    -0.443103402 
  50.4,    -0.689813026 
  50.5,   -0.9047350358 
  50.6,    -1.083345562 
  50.7,    -1.221895989 
  50.8,    -1.317749208 
  50.9,    -1.369638363 
    51,    -1.377797141 
  51.1,    -1.343934408 
  51.2,    -1.271058455 
  51.3,     -1.16318729 
  51.4,    -1.024999829 
  51.5,     -0.86148503 
  51.6,   -0.6776338245 
  51.7,   -0.4782002132 
  51.8,   -0.2675391339 
  51.9,  -0.04951516461 
    52,    0.1725314559 
  52.1,    0.3957773812 
  52.2,    0.6178819828 
  52.3,    0.8369384072 
  52.4,     1.051418636 
  52.5,     1.260118348 
  52.6,      1.46210513 
  52.7,     1.656671894 
  52.8,     1.843296205 
  52.9,     2.021605493 
    53,     2.191347854 
  53.1,     2.352367765 
  53.2,     2.504586136 
  53.3,     2.647984026 
  53.4,     2.782589419 
  53.5,     2.908466592 
  53.6,     3.025707554 
  53.7,     3.134425244 
  53.8,     3.234748096 
  53.9,     3.326815786 
    54,      3.41077587 
  54.1,     3.486781216 
  54.2,      3.55498799 
  54.3,       3.6155542 
  54.4,     3.668638576 
  54.5,     3.714399821 
  54.6,      3.75299611 
  54.7,     3.784584803 
  54.8,     3.809322348 
  54.9,      3.82736432 
    55,     3.838865588 
  55.1,     3.843980591 
  55.2,     3.842863696 
  55.3,     3.835669629 
  55.4,      3.82255399 
  55.5,     3.803673805 
  55.6,     3.779188149 
  55.7,     3.749258803 
  55.8,     3.714050961 
  55.9,     3.673733983 
    56,     3.628482165 
  56.1,     3.578475549 
  56.2,     3.523900766 
  56.3,     3.464951874 
  56.4,      3.40183122 
  56.5,     3.334750327 
  56.6,     3.263930708 
  56.7,     3.189604725 
  56.8,     3.112016366 
  56.9,     3.031421978 
    57,     2.948090913 
  57.1,      2.86230609 
  57.2,     2.774364382 
  57.3,     2.684576876 
  57.4,     2.593268924 
  57.5,     2.500779946 
  57.6,     2.407462982 
  57.7,     2.313683905 
  57.8,     2.219820316 
  57.9,     2.126260043 
    58,     2.033399234 
  58.1,     1.941640016 
  58.2,     1.851387755 
  58.3,     1.763047824 
  58.4,     1.677022005 
  58.5,     1.593704506 
  58.6,     1.513477673 
  58.7,     1.436707436 
  58.8,     1.363738668 
  58.9,     1.294890487 
    59,     1.230451675 
  59.1,     1.170676373 
  59.2,     1.115780137 
  59.3,     1.065936517 
  59.4,     1.021274347 
  59.5,    0.9818757186 
  59.6,    0.9477748419 
  59.7,    0.9189577746 
  59.8,    0.8953630387 
  59.9,    0.8768831241 
    60,    0.8633668085 
  60.1,    0.8546221738 
  60.2,    0.8504202773 
  60.3,    0.8504993003 
  60.4,    0.8545690245 
  60.5,    0.8623155208 
  60.6,    0.8734059329 
  60.7,    0.8874931638 
  60.8,    0.9042204206 
  60.9,    0.9232254994 
    61,    0.9441447222 
  61.1,    0.9666164984 
  61.2,     0.990284468 
  61.3,     1.014800219 
  61.4,     1.039825569 
  61.5,     1.065034418 
  61.6,      1.09011422 
  61.7,     1.114767078 
  61.8,     1.138710536 
  61.9,     1.161678015 
    62,      1.18341906 
  62.1,     1.203699325 
  62.2,     1.222300397 
  62.3,     1.239019451 
  62.4,     1.253668823 
  62.5,     1.266075423 
  62.6,      1.27608016 
  62.7,     1.283537264 
  62.8,     1.288313599 
  62.9,     1.290287952 
    63,     1.289350339 
  63.1,     1.285401294 
  63.2,     1.278351189 
  63.3,     1.268119572 
  63.4,     1.254634527 
  63.5,     1.237832077 
  63.6,     1.217655585 
  63.7,     1.194055238 
  63.8,     1.166987519 
  63.9,     1.136414737 
    64,     1.102304577 
  64.1,     1.064629696 
  64.2,     1.023367334 
  64.3,    0.9784989545 
  64.4,     0.930009941 
  64.5,    0.8778892783 
  64.6,    0.8221292755 
  64.7,    0.7627253239 
  64.8,     0.699675658 
  64.9,    0.6329811454 
    65,    0.5626450841 
  65.1,    0.4886730306 
  65.2,    0.4110726143 
  65.3,    0.3298534065 
  65.4,    0.2450267471 
  65.5,    0.1566056249 
  65.6,   0.06460453497 
  65.7,  -0.03096062915 
  65.8,   -0.1300727339 
  65.9,   -0.2327134813 
    66,   -0.3388635765 
  66.1,   -0.4485028159 
  66.2,   -0.5616102505 
  66.3,    -0.678164268 
  66.4,   -0.7981427879 
  66.5,   -0.9215233719 
  66.6,    -1.048283404 
  66.7,    -1.178400248 
  66.8,     -1.31185145 
  66.9,    -1.448614928 
    67,    -1.588669204 
  67.1,    -1.731993624 
  67.2,    -1.878568662 
  67.3,    -2.028376155 
  67.4,    -2.181399664 
  67.5,    -2.337624778 
  67.6,    -2.497039498 
  67.7,    -2.659634641 
  67.8,    -2.825404255 
  67.9,    -2.994346098 
    68,     -3.16646213 
  68.1,    -3.341759043 
  68.2,    -3.520248854 
  68.3,    -3.701949459 
  68.4,    -3.886885342 
  68.5,    -4.075088218 
  68.6,    -4.266597749 
  68.7,    -4.461462314 
  68.8,    -4.659739786 
  68.9,    -4.861498379 
    69,    -5.066817468 
  69.1,    -5.275788511 
  69.2,    -5.488515957 
  69.3,    -5.705118152 
  69.4,    -5.925728368 
  69.5,     -6.15049572 
  69.6,    -6.379586192 
  69.7,    -6.613183578 
  69.8,    -6.851490479 
  69.9,    -7.094729272 
    70,    -7.343142924 
  70.1,     -7.59699585 
  70.2,    -7.856574606 
  70.3,    -8.122188394 
  70.4,    -8.394169291 
  70.5,    -8.672872248 
  70.6,    -8.958674456 
  70.7,    -9.251974198 
  70.8,    -9.553188692 
  70.9,    -9.862750775 
    71,    -10.18110382 
  71.1,    -10.50869449 
  71.2,    -10.84596218 
  71.3,    -11.19332446 
  71.4,    -11.55115655 
  71.5,    -11.91976325 
  71.6,     -12.2993404 
  71.7,    -12.68992243 
  71.8,    -13.09131174 
  71.9,    -13.50298424 
    72,    -13.92396449 
  72.1,    -14.35266378 
  72.2,    -14.78667505 
  72.3,    -15.22252295 
  72.4,    -15.65537558 
  72.5,    -16.07874411 
  72.6,    -16.48422442 
  72.7,    -16.86137852 
  72.8,    -17.19789619 
  72.9,    -17.48020058 
    73,    -17.69461246 
  73.1,    -17.82903171 
  73.2,    -17.87483908 
  73.3,    -17.82848562 
  73.4,    -17.69221093 
  73.5,    -17.47360856 
  73.6,    -17.18421073 
  73.7,    -16.83760952 
  73.8,     -16.4476796 
  73.9,    -16.02726909 
    74,    -15.58745836 
  74.1,    -15.13730024 
  74.2,    -14.68388185 
  74.3,    -14.23255816 
  74.4,    -13.78724815 
  74.5,    -13.35072914 
  74.6,    -12.92489735 
  74.7,    -12.51098437 
  74.8,    -12.10972904 
  74.9,    -11.72151098 
    75,    -11.34645172 
  75.1,    -10.98449056 
  75.2,    -10.63544098 
  75.3,    -10.29903196 
  75.4,    -9.974938175 
  75.5,      -9.6628021 
  75.6,     -9.36224956 
  75.7,    -9.072901052 
  75.8,    -8.794379553 
  75.9,    -8.526315937 
    76,    -8.268352621 
  76.1,    -8.020145796 
  76.2,    -7.781366883 
  76.3,    -7.551703154 
  76.4,    -7.330857988 
  76.5,    -7.118550749 
  76.6,    -6.914516399 
  76.7,    -6.718505021 
  76.8,    -6.530281187 
  76.9,    -6.349623338 
    77,    -6.176323097 
  77.1,    -6.010184527 
  77.2,    -5.851023522 
  77.3,    -5.698667116 
  77.4,    -5.552952852 
  77.5,    -5.413728179 
  77.6,    -5.280849918 
  77.7,     -5.15418368 
  77.8,    -5.033603395 
  77.9,    -4.918990851 
    78,    -4.810235253 
  78.1,    -4.707232828 
  78.2,    -4.609886429 
  78.3,    -4.518105246 
  78.4,    -4.431804441 
  78.5,    -4.350904884 
  78.6,    -4.275332867 
  78.7,    -4.205019895 
  78.8,     -4.13990243 
  78.9,    -4.079921711 
    79,    -4.025023559 
  79.1,    -3.975158204 
  79.2,    -3.930280185 
  79.3,    -3.890348136 
  79.4,    -3.855324746 
  79.5,    -3.825176612 
  79.6,    -3.799874164 
  79.7,    -3.779391584 
  79.8,    -3.763706751 
  79.9,    -3.752801195 
    80,    -3.746660037 
  80.1,    -3.745271991 
  80.2,     -3.74862931 
  80.3,     -3.75672784 
  80.4,    -3.769566986 
  80.5,    -3.787149739 
  80.6,     -3.80948274 
  80.7,    -3.836576295 
  80.8,    -3.868444422 
  80.9,    -3.905104986 
    81,    -3.946579718 
  81.1,    -3.992894338 
  81.2,    -4.044078706 
  81.3,    -4.100166897 
  81.4,    -4.161197366 
  81.5,    -4.227213176 
  81.6,    -4.298262087 
  81.7,    -4.374396843 
  81.8,    -4.455675365 
  81.9,    -4.542161032 
    82,    -4.633922931 
  82.1,    -4.731036203 
  82.2,    -4.833582392 
  82.3,    -4.941649798 
  82.4,    -5.055333928 
  82.5,    -5.174737938 
  82.6,    -5.299973177 
  82.7,    -5.431159731 
  82.8,     -5.56842708 
  82.9,    -5.711914747 
    83,    -5.861773147 
  83.1,    -6.018164324 
  83.2,    -6.181263047 
  83.3,    -6.351257757 
  83.4,    -6.528351798 
  83.5,    -6.712764721 
  83.6,    -6.904733748 
  83.7,    -7.104515407 
  83.8,    -7.312387423 
  83.9,    -7.528650744 
    84,    -7.753631948 
  84.1,    -7.987685767 
  84.2,    -8.231198222 
  84.3,    -8.484589898 
  84.4,    -8.748319811 
  84.5,    -9.022889821 
  84.6,    -9.308849567 
  84.7,    -9.606802186 
  84.8,    -9.917410816 
  84.9,    -10.24140608 
    85,    -10.57959451 
  85.1,    -10.93286842 
  85.2,    -11.30221697 
  85.3,     -11.6887389 
  85.4,    -12.09365686 
  85.5,    -12.51833348 
  85.6,    -12.96428906 
  85.7,    -13.43322046 
  85.8,    -13.92702038 
  85.9,    -14.44779494 
    86,    -14.99787604 
  86.1,    -15.57982184 
  86.2,    -16.19639302 
  86.3,    -16.85048264 
  86.4,    -17.54496063 
  86.5,    -18.28236098 
  86.6,    -19.06428802 
  86.7,    -19.89032395 
  86.8,    -20.75608175 
  86.9,    -21.64987963 
    87,    -22.54748763 
  87.1,    -23.40508675 
  87.2,    -24.15327382 
  87.3,    -24.70049631 
  87.4,      -24.957431 
  87.5,    -24.87927123 
  87.6,    -24.49302482 
  87.7,    -23.88059819 
  87.8,    -23.13633307 
  87.9,    -22.33644436 
    88,    -21.53106351 
  88.1,    -20.74883441 
  88.2,    -20.00413434 
  88.3,    -19.30287065 
  88.4,    -18.64626698 
  88.5,    -18.03311522 
  88.6,    -17.46105098 
  88.7,    -16.92725223 
  88.8,    -16.42881087 
  88.9,    -15.96292091 
    89,    -15.52696619 
  89.1,    -15.11855376 
  89.2,    -14.73551808 
  89.3,    -14.37591111 
  89.4,    -14.03798554 
  89.5,    -13.72017585 
  89.6,    -13.42107906 
  89.7,    -13.13943686 
  89.8,     -12.8741189 
  89.9,    -12.62410811 
    90,    -12.38848764 
  90.1,     -12.1664292 
  90.2,    -11.95718302 
  90.3,    -11.76006909 
  90.4,    -11.57446934 
  90.5,    -11.39982094 
  90.6,    -11.23561049 
  90.7,    -11.08136873 
  90.8,    -10.93666615 
  90.9,    -10.80110891 
    91,    -10.67433546 
  91.1,    -10.55601336 
  91.2,    -10.44583662 
  91.3,     -10.3435233 
  91.4,    -10.24881334 
  91.5,    -10.16146667 
  91.6,    -10.08126154 
  91.7,      -10.007993 
  91.8,    -9.941471592 
  91.9,    -9.881522085 
    92,    -9.827982415 
  92.1,    -9.780702763 
  92.2,    -9.739544619 
  92.3,    -9.704380072 
  92.4,       -9.675091 
  92.5,    -9.651568551 
  92.6,    -9.633712479 
  92.7,    -9.621430653 
  92.8,    -9.614638617 
  92.9,    -9.613259107 
    93,     -9.61722171 
  93.1,    -9.626462522 
  93.2,    -9.640923755 
  93.3,    -9.660553544 
  93.4,    -9.685305649 
  93.5,    -9.715139193 
  93.6,    -9.750018461 
  93.7,    -9.789912705 
  93.8,    -9.834795981 
  93.9,    -9.884646963 
    94,    -9.939448769 
  94.1,    -9.999188861 
  94.2,    -10.06385888 
  94.3,     -10.1334545 
  94.4,    -10.20797537 
  94.5,    -10.28742494 
  94.6,    -10.37181034 
  94.7,    -10.46114229 
  94.8,    -10.55543491 
  94.9,    -10.65470563 
    95,    -10.75897507 
  95.1,    -10.86826675 
  95.2,      -10.982607 
  95.3,    -11.10202476 
  95.4,     -11.2265512 
  95.5,    -11.35621954 
  95.6,    -11.49106462 
  95.7,    -11.63112256 
  95.8,    -11.77643021 
  95.9,     -11.9270246 
    96,    -12.08294219 
  96.1,    -12.24421813 
  96.2,    -12.41088529 
  96.3,      -12.582973 
  96.4,    -12.76050581 
  96.5,    -12.94350176 
  96.6,    -13.13197055 
  96.7,    -13.32591116 
  96.8,    -13.52530927 
  96.9,    -13.73013403 
    97,    -13.94033432 
  97.1,    -14.15583448 
  97.2,    -14.37652903 
  97.3,    -14.60227691 
  97.4,    -14.83289434 
  97.5,    -15.06814712 
  97.6,    -15.30774128 
  97.7,    -15.55131273 
  97.8,    -15.79841577 
  97.9,    -16.04850991 
    98,    -16.30094592 
  98.1,    -16.55495088 
  98.2,     -16.8096126 
  98.3,     -17.0638644 
  98.4,      -17.316471 
  98.5,    -17.56601696 
  98.6,    -17.81089966 
  98.7,    -18.04932865 
  98.8,    -18.27933401 
  98.9,    -18.49878664 
    99,    -18.70543303 
  99.1,    -18.89694558 
  99.2,    -19.07099021 
  99.3,    -19.22530887 
  99.4,    -19.35781415 
  99.5,    -19.46668878 
  99.6,    -19.55048199 
  99.7,    -19.60819297 
  99.8,     -19.6393314 
  99.9,    -19.64394788 
   100,    -19.62263038 
 100.1,    -19.57646685 
 100.2,    -19.50697921 
 100.3,    -19.41603638 
 100.4,    -19.30575637 
 100.5,    -19.17840717 
 100.6,    -19.03631427 
 100.7,    -18.88178106 
 100.8,     -18.7170249 
 100.9,     -18.5441297 
   101,    -18.36501512 
 101.1,    -18.18141834 
 101.2,    -17.99488821 
 101.3,    -17.80678719 
 101.4,     -17.6182996 
 101.5,    -17.43044388 
 101.6,    -17.24408691 
 101.7,    -17.05995942 
 101.8,    -16.87867153 
 101.9,     -16.7007273 
   102,    -16.52653887 
 102.1,    -16.35643894 
 102.2,    -16.19069213 
 102.3,     -16.0295053 
 102.4,    -15.87303606 
 102.5,    -15.72140078 
 102.6,    -15.57468122 
 102.7,    -15.43293022 
 102.8,    -15.29617657 
 102.9,    -15.16442948 
   103,    -15.03768183 
 103.1,    -14.91591344 
 103.2,    -14.79909359 
 103.3,    -14.68718311 
 103.4,    -14.58013628 
 103.5,    -14.47790243 
 103.6,    -14.38042713 
 103.7,    -14.28765328 
 103.8,    -14.19952211 
 103.9,    -14.11597386 
   104,    -14.03694841 
 104.1,    -13.96238588 
 104.2,    -13.89222692 
 104.3,    -13.82641324 
 104.4,    -13.76488782 
 104.5,    -13.70759512 
 104.6,    -13.65448131 
 104.7,    -13.60549446 
 104.8,    -13.56058466 
 104.9,    -13.51970403 
   105,    -13.48280695 
 105.1,    -13.44985002 
 105.2,    -13.42079213 
 105.3,    -13.39559455 
 105.4,     -13.3742209 
 105.5,    -13.35663718 
 105.6,    -13.34281185 
 105.7,    -13.33271574 
 105.8,    -13.32632216 
 105.9,    -13.32360689 
   106,     -13.3245481 
 106.1,    -13.32912651 
 106.2,    -13.33732525 
 106.3,    -13.34913002 
 106.4,    -13.36452895 
 106.5,    -13.38351274 
 106.6,     -13.4060746 
 106.7,    -13.43221035 
 106.8,    -13.46191835 
 106.9,    -13.49519956 
   107,    -13.53205768 
 107.1,      -13.572499 
 107.2,    -13.61653255 
 107.3,    -13.66417015 
 107.4,    -13.71542642 
 107.5,    -13.77031884 
 107.6,    -13.82886786 
 107.7,    -13.89109682 
 107.8,     -13.9570322 
 107.9,     -14.0267035 
   108,    -14.10014346 
 108.1,    -14.17738806 
 108.2,    -14.25847663 
 108.3,    -14.34345187 
 108.4,    -14.43235997 
 108.5,     -14.5252507 
 108.6,    -14.62217738 
 108.7,    -14.72319714 
 108.8,    -14.82837082 
 108.9,    -14.93776304 
   109,    -15.05144231 
 109.1,    -15.16948095 
 109.2,    -15.29195524 
 109.3,    -15.41894516 
 109.4,    -15.55053449 
 109.5,    -15.68681065 
 109.6,    -15.82786443 
 109.7,    -15.97378985 
 109.8,    -16.12468362 
 109.9,    -16.28064483 
   110,    -16.44177417 
 110.1,    -16.60817317 
 110.2,    -16.77994309 
 110.3,    -16.95718362 
 110.4,    -17.13999121 
 110.5,     -17.3284568 
 110.6,    -17.52266338 
 110.7,    -17.72268252 
 110.8,     -17.9285704 
 110.9,     -18.1403628 
   111,    -18.35806879 
 111.1,    -18.58166335 
 111.2,    -18.81107786 
 111.3,    -19.04618923 
 111.4,    -19.28680588 
 111.5,    -19.53265149 
 111.6,    -19.78334557 
 111.7,    -20.03838026 
 111.8,    -20.29709302 
 111.9,    -20.55863597 
   112,    -20.82194056 
 112.1,    -21.08567931 
 112.2,    -21.34822604 
 112.3,    -21.60761552 
 112.4,    -21.86150936 
 112.5,    -22.10717035 
 112.6,    -22.34145594 
 112.7,    -22.56083815 
 112.8,    -22.76146049 
 112.9,    -22.93924223 
   113,    -23.09003327 
 113.1,    -23.20982059 
 113.2,    -23.29497165 
 113.3,     -23.3424933 
 113.4,    -23.35027111 
 113.5,    -23.31725285 
 113.6,    -23.24354395 
 113.7,    -23.13039679 
 113.8,    -22.98009642 
 113.9,     -22.7957633 
   114,    -22.58110736 
 114.1,    -22.34016965 
 114.2,    -22.07708445 
 114.3,    -21.79588275 
 114.4,    -21.50034682 
 114.5,    -21.19391609 
 114.6,    -20.87963803 
 114.7,    -20.56015416 
 114.8,     -20.2377111 
 114.9,    -19.91418822 
   115,    -19.59113349 
 115.1,      -19.269804 
 115.2,    -18.95120539 
 115.3,    -18.63612981 
 115.4,    -18.32519019 
 115.5,    -18.01885049 
 115.6,    -17.71745203 
 115.7,    -17.42123583 
 115.8,    -17.13036157 
 115.9,    -16.84492335 
   116,    -16.56496288 
 116.1,    -16.29048023 
 116.2,     -16.0214429 
 116.3,     -15.7577928 
 116.4,    -15.49945246 
 116.5,    -15.24632968 
 116.6,    -14.99832149 
 116.7,    -14.75531731 
 116.8,     -14.5172014 
 116.9,    -14.28385496 
   117,    -14.05515773 
 117.1,    -13.83098922 
 117.2,    -13.61122972 
 117.3,    -13.39576116 
 117.4,    -13.18446755 
 117.5,    -12.97723563 
 117.6,    -12.77395499 
 117.7,    -12.57451849 
 117.8,    -12.37882232 
 117.9,    -12.18676611 
   118,    -11.99825302 
 118.1,    -11.81318972 
 118.2,    -11.63148637 
 118.3,     -11.4530566 
 118.4,    -11.27781742 
 118.5,    -11.10568918 
 118.6,    -10.93659545 
 118.7,    -10.77046293 
 118.8,     -10.6072214 
 118.9,    -10.44680356 
   119,    -10.28914496 
 119.1,    -10.13418386 
 119.2,    -9.981861201 
 119.3,    -9.832120427 
 119.4,    -9.684907433 
 119.5,    -9.540170428 
 119.6,    -9.397859896 
 119.7,    -9.257928447 
 119.8,    -9.120330775 
 119.9,    -8.985023533 
   120,    -8.851965271 
 120.1,    -8.721116358 
 120.2,    -8.592438902 
 120.3,    -8.465896672 
 120.4,    -8.341455034 
 120.5,    -8.219080884 
 120.6,    -8.098742579 
 120.7,    -7.980409882 
 120.8,    -7.864053909 
 120.9,    -7.749647033 
   121,    -7.637162882 
 121.1,    -7.526576274 
 121.2,    -7.417863136 
 121.3,    -7.311000506 
 121.4,    -7.205966467 
 121.5,    -7.102740081 
 121.6,    -7.001301381 
 121.7,    -6.901631325 
 121.8,    -6.803711761 
 121.9,    -6.707525368 
   122,    -6.613055658 
 122.1,    -6.520286923 
 122.2,    -6.429204207 
 122.3,    -6.339793288 
 122.4,    -6.252040644 
 122.5,     -6.16593341 
 122.6,    -6.081459386 
 122.7,    -5.998606962 
 122.8,    -5.917365183 
 122.9,    -5.837723635 
   123,    -5.759672467 
 123.1,    -5.683202382 
 123.2,    -5.608304569 
 123.3,    -5.534970783 
 123.4,    -5.463193189 
 123.5,      -5.3929645 
 123.6,    -5.324277804 
 123.7,    -5.257126698 
 123.8,    -5.191505164 
 123.9,    -5.127407616 
   124,    -5.064828861 
 124.1,    -5.003764109 
 124.2,     -4.94420893 
 124.3,    -4.886159266 
 124.4,    -4.829611432 
 124.5,    -4.774562062 
 124.6,    -4.721008165 
 124.7,    -4.668947055 
 124.8,    -4.618376364 
 124.9,    -4.569294059 
   125,    -4.521698402 
 125.1,    -4.475587965 
 125.2,    -4.430961593 
 125.3,    -4.387818442 
 125.4,    -4.346157942 
 125.5,     -4.30597979 
 125.6,    -4.267283974 
 125.7,     -4.23007073 
 125.8,    -4.194340566 
 125.9,    -4.160094253 
   126,    -4.127332802 
 126.1,    -4.096057489 
 126.2,    -4.066269825 
 126.3,    -4.037971571 
 126.4,    -4.011164737 
 126.5,    -3.985851556 
 126.6,    -3.962034501 
 126.7,    -3.939716291 
 126.8,    -3.918899857 
 126.9,    -3.899588373 
   127,    -3.881785235 
 127.1,     -3.86549406 
 127.2,    -3.850718698 
 127.3,    -3.837463208 
 127.4,    -3.825731889 
 127.5,    -3.815529237 
 127.6,    -3.806859977 
 127.7,    -3.799729052 
 127.8,     -3.79414162 
 127.9,    -3.790103043 
   128,    -3.787618901 
 128.1,    -3.786694997 
 128.2,    -3.787337337 
 128.3,    -3.789552118 
 128.4,    -3.793345761 
 128.5,    -3.798724905 
 128.6,    -3.805696363 
 128.7,    -3.814267172 
 128.8,    -3.824444557 
 128.9,    -3.836235948 
   129,     -3.84964897 
 129.1,    -3.864691434 
 129.2,    -3.881371334 
 129.3,    -3.899696869 
 129.4,    -3.919676404 
 129.5,    -3.941318471 
 129.6,    -3.964631801 
 129.7,    -3.989625253 
 129.8,    -4.016307885 
 129.9,    -4.044688863 
   130,    -4.074777526 
 130.1,    -4.106583338 
 130.2,    -4.140115881 
 130.3,    -4.175384852 
 130.4,    -4.212400033 
 130.5,    -4.251171318 
 130.6,    -4.291708643 
 130.7,    -4.334022002 
 130.8,    -4.378121421 
 130.9,     -4.42401693 
   131,    -4.471718549 
 131.1,    -4.521236246 
 131.2,    -4.572579926 
 131.3,    -4.625759396 
 131.4,    -4.680784293 
 131.5,    -4.737664101 
 131.6,     -4.79640807 
 131.7,    -4.857025164 
 131.8,    -4.919524038 
 131.9,    -4.983912961 
   132,    -5.050199729 
 132.1,     -5.11839165 
 132.2,    -5.188495393 
 132.3,    -5.260516972 
 132.4,    -5.334461612 
 132.5,    -5.410333651 
 132.6,    -5.488136429 
 132.7,    -5.567872181 
 132.8,    -5.649541847 
 132.9,    -5.733145011 
   133,    -5.818679654 
 133.1,    -5.906142026 
 133.2,    -5.995526436 
 133.3,    -6.086825025 
 133.4,    -6.180027581 
 133.5,    -6.275121237 
 133.6,    -6.372090231 
 133.7,    -6.470915596 
 133.8,    -6.571574827 
 133.9,    -6.674041594 
   134,    -6.778285276 
 134.1,    -6.884270628 
 134.2,    -6.991957309 
 134.3,    -7.101299436 
 134.4,     -7.21224508 
 134.5,    -7.324735722 
 134.6,    -7.438705708 
 134.7,    -7.554081618 
 134.8,    -7.670781677 
 134.9,    -7.788715069 
   135,     -7.90778125 
 135.1,    -8.027869265 
 135.2,    -8.148857016 
 135.3,    -8.270610485 
 135.4,     -8.39298306 
 135.5,    -8.515814809 
 135.6,    -8.638931746 
 135.7,    -8.762145219 
 135.8,    -8.885251322 
 135.9,    -9.008030401 
   136,    -9.130246664 
 136.1,    -9.251647956 
 136.2,    -9.371965697 
 136.3,    -9.490915051 
 136.4,    -9.608195299 
 136.5,    -9.723490594 
 136.6,    -9.836470937 
 136.7,    -9.946793595 
 136.8,    -10.05410483 
 136.9,    -10.15804218 
   137,      -10.258237 
 137.1,    -10.35431755 
 137.2,    -10.44591253 
 137.3,     -10.5326549 
 137.4,     -10.6141861 
 137.5,     -10.6901606 
 137.6,    -10.76025052 
 137.7,    -10.82415041 
 137.8,    -10.88158195 
 137.9,     -10.9322985 
   138,    -10.97608923 
 138.1,    -11.01278298 
 138.2,     -11.0422512 
 138.3,    -11.06441056 
 138.4,     -11.0792244 
 138.5,    -11.08670354 
 138.6,    -11.08690617 
 138.7,    -11.07993664 
 138.8,    -11.06594374 
 138.9,    -11.04511783 
   139,    -11.01768764 
 139.1,    -10.98391623 
 139.2,    -10.94409679 
 139.3,    -10.89854787 
 139.4,     -10.8476088 
 139.5,    -10.79163488 
 139.6,    -10.73099271 
 139.7,    -10.66605587 
 139.8,     -10.5972008 
 139.9,    -10.52480299 
   140,    -10.44923374 
 140.1,    -10.37085722 
 140.2,      -10.290028 
 140.3,    -10.20708896 
 140.4,    -10.12236976 
 140.5,     -10.0361855 
 140.6,    -9.948835879 
 140.7,    -9.860604547 
 140.8,    -9.771758861 
 140.9,    -9.682549777 
   141,    -9.593211945 
 141.1,    -9.503964052 
 141.2,    -9.415009243 
 141.3,    -9.326535622 
 141.4,    -9.238716874 
 141.5,    -9.151712918 
 141.6,    -9.065670678 
 141.7,    -8.980724697 
 141.8,    -8.896997974 
 141.9,    -8.814602641 
   142,    -8.733640682 
 142.1,    -8.654204699 
 142.2,    -8.576378468 
 142.3,    -8.500237703 
 142.4,    -8.425850614 
 142.5,    -8.353278519 
 142.6,    -8.282576384 
 142.7,    -8.213793368 
 142.8,    -8.146973256 
 142.9,    -8.082154968 
   143,    -8.019372978 
 143.1,     -7.95865767 
 143.2,    -7.900035757 
 143.3,    -7.843530569 
 143.4,    -7.789162372 
 143.5,    -7.736948693 
 143.6,    -7.686904564 
 143.7,    -7.639042733 
 143.8,    -7.593373926 
 143.9,    -7.549907061 
   144,    -7.508649387 
 144.1,    -7.469606678 
 144.2,    -7.432783428 
 144.3,    -7.398182927 
 144.4,    -7.365807434 
 144.5,    -7.335658294 
 144.6,    -7.307736027 
 144.7,    -7.282040432 
 144.8,    -7.258570687 
 144.9,    -7.237325433 
   145,    -7.218302807 
 145.1,    -7.201500561 
 145.2,    -7.186916078 
 145.3,     -7.17454648 
 145.4,    -7.164388578 
 145.5,    -7.156439026 
 145.6,    -7.150694276 
 145.7,    -7.147150646 
 145.8,    -7.145804369 
 145.9,    -7.146651544 
   146,    -7.149688264 
 146.1,    -7.154910516 
 146.2,    -7.162314287 
 146.3,    -7.171895541 
 146.4,    -7.183650216 
 146.5,    -7.197574255 
 146.6,    -7.213663577 
 146.7,    -7.231914116 
 146.8,    -7.252321791 
 146.9,    -7.274882493 
   147,     -7.29959211 
 147.1,    -7.326446498 
 147.2,    -7.355441475 
 147.3,    -7.386572767 
 147.4,    -7.419836079 
 147.5,    -7.455226974 
 147.6,    -7.492740934 
 147.7,    -7.532373259 
 147.8,     -7.57411911 
 147.9,    -7.617973422 
   148,    -7.663930902 
 148.1,    -7.711985994 
 148.2,    -7.762132792 
 148.3,    -7.814365062 
 148.4,    -7.868676125 
 148.5,    -7.925058868 
 148.6,    -7.983505661 
 148.7,    -8.044008254 
 148.8,    -8.106557781 
 148.9,    -8.171144653 
   149,    -8.237758461 
 149.1,    -8.306387961 
 149.2,    -8.377020887 
 149.3,    -8.449643959 
 149.4,    -8.524242701 
 149.5,    -8.600801378 
 149.6,    -8.679302856 
 149.7,    -8.759728521 
 149.8,    -8.842058071 
 149.9,    -8.926269449 
   150,    -9.012338653 
 150.1,    -9.100239582 
 150.2,    -9.189943905 
 150.3,    -9.281420813 
 150.4,    -9.374636912 
 150.5,    -9.469555938 
 150.6,    -9.566138668 
 150.7,    -9.664342571 
 150.8,    -9.764121669 
 150.9,    -9.865426264 
   151,    -9.968202734 
 151.1,    -10.07239324 
 151.2,    -10.17793543 
 151.3,     -10.2847623 
 151.4,     -10.3928018 
 151.5,    -10.50197664 
 151.6,    -10.61220395 
 151.7,     -10.7233951 
 151.8,    -10.83545537 
 151.9,    -10.94828374 
   152,    -11.06177265 
 152.1,    -11.17580777 
 152.2,    -11.29026783 
 152.3,    -11.40502448 
 152.4,    -11.51994216 
 152.5,    -11.63487803 
 152.6,    -11.74968199 
 152.7,    -11.86419672 
 152.8,     -11.9782578 
 152.9,    -12.09169398 
   153,    -12.20432743 
 153.1,    -12.31597415 
 153.2,    -12.42644456 
 153.3,    -12.53554408 
 153.4,    -12.64307393 
 153.5,    -12.74883195 
 153.6,    -12.85261375 
 153.7,    -12.95421377 
 153.8,    -13.05342655 
 153.9,    -13.15004818 
   154,    -13.24387781 
 154.1,    -13.33471921 
 154.2,    -13.42238241 
 154.3,    -13.50668548 
 154.4,    -13.58745627 
 154.5,    -13.66453409 
 154.6,    -13.73777146 
 154.7,    -13.80703564 
 154.8,    -13.87221022 
 154.9,    -13.93319648 
   155,    -13.98991445 
 155.1,    -14.04230403 
 155.2,    -14.09032566 
 155.3,     -14.1339608 
 155.4,    -14.17321221 
 155.5,    -14.20810384 
 155.6,     -14.2386806 
 155.7,    -14.26500767 
 155.8,    -14.28716983 
 155.9,     -14.3052703 
   156,    -14.31942953 
 156.1,    -14.32978385 
 156.2,    -14.33648381 
 156.3,    -14.33969266 
 156.4,    -14.33958454 
 156.5,    -14.33634277 
 156.6,    -14.33015817 
 156.7,    -14.32122725 
 156.8,    -14.30975061 
 156.9,    -14.29593139 
   157,    -14.27997371 
 157.1,    -14.26208139 
 157.2,    -14.24245665 
 157.3,    -14.22129897 
 157.4,    -14.19880422 
 157.5,    -14.17516367 
 157.6,    -14.15056326 
 157.7,    -14.12518311 
 157.8,    -14.09919693 
 157.9,    -14.07277162 
   158,    -14.04606708 
 158.1,    -14.01923589 
 158.2,    -13.99242332 
 158.3,     -13.9657672 
 158.4,    -13.93939794 
 158.5,    -13.91343868 
 158.6,    -13.88800534 
 158.7,    -13.86320675 
 158.8,    -13.83914496 
 158.9,    -13.81591535 
   159,    -13.79360683 
 159.1,    -13.77230226 
 159.2,    -13.75207847 
 159.3,    -13.73300675 
 159.4,    -13.71515293 
 159.5,    -13.69857778 
 159.6,    -13.68333717 
 159.7,    -13.66948239 
 159.8,    -13.65706039 
 159.9,    -13.64611403 
   160,    -13.63668229 
 160.1,    -13.62880051 
 160.2,    -13.62250061 
 160.3,    -13.61781133 
 160.4,    -13.61475836 
 160.5,    -13.61336462 
 160.6,    -13.61365034 
 160.7,     -13.6156333 
 160.8,    -13.61932895 
 160.9,    -13.62475063 
   161,    -13.63190962 
 161.1,     -13.6408153 
 161.2,    -13.65147536 
 161.3,    -13.66389578 
 161.4,    -13.67808108 
 161.5,    -13.69403429 
 161.6,    -13.71175715 
 161.7,    -13.73125016 
 161.8,    -13.75251269 
 161.9,    -13.77554298 
   162,    -13.80033837 
 162.1,    -13.82689519 
 162.2,    -13.85520896 
 162.3,    -13.88527438 
 162.4,    -13.91708548 
 162.5,     -13.9506355 
 162.6,    -13.98591716 
 162.7,    -14.02292252 
 162.8,    -14.06164316 
 162.9,    -14.10207019 
   163,    -14.14419419 
 163.1,    -14.18800542 
 163.2,    -14.23349376 
 163.3,    -14.28064872 
 163.4,    -14.32945959 
 163.5,    -14.37991532 
 163.6,    -14.43200472 
 163.7,    -14.48571639 
 163.8,    -14.54103872 
 163.9,    -14.59796007 
   164,    -14.65646862 
 164.1,    -14.71655255 
 164.2,    -14.77819997 
 164.3,    -14.84139897 
 164.4,    -14.90613776 
 164.5,    -14.97240452 
 164.6,    -15.04018754 
 164.7,    -15.10947524 
 164.8,    -15.18025615 
 164.9,    -15.25251901 
   165,    -15.32625273 
 165.1,    -15.40144647 
 165.2,    -15.47808959 
 165.3,     -15.5561718 
 165.4,    -15.63568304 
 165.5,    -15.71661357 
 165.6,    -15.79895413 
 165.7,    -15.88269559 
 165.8,    -15.96782941 
 165.9,    -16.05434736 
   166,    -16.14224159 
 166.1,     -16.2315048 
 166.2,    -16.32212995 
 166.3,    -16.41411061 
 166.4,    -16.50744066 
 166.5,    -16.60211444 
 166.6,    -16.69812683 
 166.7,    -16.79547294 
 166.8,    -16.89414844 
 166.9,    -16.99414925 
   167,    -17.09547171 
 167.1,    -17.19811244 
 167.2,    -17.30206827 
 167.3,    -17.40733627 
 167.4,    -17.51391358 
 167.5,     -17.6217974 
 167.6,     -17.7309849 
 167.7,    -17.84147306 
 167.8,     -17.9532586 
 167.9,    -18.06633787 
   168,    -18.18070655 
 168.1,    -18.29635966 
 168.2,    -18.41329128 
 168.3,    -18.53149439 
 168.4,    -18.65096054 
 168.5,    -18.77167965 
 168.6,    -18.89363976 
 168.7,    -19.01682661 
 168.8,    -19.14122351 
 168.9,    -19.26681074 
   169,     -19.3935652 
 169.1,    -19.52146006 
 169.2,    -19.65046412 
 169.3,    -19.78054163 
 169.4,    -19.91165115 
 169.5,    -20.04374555 
 169.6,    -20.17677107 
 169.7,    -20.31066674 
 169.8,    -20.44536349 
 169.9,     -20.5807836 
   170,    -20.71683985 
 170.1,    -20.85343468 
 170.2,    -20.99045935 
 170.3,    -21.12779302 
 170.4,    -21.26530196 
 170.5,    -21.40283868 
 170.6,    -21.54024107 
 170.7,    -21.67733155 
 170.8,    -21.81391647 
 170.9,    -21.94978521 
   171,    -22.08470989 
 171.1,      -22.218445 
 171.2,    -22.35072692 
 171.3,    -22.48127446 
 171.4,    -22.60978866 
 171.5,    -22.73595379 
 171.6,    -22.85943845 
 171.7,     -22.9798967 
 171.8,    -23.09697021 
 171.9,    -23.21029058 
   172,    -23.31948219 
 172.1,    -23.42416562 
 172.2,    -23.52396181 
 172.3,    -23.61849586 
 172.4,    -23.70740249 
 172.5,    -23.79033064 
 172.6,    -23.86694907 
 172.7,     -23.9369517 
 172.8,    -24.00006304 
 172.9,    -24.05604307 
   173,    -24.10469255 
 173.1,    -24.14585655 
 173.2,    -24.17942808 
 173.3,    -24.20535121 
 173.4,    -24.22362192 
 173.5,    -24.23428917 
 173.6,    -24.23745431 
 173.7,    -24.23326955 
 173.8,     -24.2219355 
 173.9,    -24.20369789 
   174,    -24.17884338 
 174.1,    -24.14769491 
 174.2,    -24.11060651 
 174.3,    -24.06795808 
 174.4,    -24.02014985 
 174.5,    -23.96759709 
 174.6,    -23.91072484 
 174.7,    -23.84996317 
 174.8,    -23.78574253 
 174.9,    -23.71849022 
   175,    -23.64862631 
 175.1,    -23.57656098 
 175.2,    -23.50269227 
 175.3,    -23.42740337 
 175.4,    -23.35106199 
 175.5,    -23.27401859 
 175.6,    -23.19660587 
 175.7,    -23.11913861 
 175.8,    -23.04191313 
 175.9,    -22.96520771 
   176,    -22.88928289 
 176.1,    -22.81438198 
 176.2,    -22.74073153 
 176.3,    -22.66854215 
 176.4,    -22.59800934 
 176.5,    -22.52931429 
 176.6,    -22.46262459 
 176.7,    -22.39809537 
 176.8,    -22.33586979 
 176.9,    -22.27608016 
   177,    -22.21884878 
 177.1,    -22.16428856 
 177.2,    -22.11250381 
 177.3,    -22.06359098 
 177.4,     -22.0176394 
 177.5,     -21.9747319 
 177.6,     -21.9349454 
 177.7,    -21.89835148 
 177.8,    -21.86501695 
 177.9,    -21.83500426 
   178,    -21.80837201 
 178.1,    -21.78517552 
 178.2,    -21.76546703 
 178.3,    -21.74929611 
 178.4,    -21.73671021 
 178.5,    -21.72775464 
 178.6,     -21.7224731 
 178.7,    -21.72090813 
 178.8,    -21.72310085 
 178.9,    -21.72909176 
   179,    -21.73892053 
 179.1,    -21.75262659 
 179.2,    -21.77024904 
 179.3,    -21.79182694 
 179.4,    -21.81739952 
 179.5,     -21.8470064 
 179.6,    -21.88068744 
 179.7,    -21.91848345 
 179.8,    -21.96043574 
 179.9,    -22.00658658 
   180,    -22.05697938 
 180.1,    -22.11165865 
 180.2,    -22.17067024 
 180.3,    -22.23406133 
 180.4,    -22.30188087 
 180.5,    -22.37417923 
 180.6,    -22.45100855 
 180.7,    -22.53242318 
 180.8,    -22.61847909 
 180.9,    -22.70923465 
   181,    -22.80475036 
 181.1,    -22.90508903 
 181.2,    -23.01031606 
 181.3,    -23.12049921 
 181.4,    -23.23570895 
 181.5,    -23.35601873 
 181.6,     -23.4815046 
 181.7,    -23.61224554 
 181.8,    -23.74832367 
 181.9,    -23.88982418 
   182,     -24.0368353 
 182.1,    -24.18944856 
 182.2,    -24.34775853 
 182.3,    -24.51186295 
 182.4,    -24.68186276 
 182.5,    -24.85786171 
 182.6,    -25.03996668 
 182.7,    -25.22828689 
 182.8,     -25.4229339 
 182.9,    -25.62402125 
   183,    -25.83166378 
 183.1,    -26.04597677 
 183.2,    -26.26707532 
 183.3,    -26.49507323 
 183.4,    -26.73008079 
 183.5,    -26.97220453 
 183.6,    -27.22154295 
 183.7,    -27.47818525 
 183.8,    -27.74220734 
 183.9,    -28.01366733 
   184,    -28.29260082 
 184.1,    -28.57901381 
 184.2,     -28.8728751 
 184.3,    -29.17410715 
 184.4,    -29.48257372 
 184.5,    -29.79806628 
 184.6,    -30.12028743 
 184.7,    -30.44883048 
 184.8,    -30.78315619 
 184.9,    -31.12256597 
   185,    -31.46616983 
 185.1,    -31.81285243 
 185.2,    -32.16123459 
 185.3,    -32.50963499 
 185.4,    -32.85603235 
 185.5,    -33.19803265 
 185.6,     -33.5328485 
 185.7,    -33.85729733 
 185.8,    -34.16782669 
 185.9,    -34.46057849 
   186,    -34.73149704 
 186.1,    -34.97649028 
 186.2,    -35.19163507 
 186.3,    -35.37341647 
 186.4,    -35.51897858 
 186.5,    -35.62634588 
 186.6,    -35.69459314 
 186.7,    -35.72391876 
 186.8,      -35.715624 
 186.9,    -35.67198718 
   187,    -35.59606716 
 187.1,    -35.49146203 
 187.2,    -35.36206066 
 187.3,     -35.2118163 
 187.4,     -35.0445617 
 187.5,    -34.86387316 
 187.6,    -34.67298329 
 187.7,    -34.47473795 
 187.8,    -34.27158306 
 187.9,     -34.0655787 
   188,    -33.85842486 
 188.1,     -33.6514983 
 188.2,    -33.44589114 
 188.3,    -33.24244957 
 188.4,    -33.04181133 
 188.5,     -32.8444394 
 188.6,    -32.65065136 
 188.7,    -32.46064575 
 188.8,    -32.27452523 
 188.9,    -32.09231473 
   189,    -31.91397875 
 189.1,    -31.73943419 
 189.2,    -31.56856264 
 189.3,    -31.40121991 
 189.4,    -31.23724406 
 189.5,     -31.0764624 
 189.6,    -30.91869711 
 189.7,    -30.76377037 
 189.8,    -30.61150802 
 189.9,    -30.46174313 
   190,    -30.31431884 
 190.1,    -30.16909037 
 190.2,    -30.02592666 
 190.3,     -29.8847125 
 190.4,    -29.74534863 
 190.5,    -29.60775318 
 190.6,    -29.47186148 
 190.7,    -29.33762682 
 190.8,     -29.2050197 
 190.9,    -29.07402817 
   191,    -28.94465653 
 191.1,    -28.81692577 
 191.2,    -28.69087187 
 191.3,    -28.56654491 
 191.4,    -28.44400878 
 191.5,    -28.32333973 
 191.6,    -28.20462503 
 191.7,    -28.08796218 
 191.8,     -27.9734579 
 191.9,    -27.86122641 
   192,    -27.75138924 
 192.1,    -27.64407357 
 192.2,    -27.53941132 
 192.3,    -27.43753865 
 192.4,    -27.33859441 
 192.5,    -27.24272021 
 192.6,    -27.15005865 
 192.7,    -27.06075392 
 192.8,    -26.97495013 
 192.9,    -26.89279163 
   193,    -26.81442182 
 193.1,     -26.7399835 
 193.2,    -26.66961812 
 193.3,    -26.60346562 
 193.4,    -26.54166412 
 193.5,     -26.4843498 
 193.6,    -26.43165687 
 193.7,    -26.38371717 
 193.8,    -26.34066016 
 193.9,    -26.30261258 
   194,    -26.26969869 
 194.1,    -26.24203974 
 194.2,    -26.21975376 
 194.3,    -26.20295548 
 194.4,    -26.19175613 
 194.5,    -26.18626254 
 194.6,    -26.18657691 
 194.7,    -26.19279648 
 194.8,     -26.2050123 
 194.9,    -26.22330842 
   195,    -26.24776092 
 195.1,    -26.27843661 
 195.2,    -26.31539097 
 195.3,    -26.35866649 
 195.4,    -26.40829049 
 195.5,     -26.4642713 
 195.6,    -26.52659691 
 195.7,    -26.59522894 
 195.8,    -26.67009937 
 195.9,    -26.75110493 
   196,    -26.83810085 
 196.1,    -26.93089379 
 196.2,    -27.02923347 
 196.3,    -27.13280385 
 196.4,    -27.24121278 
 196.5,    -27.35397984 
 196.6,    -27.47052473 
 196.7,    -27.59015387 
 196.8,    -27.71204597 
 196.9,    -27.83523988 
   197,    -27.95862064 
 197.1,    -28.08091043 
 197.2,    -28.20066079 
 197.3,    -28.31625214 
 197.4,    -28.42589943 
 197.5,    -28.52766895 
 197.6,    -28.61950606 
 197.7,    -28.69927753 
 197.8,    -28.76482748 
 197.9,    -28.81404814 
   198,    -28.84496138 
 198.1,    -28.85580633 
 198.2,    -28.84512694 
 198.3,      -28.811852 
 198.4,    -28.75535645 
 198.5,    -28.67550083 
 198.6,    -28.57264014 
 198.7,    -28.44760498 
 198.8,    -28.30165254 
 198.9,    -28.13639887 
   199,     -27.9537351 
 199.1,    -27.75573867 
 199.2,    -27.54458816 
 199.3,    -27.32248436 
 199.4,    -27.09158569 
 199.5,    -26.85395634 
 199.6,    -26.61152986 
 199.7,    -26.36608537 
 199.8,    -26.11923556 
 199.9,    -25.87242324 
   200,    -25.62692509 
 200.1,     -25.3838598 
 200.2,    -25.14419993 
 200.3,      -24.908785 
 200.4,    -24.67833491 
 200.5,    -24.45346437 
 200.6,    -24.23469581 
 200.7,    -24.02247171 
 200.8,    -23.81716622 
 200.9,    -23.61909513 
   201,    -23.42852522 
 201.1,    -23.24568235 
 201.2,    -23.07075858 
 201.3,    -22.90391819 
 201.4,    -22.74530361 
 201.5,    -22.59503962 
 201.6,    -22.45323803 
 201.7,    -22.32000074 
 201.8,    -22.19542335 
 201.9,     -22.0795976 
   202,    -21.97261395 
 202.1,    -21.87456381 
 202.2,    -21.78554125 
 202.3,    -21.70564498 
 202.4,    -21.63497972 
 202.5,    -21.57365786 
 202.6,    -21.52180064 
 202.7,    -21.47953962 
 202.8,     -21.4470178 
 202.9,    -21.42439079 
   203,    -21.41182812 
 203.1,    -21.40951415 
 203.2,    -21.41764924 
 203.3,    -21.43645091 
 203.4,     -21.4661545 
 203.5,    -21.50701437 
 203.6,    -21.55930469 
 203.7,    -21.62331957 
 203.8,    -21.69937398 
 203.9,    -21.78780304 
   204,    -21.88896172 
 204.1,    -22.00322321 
 204.2,    -22.13097622 
 204.3,    -22.27262099 
 204.4,    -22.42856241 
 204.5,    -22.59920112 
 204.6,    -22.78491961 
 204.7,    -22.98606287 
 204.8,    -23.20291144 
 204.9,    -23.43564366 
   205,     -23.6842834 
 205.1,    -23.94862906 
 205.2,    -24.22815675 
 205.3,    -24.52189071 
 205.4,    -24.82823262 
 205.5,    -25.14474142 
 205.6,     -25.4678594 
 205.7,    -25.79258925 
 205.8,    -26.11214627 
 205.9,    -26.41764159 
   206,    -26.69790649 
 206.1,    -26.93961967 
 206.2,    -27.12793744 
 206.3,    -27.24777994 
 206.4,    -27.28574457 
 206.5,    -27.23230286 
 206.6,    -27.08363807 
 206.7,    -26.84244292 
 206.8,    -26.51734672 
 206.9,    -26.12121067 
   207,    -25.66894165 
 207.1,    -25.17549603 
 207.2,    -24.65447782 
 207.3,    -24.11740455 
 207.4,    -23.57350812 
 207.5,    -23.02987302 
 207.6,    -22.49173708 
 207.7,    -21.96283975 
 207.8,    -21.44575166 
 207.9,    -20.94215743 
   208,    -20.45308481 
 208.1,    -19.97908306 
 208.2,    -19.52035937 
 208.3,    -19.07687989 
 208.4,    -18.64844527 
 208.5,    -18.23474546 
 208.6,    -17.83539948 
 208.7,    -17.44998414 
 208.8,    -17.07805444 
 208.9,    -16.71915804 
   209,     -16.3728453 
 209.1,    -16.03867604 
 209.2,    -15.71622418 
 209.3,    -15.40508055 
 209.4,    -15.10485456 
 209.5,    -14.81517504 
 209.6,    -14.53569045 
 209.7,    -14.26606877 
 209.8,    -14.00599685 
 209.9,    -13.75517995 
   210,    -13.51334087 
 210.1,    -13.28021914 
 210.2,    -13.05557014 
 210.3,    -12.83916431 
 210.4,     -12.6307862 
 210.5,    -12.43023373 
 210.6,    -12.23731734 
 210.7,     -12.0518593 
 210.8,    -11.87369298 
 210.9,    -11.70266211 
   211,     -11.5386203 
 211.1,    -11.38143033 
 211.2,    -11.23096361 
 211.3,    -11.08709977 
 211.4,      -10.949726 
 211.5,    -10.81873678 
 211.6,     -10.6940334 
 211.7,    -10.57552351 
 211.8,    -10.46312082 
 211.9,    -10.35674476 
   212,    -10.25632008 
 212.1,    -10.16177673 
 212.2,    -10.07304933 
 212.3,    -9.990077069 
 212.4,    -9.912803418 
 212.5,    -9.841175875 
 212.6,    -9.775145696 
 212.7,    -9.714667736 
 212.8,    -9.659700166 
 212.9,    -9.610204302 
   213,    -9.566144365 
 213.1,    -9.527487307 
 213.2,    -9.494202542 
 213.3,    -9.466261809 
 213.4,    -9.443638861 
 213.5,    -9.426309333 
 213.6,     -9.41425043 
 213.7,    -9.407440744 
 213.8,    -9.405859951 
 213.9,    -9.409488542 
   214,     -9.41830755 
 214.1,    -9.432298202 
 214.2,    -9.451441571 
 214.3,    -9.475718208 
 214.4,    -9.505107725 
 214.5,    -9.539588332 
 214.6,    -9.579136311 
 214.7,    -9.623725537 
 214.8,    -9.673326713 
 214.9,    -9.727906882 
   215,    -9.787428482 
 215.1,    -9.851848641 
 215.2,      -9.9211182 
 215.3,    -9.995180676 
 215.4,    -10.07397116 
 215.5,    -10.15741503 
 215.6,    -10.24542663 
 215.7,    -10.33790769 
 215.8,     -10.4347457 
 215.9,    -10.53581217 
   216,     -10.6409606 
 216.1,    -10.75002439 
 216.2,    -10.86281464 
 216.3,    -10.97911773 
 216.4,    -11.09869286 
 216.5,    -11.22126944 
 216.6,    -11.34654447 
 216.7,    -11.47417994 
 216.8,     -11.6038003 
 216.9,    -11.73499015 
   217,    -11.86729215 
 217.1,    -12.00020545 
 217.2,    -12.13318471 
 217.3,    -12.26563995 
 217.4,    -12.39693727 
 217.5,    -12.52640105 
 217.6,    -12.65331732 
 217.7,    -12.77693912 
 217.8,    -12.89649332 
 217.9,    -13.01118979 
   218,    -13.12023228 
 218.1,    -13.22283123 
 218.2,    -13.31821858 
 218.3,    -13.40566341 
 218.4,    -13.48448882 
 218.5,    -13.55408881 
 218.6,     -13.6139444 
 218.7,    -13.66363858 
 218.8,    -13.70286878 
 218.9,    -13.73145635 
   219,    -13.74935255 
 219.1,    -13.75664026 
 219.2,    -13.75353198 
 219.3,    -13.74036355 
 219.4,    -13.71758428 
 219.5,     -13.6857444 
 219.6,    -13.64547999 
 219.7,    -13.59749669 
 219.8,    -13.54255276 
 219.9,    -13.48144247 
   220,    -13.41498022 
 220.1,    -13.34398609 
 220.2,     -13.2692731 
 220.3,    -13.19163637 
 220.4,    -13.11184425 
 220.5,    -13.03063146 
 220.6,    -12.94869397 
 220.7,    -12.86668568 
 220.8,    -12.78521627 
 220.9,    -12.70485057 
   221,    -12.62610866 
 221.1,    -12.54946689 
 221.2,    -12.47535946 
 221.3,    -12.40418043 
 221.4,    -12.33628592 
 221.5,    -12.27199663 
 221.6,    -12.21160026 
 221.7,    -12.15535406 
 221.8,    -12.10348725 
 221.9,     -12.0562033 
   222,    -12.01368213 
 222.1,    -11.97608218 
 222.2,    -11.94354214 
 222.3,     -11.9161827 
 222.4,      -11.894108 
 222.5,    -11.87740688 
 222.6,    -11.86615401 
 222.7,    -11.86041079 
 222.8,    -11.86022608 
 222.9,    -11.86563667 
   223,    -11.87666782 
 223.1,    -11.89333322 
 223.2,    -11.91563517 
 223.3,    -11.94356429 
 223.4,     -11.9770992 
 223.5,    -12.01620598 
 223.6,    -12.06083739 
 223.7,    -12.11093194 
 223.8,    -12.16641274 
 223.9,    -12.22718614 
   224,    -12.29314016 
 224.1,    -12.36414263 
 224.2,    -12.44003921 
 224.3,    -12.52065119 
 224.4,    -12.60577293 
 224.5,     -12.6951692 
 224.6,    -12.78857241 
 224.7,    -12.88567956 
 224.8,     -12.9861492 
 224.9,    -13.08959831 
   225,    -13.19559934 
 225.1,    -13.30367739 
 225.2,    -13.41330777 
 225.3,     -13.5239141 
 225.4,    -13.63486728 
 225.5,    -13.74548537 
 225.6,    -13.85503473 
 225.7,    -13.96273308 
 225.8,    -14.06775407 
 225.9,    -14.16923429 
   226,    -14.26628259 
 226.1,    -14.35799198 
 226.2,    -14.44345392 
 226.3,    -14.52177512 
 226.4,    -14.59209621 
 226.5,    -14.65361191 
 226.6,    -14.70559175 
 226.7,    -14.74740044 
 226.8,    -14.77851686 
 226.9,    -14.79855059 
   227,    -14.80725466 
 227.1,    -14.80453406 
 227.2,    -14.79044922 
 227.3,    -14.76521406 
 227.4,     -14.7291892 
 227.5,    -14.68287023 
 227.6,    -14.62687237 
 227.7,    -14.56191216 
 227.8,    -14.48878743 
 227.9,     -14.4083566 
   228,    -14.32151836 
 228.1,    -14.22919247 
 228.2,    -14.13230258 
 228.3,    -14.03176108 
 228.4,    -13.92845659 
 228.5,    -13.82324403 
 228.6,      -13.716937 
 228.7,    -13.61030254 
 228.8,    -13.50405784 
 228.9,    -13.39886864 
   229,    -13.29534912 
 229.1,    -13.19406279 
 229.2,    -13.09552433 
 229.3,    -13.00020212 
 229.4,    -12.90852097 
 229.5,    -12.82086542 
 229.6,    -12.73758283 
 229.7,    -12.65898688 
 229.8,    -12.58536076 
 229.9,    -12.51696024 
   230,    -12.45401687 
 230.1,    -12.39674072 
 230.2,    -12.34532303 
 230.3,    -12.29993883 
 230.4,    -12.26074915 
 230.5,     -12.2279031 
 230.6,    -12.20154006 
 230.7,     -12.1817912 
 230.8,    -12.16878134 
 230.9,    -12.16263038 
   231,    -12.16345473 
 231.1,    -12.17136863 
 231.2,    -12.18648528 
 231.3,    -12.20891802 
 231.4,    -12.23878132 
 231.5,    -12.27619183 
 231.6,    -12.32126915 
 231.7,    -12.37413685 
 231.8,    -12.43492323 
 231.9,    -12.50376207 
   232,    -12.58079342 
 232.1,    -12.66616434 
 232.2,    -12.76002947 
 232.3,    -12.86255185 
 232.4,    -12.97390334 
 232.5,    -13.09426535 
 232.6,    -13.22382914 
 232.7,    -13.36279627 
 232.8,    -13.51137905 
 232.9,    -13.66980037 
   233,    -13.83829378 
 233.1,    -14.01710319 
 233.2,    -14.20648196 
 233.3,    -14.40669174 
 233.4,    -14.61800076 
 233.5,    -14.84068081 
 233.6,    -15.07500366 
 233.7,    -15.32123554 
 233.8,    -15.57963009 
 233.9,    -15.85041819 
   234,    -16.13379515 
 234.1,      -16.429903 
 234.2,    -16.73880747 
 234.3,    -17.06046766 
 234.4,    -17.39469626 
 234.5,    -17.74110855 
 234.6,    -18.09905641 
 234.7,    -18.46754529 
 234.8,    -18.84513067 
 234.9,    -19.22979285 
   235,    -19.61879027 
 235.1,    -20.00849747 
 235.2,     -20.3942412 
 235.3,     -20.7701617 
 235.4,    -21.12914197 
 235.5,    -21.46286644 
 235.6,    -21.76207931 
 235.7,    -22.01710519 
 235.8,      -22.218647 
 235.9,    -22.35879145 
   236,    -22.43204585 
 236.1,    -22.43615466 
 236.2,    -22.37245924 
 236.3,    -22.24568648 
 236.4,    -22.06323428 
 236.5,    -21.83416824 
 236.6,    -21.56818591 
 236.7,    -21.27475249 
 236.8,    -20.96250538 
 236.9,    -20.63893021 
   237,    -20.31025663 
 237.1,    -19.98150082 
 237.2,    -19.65659149 
 237.3,    -19.33853014 
 237.4,    -19.02955575 
 237.5,    -18.73129642 
 237.6,    -18.44490069 
 237.7,      -18.171147 
 237.8,    -17.91053215 
 237.9,    -17.66334162 
   238,    -17.42970462 
 238.1,     -17.2096367 
 238.2,    -17.00307284 
 238.3,    -16.80989233 
 238.4,    -16.62993811 
 238.5,     -16.4630312 
 238.6,    -16.30898164 
 238.7,    -16.16759681 
 238.8,    -16.03868768 
 238.9,    -15.92207344 
   239,    -15.81758498 
 239.1,    -15.72506744 
 239.2,    -15.64438245 
 239.3,    -15.57540933 
 239.4,    -15.51804651 
 239.5,    -15.47221243 
 239.6,     -15.4378464 
 239.7,    -15.41490942 
 239.8,    -15.40338486 
 239.9,    -15.40327935 
   240,    -15.41462375 
 240.1,      -15.437474 
 240.2,     -15.4719124 
 240.3,    -15.51804906 
 240.4,    -15.57602329 
 240.5,    -15.64600574 
 240.6,    -15.72820033 
 240.7,    -15.82284712 
 240.8,    -15.93022514 
 240.9,    -16.05065611 
   241,    -16.18450845 
 241.1,    -16.33220244 
 241.2,    -16.49421579 
 241.3,     -16.6710908 
 241.4,     -16.8634422 
 241.5,    -17.07196719 
 241.6,    -17.29745673 
 241.7,    -17.54080987 
 241.8,     -17.8030505 
 241.9,    -18.08534791 
   242,    -18.38904238 
 242.1,    -18.71567619 
 242.2,    -19.06703278 
 242.3,    -19.44518613 
 242.4,    -19.85256323 
 242.5,    -20.29202507 
 242.6,    -20.76697212 
 242.7,    -21.28148429 
 242.8,    -21.84050951 
 242.9,    -22.45012228 
   243,    -23.11788641 
 243.1,    -23.85337516 
 243.2,    -24.66893823 
 243.3,    -25.58086844 
 243.4,    -26.61124043 
 243.5,    -27.79093532 
 243.6,    -29.16485531 
 243.7,    -30.80140546 
 243.8,    -32.81057324 
 243.9,    -35.37802576 
   244,    -38.79935407 
 244.1,    -42.97281659 
 244.2,    -43.35265849 
 244.3,    -39.23114504 
 244.4,    -35.69098003 
 244.5,    -33.03931173 
 244.6,    -30.97297437 
 244.7,    -29.29506456 
 244.8,     -27.8892719 
 244.9,    -26.68368928 
   245,    -25.63137249 
 245.1,    -24.70017965 
 245.2,    -23.86721581 
 245.3,    -23.11563019 
 245.4,    -22.43267752 
 245.5,    -21.80849345 
 245.6,    -21.23529284 
 245.7,    -20.70682744 
 245.8,    -20.21800913 
 245.9,    -19.76464133 
   246,    -19.34322416 
 246.1,    -18.95080981 
 246.2,    -18.58489368 
 246.3,    -18.24333106 
 246.4,    -17.92427276 
 246.5,    -17.62611419 
 246.6,    -17.34745553 
 246.7,    -17.08706946 
 246.8,    -16.84387505 
 246.9,    -16.61691672 
   247,    -16.40534668 
 247.1,    -16.20841065 
 247.2,    -16.02543576 
 247.3,    -15.85582064 
 247.4,    -15.69902679 
 247.5,    -15.55457159 
 247.6,    -15.42202214 
 247.7,    -15.30099007 
 247.8,    -15.19112721 
 247.9,    -15.09212167 
   248,    -15.00369468 
 248.1,     -14.9255978 
 248.2,    -14.85761041 
 248.3,    -14.79953772 
 248.4,    -14.75120903 
 248.5,    -14.71247614 
 248.6,     -14.6832122 
 248.7,    -14.66331048 
 248.8,    -14.65268364 
 248.9,    -14.65126292 
   249,    -14.65899766 
 249.1,    -14.67585489 
 249.2,    -14.70181899 
 249.3,    -14.73689167 
 249.4,    -14.78109202 
 249.5,    -14.83445649 
 249.6,    -14.89703936 
 249.7,    -14.96891312 
 249.8,    -15.05016897 
 249.9,    -15.14091773 
   250,    -15.24129064 
 250.1,    -15.35144046 
 250.2,    -15.47154294 
 250.3,    -15.60179822 
 250.4,    -15.74243268 
 250.5,    -15.89370116 
 250.6,    -16.05588938 
 250.7,    -16.22931675 
 250.8,    -16.41433983 
 250.9,    -16.61135612 
   251,     -16.8208086 
 251.1,    -17.04319107 
 251.2,    -17.27905429 
 251.3,    -17.52901327 
 251.4,    -17.79375582 
 251.5,    -18.07405286 
 251.6,    -18.37077027 
 251.7,    -18.68488367 
 251.8,    -19.01749584 
 251.9,    -19.36985786 
   252,    -19.74339484 
 252.1,    -20.13973798 
 252.2,    -20.56076401 
 252.3,    -21.00864409 
 252.4,    -21.48590646 
 252.5,    -21.99551524 
 252.6,     -22.5409727 
 252.7,    -23.12645176 
 252.8,    -23.75697052 
 252.9,    -24.43862505 
   253,    -25.17890139 
 253.1,    -25.98709972 
 253.2,    -26.87491007 
 253.3,     -27.8571889 
 253.4,    -28.95296314 
 253.5,    -30.18656439 
 253.6,    -31.58827927 
 253.7,    -33.19190775 
 253.8,    -35.01919911 
 253.9,    -37.01527031 
   254,    -38.84440954 
 254.1,    -39.64219643 
 254.2,    -38.80349929 
 254.3,     -37.0272114 
 254.4,    -35.13576165 
 254.5,    -33.42533362 
 254.6,    -31.93822009 
 254.7,    -30.65009652 
 254.8,    -29.52719335 
 254.9,    -28.53977406 
   255,    -27.66405963 
 255.1,    -26.88147624 
 255.2,      -26.177519 
 255.3,    -25.54076899 
 255.4,    -24.96213714 
 255.5,    -24.43430412 
 255.6,     -23.9513083 
 255.7,    -23.50824196 
 255.8,    -23.10102503 
 255.9,    -22.72623508 
   256,    -22.38097754 
 256.1,    -22.06278662 
 256.2,    -21.76954753 
 256.3,    -21.49943593 
 256.4,    -21.25086948 
 256.5,     -21.0224695 
 256.6,    -20.81302954 
 256.7,    -20.62148996 
 256.8,    -20.44691737 
 256.9,    -20.28848724 
   257,    -20.14546951 
 257.1,    -20.01721697 
 257.2,    -19.90315471 
 257.3,    -19.80277201 
 257.4,     -19.7156147 
 257.5,    -19.64127905 
 257.6,    -19.57940646 
 257.7,     -19.5296785 
 257.8,    -19.49181293 
 257.9,    -19.46555995 
   258,    -19.45069883 
 258.1,    -19.44703488 
 258.2,    -19.45439668 
 258.3,     -19.4726332 
 258.4,    -19.50161128 
 258.5,    -19.54121297 
 258.6,    -19.59133266 
 258.7,     -19.6518742 
 258.8,    -19.72274775 
 258.9,    -19.80386641 
   259,    -19.89514183 
 259.1,    -19.99647994 
 259.2,    -20.10777551 
 259.3,    -20.22890555 
 259.4,    -20.35972233 
 259.5,    -20.50004409 
 259.6,    -20.64964473 
 259.7,    -20.80824126 
 259.8,    -20.97547891 
 259.9,    -21.15091406 
   260,    -21.33399349 
 260.1,    -21.52403128 
 260.2,    -21.72018188 
 260.3,    -21.92141031 
 260.4,    -22.12645961 
 260.5,    -22.33381713 
 260.6,     -22.5416806 
 260.7,    -22.74792883 
 260.8,    -22.95009852 
 260.9,    -23.14537659 
   261,    -23.33061143 
 261.1,    -23.50235399 
 261.2,    -23.65693471 
 261.3,    -23.79058102 
 261.4,    -23.89957847 
 261.5,    -23.98046555 
 261.6,    -24.03024919 
 261.7,    -24.04661622 
 261.8,    -24.02811258 
 261.9,    -23.97426164 
   262,    -23.88560214 
 262.1,    -23.76363898 
 262.2,     -23.6107149 
 262.3,    -23.42982552 
 262.4,    -23.22440579 
 262.5,    -22.99811541 
 262.6,    -22.75464765 
 262.7,    -22.49757393 
 262.8,    -22.23023143 
 262.9,    -21.95565088 
   263,    -21.67652009 
 263.1,    -21.39517492 
 263.2,    -21.11360971 
 263.3,    -20.83350072 
 263.4,    -20.55623662 
 263.5,    -20.28295191 
 263.6,     -20.0145604 
 263.7,     -19.7517872 
 263.8,    -19.49519785 
 263.9,    -19.24522427 
   264,    -19.00218736 
 264.1,    -18.76631671 
 264.2,    -18.53776703 
 264.3,    -18.31663228 
 264.4,     -18.1029573 
 264.5,     -17.8967476 
 264.6,    -17.69797741 
 264.7,    -17.50659622 
 264.8,    -17.32253446 
 264.9,     -17.1457078 
   265,    -16.97602087 
 265.1,    -16.81337006 
 265.2,    -16.65764615 
 265.3,    -16.50873606 
 265.4,    -16.36652444 
 265.5,    -16.23089493 
 265.6,    -16.10173105 
 265.7,    -15.97891694 
 265.8,    -15.86233808 
 265.9,    -15.75188153 
   266,    -15.64743627 
 266.1,    -15.54889358 
 266.2,    -15.45614689 
 266.3,    -15.36909205 
 266.4,    -15.28762725 
 266.5,    -15.21165298 
 266.6,    -15.14107197 
 266.7,    -15.07578897 
 266.8,    -15.01571077 
 266.9,    -14.96074587 
   267,    -14.91080441 
 267.1,    -14.86579788 
 267.2,    -14.82563884 
 267.3,    -14.79024079 
 267.4,    -14.75951781 
 267.5,    -14.73338437 
 267.6,    -14.71175486 
 267.7,    -14.69454347 
 267.8,    -14.68166375 
 267.9,    -14.67302823 
   268,    -14.66854813 
 268.1,    -14.66813295 
 268.2,    -14.67168997 
 268.3,    -14.67912408 
 268.4,    -14.69033701 
 268.5,    -14.70522709 
 268.6,    -14.72368874 
 268.7,    -14.74561185 
 268.8,    -14.77088146 
 268.9,    -14.79937704 
   269,    -14.83097203 
 269.1,    -14.86553337 
 269.2,     -14.9029207 
 269.3,    -14.94298607 
 269.4,    -14.98557321 
 269.5,      -15.030517 
 269.6,    -15.07764295 
 269.7,    -15.12676677 
 269.8,    -15.17769383 
 269.9,    -15.23021876 
   270,     -15.2841252 
 270.1,    -15.33918545 
 270.2,     -15.3951605 
 270.3,     -15.4517999 
 270.4,    -15.50884195 
 270.5,    -15.56601402 
 270.6,    -15.62303316 
 270.7,    -15.67960678 
 270.8,    -15.73543365 
 270.9,    -15.79020518 
   271,    -15.84360694 
 271.1,    -15.89532043 
 271.2,    -15.94502526 
 271.3,    -15.99240149 
 271.4,    -16.03713225 
 271.5,    -16.07890662 
 271.6,    -16.11742273 
 271.7,    -16.15239089 
 271.8,    -16.18353704 
 271.9,    -16.21060585 
   272,    -16.23336424 
 272.1,    -16.25160421 
 272.2,    -16.26514589 
 272.3,    -16.27383999 
 272.4,    -16.27757001 
 272.5,    -16.27625378 
 272.6,    -16.26984472 
 272.7,    -16.25833243 
 272.8,    -16.24174255 
 272.9,    -16.22013633 
   273,    -16.19360935 
 273.1,    -16.16228986 
 273.2,    -16.12633674 
 273.3,    -16.08593665 
 273.4,    -16.04130149 
 273.5,    -15.99266507 
 273.6,    -15.94027997 
 273.7,    -15.88441395 
 273.8,    -15.82534698 
 273.9,    -15.76336773 
   274,    -15.69877062 
 274.1,     -15.6318528 
 274.2,    -15.56291158 
 274.3,    -15.49224202 
 274.4,    -15.42013472 
 274.5,    -15.34687402 
 274.6,    -15.27273653 
 274.7,    -15.19798964 
 274.8,    -15.12289065 
 274.9,    -15.04768593 
   275,    -14.97261037 
 275.1,    -14.89788691 
 275.2,    -14.82372648 
 275.3,    -14.75032788 
 275.4,    -14.67787787 
 275.5,    -14.60655132 
 275.6,    -14.53651153 
 275.7,    -14.46791064 
 275.8,    -14.40088984 
 275.9,    -14.33557999 
   276,    -14.27210207 
 276.1,    -14.21056752 
 276.2,    -14.15107891 
 276.3,    -14.09373031 
 276.4,    -14.03860785 
 276.5,    -13.98579014 
 276.6,    -13.93534878 
 276.7,    -13.88734872 
 276.8,    -13.84184885 
 276.9,    -13.79890219 
   277,    -13.75855639 
 277.1,      -13.720854 
 277.2,    -13.68583298 
 277.3,    -13.65352673 
 277.4,    -13.62396453 
 277.5,    -13.59717179 
 277.6,     -13.5731702 
 277.7,    -13.55197793 
 277.8,    -13.53360988 
 277.9,    -13.51807779 
   278,     -13.5053903 
 278.1,    -13.49555315 
 278.2,     -13.4885692 
 278.3,    -13.48443847 
 278.4,    -13.48315822 
 278.5,     -13.4847229 
 278.6,    -13.48912423 
 278.7,    -13.49635105 
 278.8,    -13.50638932 
 278.9,    -13.51922199 
   279,    -13.53482894 
 279.1,    -13.55318684 
 279.2,    -13.57426896 
 279.3,    -13.59804496 
 279.4,    -13.62448075 
 279.5,    -13.65353819 
 279.6,    -13.68517483 
 279.7,    -13.71934366 
 279.8,    -13.75599277 
 279.9,    -13.79506487 
   280,     -13.8364971 
 280.1,    -13.88022052 
 280.2,     -13.9261596 
 280.3,    -13.97423191 
 280.4,     -14.0243475 
 280.5,    -14.07640838 
 280.6,    -14.13030803 
 280.7,    -14.18593083 
 280.8,    -14.24315144 
 280.9,    -14.30183425 
   281,    -14.36183282 
 281.1,     -14.4229892 
 281.2,    -14.48513359 
 281.3,     -14.5480835 
 281.4,    -14.61164374 
 281.5,    -14.67560546 
 281.6,    -14.73974631 
 281.7,    -14.80383004 
 281.8,     -14.8676064 
 281.9,    -14.93081134 
   282,    -14.99316718 
 282.1,    -15.05438322 
 282.2,     -15.1141564 
 282.3,    -15.17217235 
 282.4,    -15.22810674 
 282.5,    -15.28162683 
 282.6,    -15.33239352 
 282.7,    -15.38006363 
 282.8,    -15.42429249 
 282.9,    -15.46473702 
   283,     -15.5010589 
 283.1,    -15.53292806 
 283.2,    -15.56002643 
 283.3,    -15.58205179 
 283.4,     -15.5987216 
 283.5,    -15.60977678 
 283.6,    -15.61498544 
 283.7,    -15.61414618 
 283.8,    -15.60709122 
 283.9,    -15.59368882 
   284,    -15.57384527 
 284.1,    -15.54750639 
 284.2,    -15.51465808 
 284.3,    -15.47532636 
 284.4,    -15.42957658 
 284.5,    -15.37751215 
 284.6,    -15.31927245 
 284.7,    -15.25503022 
 284.8,    -15.18498865 
 284.9,     -15.1093778 
   285,    -15.02845108 
 285.1,    -14.94248137 
 285.2,     -14.8517571 
 285.3,    -14.75657855 
 285.4,    -14.65725394 
 285.5,    -14.55409618 
 285.6,    -14.44741933 
 285.7,     -14.3375359 
 285.8,    -14.22475401 
 285.9,    -14.10937521 
   286,    -13.99169251 
 286.1,    -13.87198868 
 286.2,    -13.75053498 
 286.3,    -13.62759023 
 286.4,    -13.50339995 
 286.5,    -13.37819589 
 286.6,    -13.25219578 
 286.7,    -13.12560334 
 286.8,    -12.99860814 
 286.9,      -12.871386 
   287,    -12.74409922 
 287.1,      -12.616897 
 287.2,    -12.48991592 
 287.3,    -12.36328052 
 287.4,    -12.23710375 
 287.5,     -12.1114877 
 287.6,    -11.98652407 
 287.7,    -11.86229485 
 287.8,    -11.73887286 
 287.9,    -11.61632242 
   288,    -11.49469981 
 288.1,    -11.37405391 
 288.2,     -11.2544267 
 288.3,    -11.13585373 
 288.4,    -11.01836465 
 288.5,    -10.90198366 
 288.6,    -10.78672993 
 288.7,    -10.67261797 
 288.8,    -10.55965808 
 288.9,    -10.44785667 
   289,    -10.33721658 
 289.1,    -10.22773744 
 289.2,    -10.11941593 
 289.3,    -10.01224603 
 289.4,    -9.906219318 
 289.5,      -9.8013252 
 289.6,    -9.697551128 
 289.7,    -9.594882732 
 289.8,    -9.493304187 
 289.9,    -9.392798178 
   290,    -9.293346217 
 290.1,    -9.194928746 
 290.2,    -9.097525272 
 290.3,    -9.001114495 
 290.4,    -8.905674493 
 290.5,    -8.811182746 
 290.6,    -8.717616304 
 290.7,     -8.62495188 
 290.8,    -8.533165967 
 290.9,    -8.442234831 
   291,    -8.352134721 
 291.1,    -8.262841849 
 291.2,    -8.174332522 
 291.3,    -8.086583148 
 291.4,     -7.99957037 
 291.5,     -7.91327107 
 291.6,    -7.827662441 
 291.7,    -7.742722036 
 291.8,    -7.658427811 
 291.9,    -7.574758181 
   292,    -7.491692036 
 292.1,    -7.409208814 
 292.2,     -7.32728847 
 292.3,    -7.245911587 
 292.4,    -7.165059358 
 292.5,     -7.08471359 
 292.6,     -7.00485677 
 292.7,    -6.925472056 
 292.8,    -6.846543325 
 292.9,    -6.768055138 
   293,    -6.689992789 
 293.1,    -6.612342307 
 293.2,    -6.535090446 
 293.3,    -6.458224721 
 293.4,    -6.381733368 
 293.5,    -6.305605386 
 293.6,    -6.229830508 
 293.7,    -6.154399211 
 293.8,    -6.079302681 
 293.9,    -6.004532854 
   294,    -5.930082377 
 294.1,    -5.855944577 
 294.2,    -5.782113499 
 294.3,    -5.708583829 
 294.4,    -5.635350956 
 294.5,    -5.562410851 
 294.6,    -5.489760165 
 294.7,    -5.417396112 
 294.8,      -5.3453165 
 294.9,    -5.273519689 
   295,    -5.202004579 
 295.1,    -5.130770581 
 295.2,    -5.059817587 
 295.3,    -4.989145958 
 295.4,    -4.918756483 
 295.5,     -4.84865036 
 295.6,    -4.778829168 
 295.7,     -4.70929486 
 295.8,    -4.640049685 
 295.9,     -4.57109621 
   296,    -4.502437285 
 296.1,     -4.43407599 
 296.2,    -4.366015628 
 296.3,    -4.298259707 
 296.4,    -4.230811876 
 296.5,    -4.163675945 
 296.6,    -4.096855824 
 296.7,    -4.030355528 
 296.8,    -3.964179109 
 296.9,    -3.898330677 
   297,    -3.832814344 
 297.1,    -3.767634214 
 297.2,    -3.702794359 
 297.3,    -3.638298796 
 297.4,     -3.57415146 
 297.5,    -3.510356188 
 297.6,    -3.446916701 
 297.7,    -3.383836564 
 297.8,    -3.321119215 
 297.9,    -3.258767889 
   298,    -3.196785623 
 298.1,    -3.135175252 
 298.2,    -3.073939382 
 298.3,    -3.013080369 
 298.4,    -2.952600313 
 298.5,    -2.892501037 
 298.6,    -2.832784061 
 298.7,    -2.773450632 
 298.8,    -2.714501657 
 298.9,     -2.65593772 
   299,    -2.597759086 
 299.1,    -2.539965636 
 299.2,    -2.482556925 
 299.3,    -2.425532114 
 299.4,    -2.368890005 
 299.5,    -2.312629003 
 299.6,    -2.256747104 
 299.7,    -2.201241931 
 299.8,    -2.146110671 
 299.9,    -2.091350109 
   300,    -2.036956606 
 300.1,    -1.982926081 
 300.2,    -1.929254035 
 300.3,    -1.875935532 
 300.4,    -1.822965185 
 300.5,    -1.770337157 
 300.6,    -1.718045181 
 300.7,    -1.666082517 
 300.8,    -1.614441987 
 300.9,    -1.563115944 
   301,    -1.512096304 
 301.1,    -1.461374498 
 301.2,    -1.410941527 
 301.3,    -1.360787919 
 301.4,     -1.31090375 
 301.5,    -1.261278634 
 301.6,     -1.21190175 
 301.7,     -1.16276181 
 301.8,    -1.113847085 
 301.9,    -1.065145403 
   302,    -1.016644157 
 302.1,   -0.9683303072 
 302.2,   -0.9201903785 
 302.3,    -0.872210502 
 302.4,    -0.824376357 
 302.5,   -0.7766732516 
 302.6,   -0.7290860874 
 302.7,   -0.6815993845 
 302.8,   -0.6341972919 
 302.9,   -0.5868635882 
   303,   -0.5395817147 
 303.1,   -0.4923347761 
 303.2,    -0.445105549 
 303.3,   -0.3978765232 
 303.4,   -0.3506298865 
 303.5,   -0.3033475602 
 303.6,   -0.2560112252 
 303.7,    -0.208602317 
 303.8,   -0.1611020813 
 303.9,   -0.1134915529 
   304,  -0.06575162688 
 304.1,  -0.01786304372 
 304.2,   0.03019356345 
 304.3,   0.07843766012 
 304.4,     0.126888754 
 304.5,    0.1755664079 
 304.6,    0.2244901648 
 304.7,    0.2736795623 
 304.8,    0.3231540716 
 304.9,    0.3729330734 
   305,    0.4230358338 
 305.1,     0.473481457 
 305.2,    0.5242888695 
 305.3,    0.5754767725 
 305.4,    0.6270636059 
 305.5,    0.6790675286 
 305.6,    0.7315063791 
 305.7,    0.7843976234 
 305.8,    0.8377583402 
 305.9,    0.8916051876 
   306,    0.9459543462 
 306.1,     1.000821517 
 306.2,     1.056221858 
 306.3,     1.112169974 
 306.4,     1.168679873 
 306.5,     1.225764939 
 306.6,     1.283437905 
 306.7,     1.341710815 
 306.8,      1.40059501 
 306.9,     1.460101098 
   307,      1.52023892 
 307.1,     1.581017543 
 307.2,     1.642445221 
 307.3,     1.704529403 
 307.4,     1.767276694 
 307.5,     1.830692843 
 307.6,     1.894782733 
 307.7,     1.959550386 
 307.8,     2.024998927 
 307.9,     2.091130595 
   308,     2.157946744 
 308.1,     2.225447824 
 308.2,     2.293633403 
 308.3,     2.362502154 
 308.4,     2.432051866 
 308.5,     2.502279461 
 308.6,      2.57318098 
 308.7,     2.644751629 
 308.8,     2.716985761 
 308.9,     2.789876917 
   309,     2.863417826 
 309.1,     2.937600433 
 309.2,     3.012415927 
 309.3,     3.087854749 
 309.4,     3.163906632 
 309.5,     3.240560609 
 309.6,     3.317805068 
 309.7,     3.395627748 
 309.8,     3.474015792 
 309.9,      3.55295576 
   310,     3.632433679 
 310.1,     3.712435055 
 310.2,     3.792944918 
 310.3,     3.873947846 
 310.4,     3.955427999 
 310.5,     4.037369153 
 310.6,     4.119754735 
 310.7,      4.20256784 
 310.8,      4.28579129 
 310.9,     4.369407632 
   311,     4.453399198 
 311.1,     4.537748117 
 311.2,     4.622436347 
 311.3,     4.707445712 
 311.4,     4.792757922 
 311.5,     4.878354606 
 311.6,     4.964217335 
 311.7,      5.05032764 
 311.8,     5.136667051 
 311.9,     5.223217117 
   312,     5.309959417 
 312.1,     5.396875588 
 312.2,     5.483947353 
 312.3,     5.571156532 
 312.4,     5.658485055 
 312.5,     5.745914992 
 312.6,     5.833428561 
 312.7,     5.921008147 
 312.8,     6.008636303 
 312.9,     6.096295786 
   313,     6.183969548 
 313.1,     6.271640757 
 313.2,     6.359292805 
 313.3,     6.446909319 
 313.4,     6.534474163 
 313.5,     6.621971449 
 313.6,     6.709385549 
 313.7,     6.796701093 
 313.8,     6.883902976 
 313.9,     6.970976357 
   314,     7.057906681 
 314.1,     7.144679654 
 314.2,     7.231281274 
 314.3,     7.317697809 
 314.4,      7.40391581 
 314.5,     7.489922111 
 314.6,     7.575703827 
 314.7,     7.661248351 
 314.8,     7.746543364 
 314.9,     7.831576817 
   315,     7.916336942 
 315.1,     8.000812249 
 315.2,     8.084991518 
 315.3,     8.168863801 
 315.4,     8.252418417 
 315.5,     8.335644952 
 315.6,     8.418533253 
 315.7,     8.501073424 
 315.8,     8.583255826 
 315.9,     8.665071071 
   316,     8.746510015 
 316.1,     8.827563761 
 316.2,     8.908223652 
 316.3,     8.988481261 
 316.4,     9.068328396 
 316.5,     9.147757091 
 316.6,       9.2267596 
 316.7,       9.3053284 
 316.8,     9.383456176 
 316.9,     9.461135825 
   317,     9.538360448 
 317.1,     9.615123346 
 317.2,     9.691418018 
 317.3,     9.767238152 
 317.4,     9.842577627 
 317.5,     9.917430501 
 317.6,     9.991791014 
 317.7,     10.06565358 
 317.8,     10.13901278 
 317.9,     10.21186337 
   318,     10.28420026 
 318.1,     10.35601851 
 318.2,     10.42731337 
 318.3,     10.49808021 
 318.4,     10.56831454 
 318.5,     10.63801204 
 318.6,     10.70716851 
 318.7,      10.7757799 
 318.8,     10.84384228 
 318.9,     10.91135186 
   319,     10.97830497 
 319.1,     11.04469806 
 319.2,      11.1105277 
 319.3,     11.17579058 
 319.4,      11.2404835 
 319.5,     11.30460338 
 319.6,     11.36814724 
 319.7,     11.43111219 
 319.8,     11.49349546 
 319.9,     11.55529438 
   320,     11.61650636 
 320.1,     11.67712892 
 320.2,     11.73715966 
 320.3,     11.79659627 
 320.4,     11.85543654 
 320.5,     11.91367832 
 320.6,     11.97131956 
 320.7,     12.02835828 
 320.8,     12.08479259 
 320.9,     12.14062065 
   321,     12.19584072 
 321.1,     12.25045111 
 321.2,     12.30445022 
 321.3,     12.35783648 
 321.4,     12.41060843 
 321.5,     12.46276466 
 321.6,     12.51430379 
 321.7,     12.56522453 
 321.8,     12.61552566 
 321.9,     12.66520598 
   322,     12.71426436 
 322.1,     12.76269974 
 322.2,     12.81051109 
 322.3,     12.85769743 
 322.4,     12.90425785 
 322.5,     12.95019145 
 322.6,     12.99549742 
 322.7,     13.04017497 
 322.8,     13.08422334 
 322.9,     13.12764183 
   323,     13.17042978 
 323.1,     13.21258657 
 323.2,      13.2541116 
 323.3,     13.29500432 
 323.4,     13.33526422 
 323.5,     13.37489081 
 323.6,     13.41388364 
 323.7,     13.45224229 
 323.8,     13.48996636 
 323.9,      13.5270555 
   324,     13.56350937 
 324.1,     13.59932767 
 324.2,      13.6345101 
 324.3,     13.66905642 
 324.4,     13.70296638 
 324.5,     13.73623977 
 324.6,     13.76887639 
 324.7,     13.80087608 
 324.8,     13.83223867 
 324.9,     13.86296402 
   325,     13.89305202 
 325.1,     13.92250254 
 325.2,     13.95131551 
 325.3,     13.97949083 
 325.4,     14.00702843 
 325.5,     14.03392825 
 325.6,     14.06019025 
 325.7,     14.08581437 
 325.8,     14.11080058 
 325.9,     14.13514885 
   326,     14.15885915 
 326.1,     14.18193145 
 326.2,     14.20436574 
 326.3,     14.22616199 
 326.4,     14.24732019 
 326.5,     14.26784029 
 326.6,     14.28772229 
 326.7,     14.30696614 
 326.8,     14.32557182 
 326.9,     14.34353927 
   327,     14.36086845 
 327.1,     14.37755929 
 327.2,     14.39361173 
 327.3,     14.40902567 
 327.4,     14.42380102 
 327.5,     14.43793766 
 327.6,     14.45143547 
 327.7,      14.4642943 
 327.8,     14.47651398 
 327.9,     14.48809432 
   328,     14.49903512 
 328.1,     14.50933613 
 328.2,     14.51899709 
 328.3,     14.52801773 
 328.4,     14.53639772 
 328.5,     14.54413672 
 328.6,     14.55123435 
 328.7,      14.5576902 
 328.8,     14.56350381 
 328.9,     14.56867472 
   329,     14.57320239 
 329.1,     14.57708625 
 329.2,     14.58032572 
 329.3,     14.58292012 
 329.4,     14.58486877 
 329.5,     14.58617093 
 329.6,     14.58682579 
 329.7,     14.58683251 
 329.8,      14.5861902 
 329.9,     14.58489789 
   330,     14.58295457 
 330.1,     14.58035918 
 330.2,     14.57711056 
 330.3,     14.57320753 
 330.4,     14.56864882 
 330.5,     14.56343308 
 330.6,     14.55755893 
 330.7,     14.55102488 
 330.8,     14.54382937 
 330.9,     14.53597078 
   331,      14.5274474 
 331.1,     14.51825743 
 331.2,       14.508399 
 331.3,     14.49787014 
 331.4,      14.4866688 
 331.5,     14.47479284 
 331.6,     14.46224002 
 331.7,     14.44900799 
 331.8,     14.43509433 
 331.9,      14.4204965 
   332,     14.40521185 
 332.1,     14.38923763 
 332.2,     14.37257098 
 332.3,     14.35520894 
 332.4,      14.3371484 
 332.5,     14.31838616 
 332.6,      14.2989189 
 332.7,     14.27874315 
 332.8,     14.25785534 
 332.9,     14.23625174 
   333,     14.21392853 
 333.1,      14.1908817 
 333.2,     14.16710715 
 333.3,      14.1426006 
 333.4,     14.11735765 
 333.5,     14.09137372 
 333.6,     14.06464411 
 333.7,     14.03716394 
 333.8,     14.00892819 
 333.9,     13.97993165 
   334,     13.95016897 
 334.1,     13.91963461 
 334.2,     13.88832286 
 334.3,     13.85622784 
 334.4,     13.82334349 
 334.5,     13.78966353 
 334.6,     13.75518154 
 334.7,     13.71989086 
 334.8,     13.68378467 
 334.9,     13.64685591 
   335,     13.60909735 
 335.1,     13.57050151 
 335.2,     13.53106072 
 335.3,     13.49076707 
 335.4,     13.44961245 
 335.5,     13.40758848 
 335.6,     13.36468658 
 335.7,     13.32089791 
 335.8,     13.27621337 
 335.9,     13.23062363 
   336,      13.1841191 
 336.1,     13.13668989 
 336.2,     13.08832589 
 336.3,     13.03901667 
 336.4,     12.98875153 
 336.5,     12.93751948 
 336.6,     12.88530924 
 336.7,      12.8321092 
 336.8,     12.77790747 
 336.9,     12.72269179 
   337,     12.66644963 
 337.1,     12.60916807 
 337.2,     12.55083387 
 337.3,     12.49143342 
 337.4,     12.43095277 
 337.5,     12.36937756 
 337.6,     12.30669306 
 337.7,     12.24288415 
 337.8,     12.17793529 
 337.9,     12.11183052 
   338,     12.04455346 
 338.1,     11.97608727 
 338.2,     11.90641467 
 338.3,     11.83551789 
 338.4,     11.76337868 
 338.5,     11.68997828 
 338.6,     11.61529744 
 338.7,     11.53931635 
 338.8,     11.46201464 
 338.9,      11.3833714 
   339,     11.30336511 
 339.1,     11.22197363 
 339.2,     11.13917422 
 339.3,     11.05494347 
 339.4,     10.96925728 
 339.5,     10.88209087 
 339.6,     10.79341871 
 339.7,     10.70321455 
 339.8,     10.61145133 
 339.9,     10.51810118 
   340,     10.42313538 
 340.1,     10.32652435 
 340.2,     10.22823758 
 340.3,     10.12824361 
 340.4,        10.02651 
 340.5,     9.923003264 
 340.6,     9.817688844 
 340.7,     9.710531059 
 340.8,     9.601493055 
 340.9,     9.490536752 
   341,     9.377622788 
 341.1,     9.262710468 
 341.2,      9.14575769 
 341.3,     9.026720884 
 341.4,     8.905554947 
 341.5,     8.782213163 
 341.6,     8.656647121 
 341.7,     8.528806642 
 341.8,     8.398639677 
 341.9,      8.26609222 
   342,     8.131108201 
 342.1,     7.993629388 
 342.2,     7.853595257 
 342.3,     7.710942879 
 342.4,     7.565606788 
 342.5,     7.417518835 
 342.6,     7.266608047 
 342.7,     7.112800459 
 342.8,     6.956018943 
 342.9,     6.796183032 
   343,     6.633208713 
 343.1,     6.467008226 
 343.2,     6.297489823 
 343.3,      6.12455755 
 343.4,     5.948110964 
 343.5,     5.768044863 
 343.6,     5.584248992 
 343.7,     5.396607713 
 343.8,     5.204999665 
 343.9,     5.009297395 
   344,     4.809366955 
 344.1,     4.605067487 
 344.2,     4.396250753 
 344.3,     4.182760661 
 344.4,     3.964432734 
 344.5,     3.741093557 
 344.6,     3.512560187 
 344.7,     3.278639516 
 344.8,     3.039127619 
 344.9,     2.793809044 
   345,     2.542456104 
 345.1,     2.284828093 
 345.2,     2.020670563 
 345.3,     1.749714504 
 345.4,     1.471675641 
 345.5,     1.186253682 
 345.6,    0.8931317374 
 345.7,    0.5919758034 
 345.8,    0.2824344903 
 345.9,  -0.03586094625 
   346,   -0.3632961041 
 346.1,    -0.700272363 
 346.2,    -1.047204846 
 346.3,    -1.404519218 
 346.4,    -1.772646734 
 346.5,    -2.152016981 
 346.6,    -2.543047436 
 346.7,     -2.94612862 
 346.8,    -3.361603379 
 346.9,    -3.789738155 
   347,    -4.230683402 
 347.1,    -4.684419675 
 347.2,     -5.15068452 
 347.3,    -5.628874556 
 347.4,    -6.117915929 
 347.5,    -6.616095853 
 347.6,    -7.120849284 
 347.7,    -7.628498931 
 347.8,    -8.133956957 
 347.9,    -8.630416179 
   348,    -9.109091105 
 348.1,    -9.559113112 
 348.2,    -9.967730759 
 348.3,    -10.32098397 
 348.4,    -10.60496237 
 348.5,    -10.80758109 
 348.6,    -10.92053465 
 348.7,    -10.94085695 
 348.8,    -10.87152268 
 348.9,    -10.72085025 
   349,    -10.50094436 
 349.1,    -10.22574255 
 349.2,    -9.909237945 
 349.3,    -9.564218609 
 349.4,    -9.201591422 
 349.5,    -8.830180334 
 349.6,    -8.456830309 
 349.7,    -8.086666013 
 349.8,    -7.723400555 
 349.9,    -7.369633869 
   350,    -7.027112953 
 350.1,    -6.696945349 
 350.2,    -6.379767755 
 350.3,    -6.075875741 
 350.4,    -5.785321808 
 350.5,    -5.507988533 
 350.6,    -5.243642609 
 350.7,    -4.991974475 
 350.8,    -4.752627059 
 350.9,    -4.525216601 
   351,    -4.309347474 
 351.1,    -4.104622682 
 351.2,     -3.91065112 
 351.3,     -3.72705257 
 351.4,    -3.553460908 
 351.5,     -3.38952614 
 351.6,    -3.234915517 
 351.7,     -3.08931403 
 351.8,    -2.952424442 
 351.9,    -2.823967025 
   352,    -2.703679091 
 352.1,    -2.591314342 
 352.2,     -2.48664219 
 352.3,    -2.389446994 
 352.4,    -2.299527286 
 352.5,    -2.216695002 
 352.6,    -2.140774708 
 352.7,    -2.071602879 
 352.8,     -2.00902716 
 352.9,    -1.952905687 
   353,    -1.903106438 
 353.1,    -1.859506576 
 353.2,    -1.821991889 
 353.3,    -1.790456168 
 353.4,    -1.764800687 
 353.5,    -1.744933655 
 353.6,    -1.730769717 
 353.7,    -1.722229428 
 353.8,    -1.719238786 
 353.9,    -1.721728729 
   354,    -1.729634667 
 354.1,    -1.742895978 
 354.2,    -1.761455515 
 354.3,    -1.785259116 
 354.4,    -1.814255054 
 354.5,    -1.848393485 
 354.6,     -1.88762588 
 354.7,    -1.931904393 
 354.8,    -1.981181164 
 354.9,    -2.035407641 
   355,    -2.094533744 
 355.1,    -2.158507025 
 355.2,    -2.227271689 
 355.3,    -2.300767567 
 355.4,     -2.37892892 
 355.5,    -2.461683183 
 355.6,    -2.548949481 
 355.7,    -2.640637083 
 355.8,    -2.736643628 
 355.9,    -2.836853144 
   356,    -2.941133899 
 356.1,    -3.049336055 
 356.2,    -3.161288998 
 356.3,    -3.276798534 
 356.4,     -3.39564376 
 356.5,    -3.517573746 
 356.6,    -3.642303978 
 356.7,    -3.769512604 
 356.8,    -3.898836561 
 356.9,     -4.02986759 
   357,    -4.162148337 
 357.1,    -4.295168572 
 357.2,    -4.428361805 
 357.3,    -4.561102405 
 357.4,    -4.692703604 
 357.5,    -4.822416604 
 357.6,    -4.949431235 
 357.7,    -5.072878437 
 357.8,    -5.191835027 
 357.9,    -5.305331216 
   358,    -5.412360936 
 358.1,    -5.511895461 
 358.2,    -5.602900228 
 358.3,    -5.684354648 
 358.4,    -5.755274608 
 358.5,    -5.814736793 
 358.6,    -5.861903929 
 358.7,    -5.896049603 
 358.8,    -5.916581337 
 358.9,    -5.923060299 
   359,    -5.915216466 
 359.1,    -5.892958004 
 359.2,    -5.856374257 
 359.3,     -5.80573201 
 359.4,      -5.7414654 
 359.5,    -5.664160212 
 359.6,    -5.574533618 
 359.7,    -5.473410898 
 359.8,    -5.361700359 
 359.9,    -5.240368216 
   360,    -5.110414252 
