M4_HWBC_MS_AS_E30_F1.txt
NTNU&FFI
Method: IGA BEM CCBIE with 6336 elements (7772 degrees of freedom) and NURBS degree 4. Computational time for system assembly (4x6-core Xeon 2.67 GHz): 3.3666 hours.
0, 360
30
1000
3601
     0,     14.18813142 
   0.1,     14.18334032 
   0.2,      14.1778226 
   0.3,     14.17157493 
   0.4,     14.16459394 
   0.5,     14.15687623 
   0.6,     14.14841839 
   0.7,     14.13921694 
   0.8,     14.12926842 
   0.9,     14.11856929 
     1,     14.10711604 
   1.1,     14.09490508 
   1.2,     14.08193284 
   1.3,     14.06819571 
   1.4,     14.05369005 
   1.5,     14.03841221 
   1.6,     14.02235851 
   1.7,     14.00552529 
   1.8,     13.98790883 
   1.9,     13.96950542 
     2,     13.95031134 
   2.1,     13.93032285 
   2.2,     13.90953623 
   2.3,     13.88794773 
   2.4,     13.86555362 
   2.5,     13.84235015 
   2.6,     13.81833361 
   2.7,     13.79350028 
   2.8,     13.76784645 
   2.9,     13.74136843 
     3,     13.71406258 
   3.1,     13.68592525 
   3.2,     13.65695285 
   3.3,      13.6271418 
   3.4,     13.59648861 
   3.5,     13.56498978 
   3.6,     13.53264193 
   3.7,     13.49944169 
   3.8,      13.4653858 
   3.9,     13.43047105 
     4,     13.39469435 
   4.1,     13.35805268 
   4.2,     13.32054314 
   4.3,     13.28216294 
   4.4,     13.24290944 
   4.5,     13.20278012 
   4.6,     13.16177261 
   4.7,     13.11988474 
   4.8,     13.07711447 
   4.9,     13.03346002 
     5,     12.98891977 
   5.1,     12.94349235 
   5.2,     12.89717666 
   5.3,     12.84997184 
   5.4,     12.80187734 
   5.5,     12.75289292 
   5.6,     12.70301866 
   5.7,     12.65225503 
   5.8,     12.60060287 
   5.9,     12.54806345 
     6,     12.49463847 
   6.1,     12.44033015 
   6.2,     12.38514117 
   6.3,     12.32907481 
   6.4,     12.27213492 
   6.5,     12.21432597 
   6.6,     12.15565312 
   6.7,     12.09612225 
   6.8,     12.03573999 
   6.9,     11.97451381 
     7,     11.91245203 
   7.1,     11.84956392 
   7.2,     11.78585973 
   7.3,     11.72135075 
   7.4,      11.6560494 
   7.5,     11.58996929 
   7.6,     11.52312527 
   7.7,     11.45553356 
   7.8,     11.38721175 
   7.9,     11.31817897 
     8,     11.24845591 
   8.1,     11.17806494 
   8.2,     11.10703021 
   8.3,     11.03537773 
   8.4,     10.96313547 
   8.5,     10.89033348 
   8.6,     10.81700397 
   8.7,     10.74318146 
   8.8,     10.66890284 
   8.9,     10.59420752 
     9,     10.51913752 
   9.1,     10.44373759 
   9.2,     10.36805535 
   9.3,     10.29214133 
   9.4,     10.21604918 
   9.5,     10.13983569 
   9.6,     10.06356091 
   9.7,     9.987288291 
   9.8,     9.911084712 
   9.9,     9.835020593 
    10,     9.759169944 
  10.1,     9.683610424 
  10.2,     9.608423377 
  10.3,     9.533693842 
  10.4,     9.459510558 
  10.5,      9.38596593 
  10.6,     9.313155978 
  10.7,     9.241180254 
  10.8,     9.170141727 
  10.9,     9.100146633 
    11,     9.031304289 
  11.1,     8.963726863 
  11.2,     8.897529113 
  11.3,     8.832828066 
  11.4,     8.769742666 
  11.5,     8.708393369 
  11.6,     8.648901695 
  11.7,      8.59138973 
  11.8,     8.535979587 
  11.9,     8.482792827 
    12,     8.431949835 
  12.1,     8.383569163 
  12.2,      8.33776685 
  12.3,     8.294655707 
  12.4,     8.254344598 
  12.5,     8.216937702 
  12.6,     8.182533785 
  12.7,     8.151225475 
  12.8,     8.123098566 
  12.9,     8.098231345 
    13,     8.076693966 
  13.1,     8.058547873 
  13.2,     8.043845287 
  13.3,      8.03262876 
  13.4,     8.024930809 
  13.5,      8.02077364 
  13.6,     8.020168949 
  13.7,     8.023117834 
  13.8,     8.029610788 
  13.9,     8.039627795 
    14,     8.053138519 
  14.1,     8.070102584 
  14.2,     8.090469932 
  14.3,     8.114181274 
  14.4,     8.141168597 
  14.5,     8.171355738 
  14.6,     8.204659017 
  14.7,     8.240987899 
  14.8,     8.280245699 
  14.9,       8.3223303 
    15,     8.367134888 
  15.1,     8.414548682 
  15.2,     8.464457662 
  15.3,     8.516745279 
  15.4,      8.57129314 
  15.5,     8.627981666 
  15.6,     8.686690713 
  15.7,     8.747300159 
  15.8,      8.80969044 
  15.9,     8.873743053 
    16,     8.939341002 
  16.1,     9.006369207 
  16.2,      9.07471486 
  16.3,      9.14426774 
  16.4,     9.214920487 
  16.5,     9.286568822 
  16.6,     9.359111742 
  16.7,     9.432451669 
  16.8,     9.506494567 
  16.9,     9.581150022 
    17,     9.656331305 
  17.1,      9.73195539 
  17.2,     9.807942969 
  17.3,      9.88421843 
  17.4,     9.960709822 
  17.5,     10.03734881 
  17.6,      10.1140706 
  17.7,     10.19081386 
  17.8,     10.26752068 
  17.9,     10.34413639 
    18,     10.42060955 
  18.1,     10.49689178 
  18.2,      10.5729377 
  18.3,     10.64870476 
  18.4,      10.7241532 
  18.5,     10.79924588 
  18.6,     10.87394818 
  18.7,     10.94822791 
  18.8,     11.02205519 
  18.9,     11.09540231 
    19,     11.16824368 
  19.1,     11.24055568 
  19.2,     11.31231658 
  19.3,     11.38350645 
  19.4,     11.45410704 
  19.5,     11.52410173 
  19.6,     11.59347539 
  19.7,     11.66221435 
  19.8,      11.7303063 
  19.9,      11.7977402 
    20,      11.8645062 
  20.1,     11.93059564 
  20.2,     11.99600087 
  20.3,      12.0607153 
  20.4,     12.12473326 
  20.5,     12.18804999 
  20.6,     12.25066156 
  20.7,     12.31256484 
  20.8,     12.37375741 
  20.9,     12.43423757 
    21,     12.49400428 
  21.1,     12.55305709 
  21.2,     12.61139611 
  21.3,     12.66902203 
  21.4,     12.72593599 
  21.5,     12.78213963 
  21.6,     12.83763502 
  21.7,     12.89242463 
  21.8,     12.94651132 
  21.9,     12.99989832 
    22,     13.05258915 
  22.1,     13.10458768 
  22.2,     13.15589805 
  22.3,     13.20652466 
  22.4,     13.25647219 
  22.5,      13.3057455 
  22.6,     13.35434972 
  22.7,     13.40229013 
  22.8,     13.44957222 
  22.9,     13.49620164 
    23,     13.54218421 
  23.1,     13.58752586 
  23.2,     13.63223268 
  23.3,     13.67631089 
  23.4,     13.71976678 
  23.5,     13.76260678 
  23.6,      13.8048374 
  23.7,     13.84646521 
  23.8,     13.88749689 
  23.9,     13.92793916 
    24,     13.96779882 
  24.1,     14.00708271 
  24.2,     14.04579772 
  24.3,     14.08395078 
  24.4,     14.12154885 
  24.5,     14.15859893 
  24.6,     14.19510804 
  24.7,     14.23108321 
  24.8,      14.2665315 
  24.9,     14.30145997 
    25,      14.3358757 
  25.1,     14.36978574 
  25.2,     14.40319718 
  25.3,     14.43611708 
  25.4,     14.46855249 
  25.5,     14.50051047 
  25.6,     14.53199804 
  25.7,     14.56302222 
  25.8,     14.59359001 
  25.9,     14.62370838 
    26,     14.65338427 
  26.1,     14.68262461 
  26.2,     14.71143629 
  26.3,     14.73982617 
  26.4,     14.76780106 
  26.5,     14.79536777 
  26.6,     14.82253305 
  26.7,      14.8493036 
  26.8,     14.87568609 
  26.9,     14.90168715 
    27,     14.92731337 
  27.1,     14.95257128 
  27.2,     14.97746737 
  27.3,     15.00200807 
  27.4,     15.02619977 
  27.5,     15.05004881 
  27.6,     15.07356147 
  27.7,     15.09674397 
  27.8,     15.11960249 
  27.9,     15.14214312 
    28,     15.16437194 
  28.1,     15.18629492 
  28.2,     15.20791801 
  28.3,     15.22924706 
  28.4,      15.2502879 
  28.5,     15.27104625 
  28.6,     15.29152779 
  28.7,     15.31173814 
  28.8,     15.33168283 
  28.9,     15.35136734 
    29,     15.37079707 
  29.1,     15.38997737 
  29.2,     15.40891348 
  29.3,      15.4276106 
  29.4,     15.44607385 
  29.5,     15.46430828 
  29.6,     15.48231886 
  29.7,     15.50011047 
  29.8,     15.51768794 
  29.9,     15.53505602 
    30,     15.55221937 
  30.1,     15.56918258 
  30.2,     15.58595016 
  30.3,     15.60252654 
  30.4,     15.61891607 
  30.5,     15.63512302 
  30.6,     15.65115159 
  30.7,     15.66700589 
  30.8,     15.68268994 
  30.9,     15.69820769 
    31,     15.71356301 
  31.1,     15.72875967 
  31.2,     15.74380138 
  31.3,     15.75869176 
  31.4,     15.77343433 
  31.5,     15.78803255 
  31.6,     15.80248977 
  31.7,     15.81680929 
  31.8,     15.83099429 
  31.9,     15.84504789 
    32,     15.85897311 
  32.1,      15.8727729 
  32.2,     15.88645012 
  32.3,     15.90000753 
  32.4,     15.91344784 
  32.5,     15.92677363 
  32.6,     15.93998744 
  32.7,     15.95309171 
  32.8,     15.96608877 
  32.9,     15.97898091 
    33,      15.9917703 
  33.1,     16.00445905 
  33.2,     16.01704917 
  33.3,     16.02954262 
  33.4,     16.04194123 
  33.5,     16.05424678 
  33.6,     16.06646096 
  33.7,     16.07858539 
  33.8,     16.09062159 
  33.9,     16.10257101 
    34,     16.11443503 
  34.1,     16.12621495 
  34.2,     16.13791196 
  34.3,     16.14952723 
  34.4,     16.16106179 
  34.5,     16.17251666 
  34.6,     16.18389272 
  34.7,     16.19519083 
  34.8,     16.20641175 
  34.9,     16.21755617 
    35,     16.22862472 
  35.1,     16.23961793 
  35.2,     16.25053631 
  35.3,     16.26138025 
  35.4,     16.27215011 
  35.5,     16.28284616 
  35.6,     16.29346862 
  35.7,     16.30401765 
  35.8,     16.31449333 
  35.9,     16.32489568 
    36,     16.33522468 
  36.1,     16.34548022 
  36.2,     16.35566216 
  36.3,      16.3657703 
  36.4,     16.37580436 
  36.5,     16.38576403 
  36.6,     16.39564894 
  36.7,     16.40545867 
  36.8,     16.41519274 
  36.9,     16.42485064 
    37,      16.4344318 
  37.1,      16.4439356 
  37.2,     16.45336139 
  37.3,     16.46270846 
  37.4,     16.47197607 
  37.5,     16.48116345 
  37.6,     16.49026976 
  37.7,     16.49929415 
  37.8,     16.50823573 
  37.9,     16.51709356 
    38,     16.52586669 
  38.1,     16.53455412 
  38.2,     16.54315484 
  38.3,     16.55166779 
  38.4,     16.56009189 
  38.5,     16.56842606 
  38.6,     16.57666915 
  38.7,     16.58482003 
  38.8,     16.59287753 
  38.9,     16.60084047 
    39,     16.60870763 
  39.1,      16.6164778 
  39.2,     16.62414975 
  39.3,     16.63172223 
  39.4,     16.63919399 
  39.5,     16.64656376 
  39.6,     16.65383026 
  39.7,      16.6609922 
  39.8,     16.66804832 
  39.9,      16.6749973 
    40,     16.68183786 
  40.1,      16.6885687 
  40.2,     16.69518853 
  40.3,     16.70169605 
  40.4,     16.70808997 
  40.5,     16.71436902 
  40.6,      16.7205319 
  40.7,     16.72657736 
  40.8,     16.73250411 
  40.9,     16.73831091 
    41,     16.74399652 
  41.1,     16.74955971 
  41.2,     16.75499925 
  41.3,     16.76031395 
  41.4,     16.76550261 
  41.5,     16.77056408 
  41.6,     16.77549719 
  41.7,     16.78030082 
  41.8,     16.78497385 
  41.9,     16.78951519 
    42,     16.79392378 
  42.1,     16.79819858 
  42.2,     16.80233855 
  42.3,     16.80634271 
  42.4,      16.8102101 
  42.5,     16.81393976 
  42.6,     16.81753079 
  42.7,      16.8209823 
  42.8,     16.82429344 
  42.9,     16.82746338 
    43,     16.83049134 
  43.1,     16.83337655 
  43.2,     16.83611829 
  43.3,     16.83871587 
  43.4,     16.84116861 
  43.5,      16.8434759 
  43.6,     16.84563715 
  43.7,      16.8476518 
  43.8,     16.84951933 
  43.9,     16.85123926 
    44,     16.85281115 
  44.1,     16.85423459 
  44.2,     16.85550921 
  44.3,     16.85663467 
  44.4,     16.85761068 
  44.5,     16.85843699 
  44.6,     16.85911339 
  44.7,     16.85963968 
  44.8,     16.86001575 
  44.9,     16.86024148 
    45,     16.86031682 
  45.1,     16.86024175 
  45.2,     16.86001629 
  45.3,      16.8596405 
  45.4,     16.85911447 
  45.5,     16.85843835 
  45.6,      16.8576123 
  45.7,     16.85663656 
  45.8,     16.85551137 
  45.9,     16.85423702 
    46,     16.85281385 
  46.1,     16.85124222 
  46.2,     16.84952255 
  46.3,     16.84765528 
  46.4,      16.8456409 
  46.5,     16.84347991 
  46.6,     16.84117288 
  46.7,     16.83872039 
  46.8,     16.83612307 
  46.9,     16.83338158 
    47,     16.83049662 
  47.1,     16.82746891 
  47.2,     16.82429921 
  47.3,     16.82098832 
  47.4,     16.81753705 
  47.5,     16.81394626 
  47.6,     16.81021683 
  47.7,     16.80634968 
  47.8,     16.80234575 
  47.9,       16.798206 
    48,     16.79393144 
  48.1,     16.78952307 
  48.2,     16.78498194 
  48.3,     16.78030912 
  48.4,      16.7755057 
  48.5,      16.7705728 
  48.6,     16.76551153 
  48.7,     16.76032307 
  48.8,     16.75500856 
  48.9,     16.74956921 
    49,     16.74400621 
  49.1,     16.73832078 
  49.2,     16.73251415 
  49.3,     16.72658757 
  49.4,     16.72054228 
  49.5,     16.71437956 
  49.6,     16.70810067 
  49.7,     16.70170689 
  49.8,     16.69519951 
  49.9,     16.68857983 
    50,     16.68184912 
  50.1,     16.67500869 
  50.2,     16.66805982 
  50.3,     16.66100383 
  50.4,     16.65384199 
  50.5,     16.64657559 
  50.6,     16.63920592 
  50.7,     16.63173425 
  50.8,     16.62416185 
  50.9,     16.61648997 
    51,     16.60871986 
  51.1,     16.60085276 
  51.2,     16.59288988 
  51.3,     16.58483242 
  51.4,     16.57668158 
  51.5,     16.56843851 
  51.6,     16.56010437 
  51.7,     16.55168027 
  51.8,     16.54316732 
  51.9,      16.5345666 
    52,     16.52587915 
  52.1,     16.51710599 
  52.2,     16.50824812 
  52.3,      16.4993065 
  52.4,     16.49028206 
  52.5,     16.48117568 
  52.6,     16.47198824 
  52.7,     16.46272054 
  52.8,     16.45337337 
  52.9,     16.44394748 
    53,     16.43444356 
  53.1,     16.42486228 
  53.2,     16.41520424 
  53.3,     16.40547001 
  53.4,     16.39566012 
  53.5,     16.38577504 
  53.6,     16.37581518 
  53.7,     16.36578092 
  53.8,     16.35567258 
  53.9,     16.34549041 
    54,     16.33523463 
  54.1,     16.32490539 
  54.2,     16.31450277 
  54.3,     16.30402682 
  54.4,     16.29347751 
  54.5,     16.28285474 
  54.6,     16.27215837 
  54.7,     16.26138818 
  54.8,     16.25054389 
  54.9,     16.23962516 
    55,     16.22863157 
  55.1,     16.21756264 
  55.2,     16.20641781 
  55.3,     16.19519647 
  55.4,     16.18389792 
  55.5,      16.1725214 
  55.6,     16.16106607 
  55.7,     16.14953102 
  55.8,     16.13791525 
  55.9,     16.12621772 
    56,     16.11443727 
  56.1,     16.10257269 
  56.2,      16.0906227 
  56.3,     16.07858591 
  56.4,     16.06646087 
  56.5,     16.05424607 
  56.6,     16.04193987 
  56.7,      16.0295406 
  56.8,     16.01704648 
  56.9,     16.00445565 
    57,     15.99176618 
  57.1,     15.97897605 
  57.2,     15.96608316 
  57.3,     15.95308532 
  57.4,     15.93998026 
  57.5,     15.92676563 
  57.6,       15.913439 
  57.7,     15.89999784 
  57.8,     15.88643954 
  57.9,     15.87276143 
    58,     15.85896071 
  58.1,     15.84503455 
  58.2,     15.83097999 
  58.3,       15.816794 
  58.4,     15.80247348 
  58.5,     15.78801523 
  58.6,     15.77341596 
  58.7,     15.75867232 
  58.8,     15.74378085 
  58.9,     15.72873802 
    59,     15.71354021 
  59.1,     15.69818373 
  59.2,      15.6826648 
  59.3,     15.66697954 
  59.4,     15.65112401 
  59.5,     15.63509419 
  59.6,     15.61888596 
  59.7,     15.60249513 
  59.8,     15.58591743 
  59.9,      15.5691485 
    60,     15.55218392 
  60.1,     15.53501918 
  60.2,     15.51764969 
  60.3,     15.50007077 
  60.4,     15.48227769 
  60.5,     15.46426564 
  60.6,      15.4460297 
  60.7,     15.42756491 
  60.8,     15.40886623 
  60.9,     15.38992854 
    61,     15.37074665 
  61.1,     15.35131529 
  61.2,     15.33162913 
  61.3,     15.31168276 
  61.4,     15.29147072 
  61.5,     15.27098746 
  61.6,     15.25022737 
  61.7,     15.22918478 
  61.8,     15.20785394 
  61.9,     15.18622905 
    62,     15.16430424 
  62.1,     15.14207358 
  62.2,     15.11953107 
  62.3,     15.09667066 
  62.4,     15.07348625 
  62.5,     15.04997166 
  62.6,     15.02612067 
  62.7,       15.001927 
  62.8,      14.9773843 
  62.9,     14.95248621 
    63,     14.92722627 
  63.1,       14.901598 
  63.2,     14.87559488 
  63.3,      14.8492103 
  63.4,     14.82243765 
  63.5,     14.79527027 
  63.6,     14.76770142 
  63.7,     14.73972438 
  63.8,     14.71133234 
  63.9,     14.68251849 
    64,     14.65327596 
  64.1,     14.62359786 
  64.2,     14.59347728 
  64.3,     14.56290727 
  64.4,     14.53188085 
  64.5,     14.50039104 
  64.6,     14.46843081 
  64.7,     14.43599313 
  64.8,     14.40307097 
  64.9,     14.36965725 
    65,     14.33574493 
  65.1,     14.30132692 
  65.2,     14.26639616 
  65.3,     14.23094557 
  65.4,     14.19496811 
  65.5,     14.15845671 
  65.6,     14.12140434 
  65.7,     14.08380398 
  65.8,     14.04564864 
  65.9,     14.00693135 
    66,     13.96764519 
  66.1,     13.92778326 
  66.2,     13.88733874 
  66.3,     13.84630482 
  66.4,     13.80467477 
  66.5,     13.76244194 
  66.6,     13.71959975 
  66.7,     13.67614167 
  66.8,     13.63206131 
  66.9,     13.58735235 
    67,     13.54200858 
  67.1,     13.49602394 
  67.2,     13.44939246 
  67.3,     13.40210835 
  67.4,     13.35416595 
  67.5,     13.30555978 
  67.6,     13.25628455 
  67.7,     13.20633516 
  67.8,     13.15570672 
  67.9,     13.10439458 
    68,     13.05239433 
  68.1,     12.99970183 
  68.2,     12.94631323 
  68.3,       12.892225 
  68.4,     12.83743391 
  68.5,     12.78193711 
  68.6,     12.72573214 
  68.7,     12.66881693 
  68.8,     12.61118985 
  68.9,     12.55284974 
    69,     12.49379596 
  69.1,     12.43402836 
  69.2,     12.37354742 
  69.3,     12.31235417 
  69.4,     12.25045035 
  69.5,     12.18783835 
  69.6,     12.12452131 
  69.7,     12.06050318 
  69.8,     11.99578872 
  69.9,     11.93038361 
    70,     11.86429446 
  70.1,      11.7975289 
  70.2,     11.73009562 
  70.3,     11.66200447 
  70.4,     11.59326649 
  70.5,     11.52389402 
  70.6,     11.45390073 
  70.7,     11.38330175 
  70.8,     11.31211373 
  70.9,     11.24035491 
    71,     11.16804523 
  71.1,     11.09520645 
  71.2,     11.02186219 
  71.3,     10.94803805 
  71.4,     10.87376175 
  71.5,     10.79906319 
  71.6,     10.72397458 
  71.7,     10.64853053 
  71.8,      10.5727682 
  71.9,     10.49672738 
    72,     10.42045062 
  72.1,      10.3439833 
  72.2,     10.26737383 
  72.3,     10.19067367 
  72.4,     10.11393747 
  72.5,     10.03722319 
  72.6,     9.960592163 
  72.7,     9.884109183 
  72.8,     9.807842605 
  72.9,     9.731864389 
    73,     9.656250157 
  73.1,     9.581079227 
  73.2,      9.50643463 
  73.3,     9.432403106 
  73.4,      9.35907507 
  73.5,     9.286544563 
  73.6,     9.214909167 
  73.7,     9.144269882 
  73.8,     9.074730985 
  73.9,     9.006399832 
    74,     8.939386637 
  74.1,     8.873804198 
  74.2,     8.809767581 
  74.3,     8.747393766 
  74.4,     8.686801238 
  74.5,     8.628109538 
  74.6,     8.571438762 
  74.7,     8.516909024 
  74.8,      8.46463987 
  74.9,     8.414749657 
    75,     8.367354894 
  75.1,     8.322569557 
  75.2,     8.280504381 
  75.3,     8.241266129 
  75.4,     8.204956867 
  75.5,     8.171673226 
  75.6,     8.141505681 
  75.7,     8.114537857 
  75.8,     8.090845855 
  75.9,     8.070497628 
    76,     8.053552406 
  76.1,     8.040060184 
  76.2,     8.030061281 
  76.3,     8.023585974 
  76.4,     8.020654223 
  76.5,     8.021275482 
  76.6,     8.025448603 
  76.7,     8.033161841 
  76.8,     8.044392951 
  76.9,     8.059109374 
    77,     8.077268525 
  77.1,     8.098818153 
  77.2,     8.123696791 
  77.3,     8.151834263 
  77.4,     8.183152269 
  77.5,     8.217565006 
  77.6,     8.254979839 
  77.7,     8.295298004 
  77.8,     8.338415324 
  77.9,     8.384222947 
    78,     8.432608071 
  78.1,     8.483454677 
  78.2,     8.536644228 
  78.3,     8.592056364 
  78.4,     8.649569549 
  78.5,     8.709061697 
  78.6,     8.770410748 
  78.7,     8.833495216 
  78.8,     8.898194675 
  78.9,     8.964390213 
    79,     9.031964835 
  79.1,     9.100803818 
  79.2,     9.170795026 
  79.3,     9.241829174 
  79.4,     9.313800061 
  79.5,     9.386604748 
  79.6,     9.460143715 
  79.7,     9.534320971 
  79.8,     9.609044142 
  79.9,     9.684224518 
    80,     9.759777084 
  80.1,     9.835620526 
  80.2,     9.911677209 
  80.3,     9.987873145 
  80.4,     10.06413794 
  80.5,     10.14040473 
  80.6,     10.21661009 
  80.7,     10.29269399 
  80.8,     10.36859965 
  80.9,     10.44427345 
    81,     10.51966486 
  81.1,     10.59472629 
  81.2,     10.66941299 
  81.3,     10.74368296 
  81.4,      10.8174968 
  81.5,     10.89081762 
  81.6,     10.96361093 
  81.7,     11.03584452 
  81.8,     11.10748835 
  81.9,     11.17851446 
    82,     11.24889683 
  82.1,     11.31861134 
  82.2,     11.38763561 
  82.3,     11.45594896 
  82.4,     11.52353228 
  82.5,     11.59036795 
  82.6,     11.65643979 
  82.7,     11.72173292 
  82.8,     11.78623376 
  82.9,     11.84992988 
    83,        11.91281 
  83.1,     11.97486386 
  83.2,      12.0360822 
  83.3,      12.0964567 
  83.4,     12.15597989 
  83.5,     12.21464514 
  83.6,     12.27244658 
  83.7,     12.32937904 
  83.8,     12.38543805 
  83.9,     12.44061976 
    84,     12.49492091 
  84.1,     12.54833879 
  84.2,      12.6008712 
  84.3,     12.65251643 
  84.4,     12.70327322 
  84.5,     12.75314072 
  84.6,     12.80211847 
  84.7,     12.85020637 
  84.8,     12.89740467 
  84.9,     12.94371393 
    85,     12.98913499 
  85.1,     13.03366896 
  85.2,     13.07731721 
  85.3,     13.12008135 
  85.4,     13.16196318 
  85.5,     13.20296471 
  85.6,     13.24308814 
  85.7,     13.28233581 
  85.8,     13.32071025 
  85.9,      13.3582141 
    86,     13.39485016 
  86.1,     13.43062131 
  86.2,     13.46553057 
  86.3,     13.49958105 
  86.4,     13.53277593 
  86.5,      13.5651185 
  86.6,     13.59661209 
  86.7,     13.62726012 
  86.8,     13.65706606 
  86.9,     13.68603341 
    87,     13.71416575 
  87.1,     13.74146667 
  87.2,      13.7679398 
  87.3,      13.7935888 
  87.4,     13.81841736 
  87.5,     13.84242917 
  87.6,     13.86562796 
  87.7,     13.88801745 
  87.8,     13.90960137 
  87.9,     13.93038346 
    88,     13.95036746 
  88.1,      13.9695571 
  88.2,     13.98795611 
  88.3,     14.00556821 
  88.4,     14.02239712 
  88.5,     14.03844653 
  88.6,     14.05372014 
  88.7,      14.0682216 
  88.8,     14.08195456 
  88.9,     14.09492267 
    89,     14.10712953 
  89.1,     14.11857872 
  89.2,     14.12927381 
  89.3,     14.13921833 
  89.4,      14.1484158 
  89.5,      14.1568697 
  89.6,     14.16458349 
  89.7,     14.17156058 
  89.8,     14.17780439 
  89.9,     14.18331826 
    90,     14.18810554 
  90.1,     14.19216953 
  90.2,     14.19551348 
  90.3,     14.19814065 
  90.4,     14.20005422 
  90.5,     14.20125737 
  90.6,     14.20175322 
  90.7,     14.20154487 
  90.8,     14.20063538 
  90.9,     14.19902778 
    91,     14.19672504 
  91.1,     14.19373013 
  91.2,     14.19004596 
  91.3,     14.18567539 
  91.4,     14.18062127 
  91.5,     14.17488641 
  91.6,     14.16847356 
  91.7,     14.16138545 
  91.8,     14.15362477 
  91.9,     14.14519416 
    92,     14.13609623 
  92.1,     14.12633356 
  92.2,     14.11590868 
  92.3,     14.10482407 
  92.4,     14.09308219 
  92.5,     14.08068546 
  92.6,     14.06763625 
  92.7,      14.0539369 
  92.8,     14.03958968 
  92.9,     14.02459688 
    93,     14.00896068 
  93.1,     13.99268328 
  93.2,      13.9757668 
  93.3,     13.95821333 
  93.4,     13.94002493 
  93.5,     13.92120361 
  93.6,     13.90175134 
  93.7,     13.88167004 
  93.8,      13.8609616 
  93.9,     13.83962787 
    94,     13.81767065 
  94.1,      13.7950917 
  94.2,     13.77189273 
  94.3,     13.74807543 
  94.4,     13.72364143 
  94.5,     13.69859232 
  94.6,     13.67292963 
  94.7,     13.64665489 
  94.8,     13.61976954 
  94.9,       13.592275 
    95,     13.56417264 
  95.1,     13.53546379 
  95.2,     13.50614972 
  95.3,     13.47623168 
  95.4,     13.44571085 
  95.5,     13.41458838 
  95.6,     13.38286535 
  95.7,     13.35054283 
  95.8,     13.31762181 
  95.9,     13.28410325 
    96,     13.24998805 
  96.1,     13.21527708 
  96.2,     13.17997113 
  96.3,     13.14407098 
  96.4,     13.10757733 
  96.5,     13.07049083 
  96.6,     13.03281211 
  96.7,      12.9945417 
  96.8,     12.95568012 
  96.9,     12.91622781 
    97,     12.87618518 
  97.1,     12.83555256 
  97.2,     12.79433025 
  97.3,     12.75251848 
  97.4,     12.71011743 
  97.5,     12.66712721 
  97.6,     12.62354789 
  97.7,     12.57937948 
  97.8,     12.53462192 
  97.9,      12.4892751 
    98,     12.44333884 
  98.1,     12.39681292 
  98.2,     12.34969703 
  98.3,     12.30199081 
  98.4,     12.25369385 
  98.5,     12.20480564 
  98.6,     12.15532564 
  98.7,     12.10525323 
  98.8,     12.05458771 
  98.9,     12.00332834 
    99,     11.95147427 
  99.1,     11.89902463 
  99.2,     11.84597842 
  99.3,     11.79233462 
  99.4,     11.73809211 
  99.5,     11.68324969 
  99.6,     11.62780609 
  99.7,     11.57175997 
  99.8,     11.51510991 
  99.9,     11.45785439 
   100,     11.39999182 
 100.1,     11.34152055 
 100.2,      11.2824388 
 100.3,     11.22274474 
 100.4,     11.16243644 
 100.5,     11.10151188 
 100.6,     11.03996895 
 100.7,     10.97780544 
 100.8,     10.91501907 
 100.9,     10.85160744 
   101,     10.78756806 
 101.1,     10.72289834 
 101.2,      10.6575956 
 101.3,     10.59165704 
 101.4,     10.52507975 
 101.5,     10.45786075 
 101.6,      10.3899969 
 101.7,       10.321485 
 101.8,     10.25232169 
 101.9,     10.18250352 
   102,     10.11202693 
 102.1,     10.04088821 
 102.2,     9.969083543 
 102.3,     9.896608997 
 102.4,     9.823460498 
 102.5,     9.749633844 
 102.6,       9.6751247 
 102.7,     9.599928595 
 102.8,     9.524040919 
 102.9,     9.447456918 
   103,     9.370171695 
 103.1,       9.2921802 
 103.2,     9.213477236 
 103.3,     9.134057447 
 103.4,      9.05391532 
 103.5,     8.973045179 
 103.6,     8.891441179 
 103.7,     8.809097309 
 103.8,     8.726007382 
 103.9,     8.642165031 
   104,     8.557563708 
 104.1,      8.47219668 
 104.2,     8.386057018 
 104.3,       8.2991376 
 104.4,     8.211431103 
 104.5,     8.122929996 
 104.6,     8.033626538 
 104.7,     7.943512773 
 104.8,      7.85258052 
 104.9,     7.760821371 
   105,     7.668226687 
 105.1,     7.574787586 
 105.2,     7.480494941 
 105.3,     7.385339372 
 105.4,     7.289311241 
 105.5,     7.192400642 
 105.6,     7.094597396 
 105.7,     6.995891043 
 105.8,     6.896270833 
 105.9,     6.795725721 
   106,     6.694244354 
 106.1,     6.591815067 
 106.2,     6.488425872 
 106.3,     6.384064447 
 106.4,     6.278718131 
 106.5,     6.172373909 
 106.6,     6.065018405 
 106.7,      5.95663787 
 106.8,      5.84721817 
 106.9,     5.736744779 
   107,     5.625202761 
 107.1,     5.512576761 
 107.2,     5.398850993 
 107.3,     5.284009225 
 107.4,     5.168034766 
 107.5,     5.050910453 
 107.6,     4.932618634 
 107.7,     4.813141155 
 107.8,     4.692459343 
 107.9,     4.570553991 
   108,     4.447405341 
 108.1,     4.322993066 
 108.2,     4.197296252 
 108.3,     4.070293382 
 108.4,     3.941962314 
 108.5,     3.812280265 
 108.6,     3.681223786 
 108.7,     3.548768747 
 108.8,     3.414890313 
 108.9,      3.27956292 
   109,      3.14276026 
 109.1,     3.004455251 
 109.2,     2.864620018 
 109.3,      2.72322587 
 109.4,     2.580243275 
 109.5,     2.435641834 
 109.6,     2.289390265 
 109.7,     2.141456371 
 109.8,     1.991807019 
 109.9,      1.84040812 
   110,     1.687224603 
 110.1,     1.532220393 
 110.2,     1.375358396 
 110.3,     1.216600471 
 110.4,     1.055907421 
 110.5,    0.8932389751 
 110.6,    0.7285537764 
 110.7,    0.5618093756 
 110.8,    0.3929622269 
 110.9,    0.2219676902 
   111,   0.04878004002 
 111.1,   -0.1266475191 
 111.2,    -0.304362826 
 111.3,   -0.4844147271 
 111.4,   -0.6668530266 
 111.5,   -0.8517284216 
 111.6,     -1.03909242 
 111.7,    -1.228997235 
 111.8,    -1.421495658 
 111.9,    -1.616640901 
   112,      -1.8144864 
 112.1,    -2.015085589 
 112.2,    -2.218491617 
 112.3,    -2.424757013 
 112.4,    -2.633933293 
 112.5,    -2.846070484 
 112.6,    -3.061216564 
 112.7,    -3.279416807 
 112.8,    -3.500712998 
 112.9,    -3.725142523 
   113,    -3.952737294 
 113.1,    -4.183522489 
 113.2,    -4.417515083 
 113.3,    -4.654722134 
 113.4,    -4.895138777 
 113.5,    -5.138745907 
 113.6,    -5.385507484 
 113.7,    -5.635367414 
 113.8,    -5.888245966 
 113.9,    -6.144035646 
   114,    -6.402596482 
 114.1,    -6.663750671 
 114.2,    -6.927276513 
 114.3,    -7.192901622 
 114.4,    -7.460295375 
 114.5,    -7.729060621 
 114.6,    -7.998724714 
 114.7,    -8.268729988 
 114.8,    -8.538423894 
 114.9,    -8.807049133 
   115,    -9.073734255 
 115.1,    -9.337485378 
 115.2,    -9.597179874 
 115.3,    -9.851563076 
 115.4,    -10.09924926 
 115.5,    -10.33872828 
 115.6,    -10.56837934 
 115.7,    -10.78649318 
 115.8,    -10.99130369 
 115.9,    -11.18102934 
   116,    -11.35392393 
 116.1,    -11.50833496 
 116.2,    -11.64276666 
 116.3,    -11.75594364 
 116.4,    -11.84686998 
 116.5,    -11.91487851 
 116.6,     -11.9596654 
 116.7,    -11.98130629 
 116.8,    -11.98025232 
 116.9,    -11.95730646 
   117,    -11.91358261 
 117.1,    -11.85045192 
 117.2,    -11.76948118 
 117.3,    -11.67236897 
 117.4,     -11.5608839 
 117.5,    -11.43680905 
 117.6,    -11.30189465 
 117.7,    -11.15782055 
 117.8,    -11.00616838 
 117.9,    -10.84840272 
   118,    -10.68586041 
 118.1,    -10.51974621 
 118.2,    -10.35113369 
 118.3,    -10.18096982 
 118.4,    -10.01008219 
 118.5,    -9.839187817 
 118.6,    -9.668902776 
 118.7,    -9.499752126 
 118.8,    -9.332179669 
 118.9,    -9.166557276 
   119,    -9.003193598 
 119.1,    -8.842342073 
 119.2,    -8.684208171 
 119.3,    -8.528955905 
 119.4,      -8.3767136 
 119.5,    -8.227578996 
 119.6,    -8.081623725 
 119.7,    -7.938897209 
 119.8,    -7.799430059 
 119.9,     -7.66323702 
   120,    -7.530319509 
 120.1,    -7.400667805 
 120.2,    -7.274262932 
 120.3,    -7.151078276 
 120.4,    -7.031080964 
 120.5,    -6.914233045 
 120.6,      -6.8004925 
 120.7,    -6.689814098 
 120.8,    -6.582150123 
 120.9,    -6.477450994 
   121,    -6.375665783 
 121.1,     -6.27674266 
 121.2,    -6.180629257 
 121.3,    -6.087272984 
 121.4,     -5.99662128 
 121.5,    -5.908621833 
 121.6,    -5.823222753 
 121.7,    -5.740372717 
 121.8,    -5.660021084 
 121.9,    -5.582117993 
   122,    -5.506614431 
 122.1,     -5.43346229 
 122.2,    -5.362614413 
 122.3,    -5.294024618 
 122.4,    -5.227647723 
 122.5,    -5.163439552 
 122.6,    -5.101356941 
 122.7,    -5.041357736 
 122.8,    -4.983400783 
 122.9,    -4.927445918 
   123,    -4.873453948 
 123.1,     -4.82138664 
 123.2,     -4.77120669 
 123.3,    -4.722877712 
 123.4,    -4.676364205 
 123.5,    -4.631631531 
 123.6,    -4.588645891 
 123.7,    -4.547374297 
 123.8,    -4.507784546 
 123.9,    -4.469845191 
   124,    -4.433525517 
 124.1,     -4.39879551 
 124.2,    -4.365625835 
 124.3,    -4.333987805 
 124.4,     -4.30385336 
 124.5,    -4.275195032 
 124.6,    -4.247985932 
 124.7,    -4.222199712 
 124.8,     -4.19781055 
 124.9,    -4.174793121 
   125,    -4.153122574 
 125.1,    -4.132774511 
 125.2,    -4.113724961 
 125.3,     -4.09595036 
 125.4,    -4.079427528 
 125.5,    -4.064133651 
 125.6,    -4.050046256 
 125.7,    -4.037143192 
 125.8,    -4.025402614 
 125.9,    -4.014802958 
   126,    -4.005322927 
 126.1,     -3.99694147 
 126.2,    -3.989637767 
 126.3,    -3.983391208 
 126.4,    -3.978181378 
 126.5,    -3.973988042 
 126.6,    -3.970791127 
 126.7,    -3.968570708 
 126.8,     -3.96730699 
 126.9,    -3.966980296 
   127,    -3.967571055 
 127.1,    -3.969059781 
 127.2,    -3.971427067 
 127.3,    -3.974653567 
 127.4,    -3.978719986 
 127.5,    -3.983607068 
 127.6,    -3.989295582 
 127.7,    -3.995766315 
 127.8,    -4.003000057 
 127.9,    -4.010977592 
   128,     -4.01967969 
 128.1,    -4.029087094 
 128.2,    -4.039180517 
 128.3,    -4.049940626 
 128.4,     -4.06134804 
 128.5,    -4.073383323 
 128.6,    -4.086026971 
 128.7,    -4.099259414 
 128.8,    -4.113061005 
 128.9,    -4.127412015 
   129,    -4.142292633 
 129.1,    -4.157682957 
 129.2,    -4.173562995 
 129.3,    -4.189912661 
 129.4,    -4.206711774 
 129.5,    -4.223940054 
 129.6,    -4.241577129 
 129.7,    -4.259602528 
 129.8,    -4.277995686 
 129.9,    -4.296735946 
   130,    -4.315802564 
 130.1,    -4.335174708 
 130.2,    -4.354831467 
 130.3,    -4.374751858 
 130.4,    -4.394914828 
 130.5,    -4.415299263 
 130.6,    -4.435884001 
 130.7,    -4.456647834 
 130.8,    -4.477569526 
 130.9,    -4.498627819 
   131,    -4.519801448 
 131.1,    -4.541069154 
 131.2,    -4.562409698 
 131.3,    -4.583801877 
 131.4,    -4.605224538 
 131.5,    -4.626656599 
 131.6,    -4.648077064 
 131.7,    -4.669465042 
 131.8,     -4.69079977 
 131.9,     -4.71206063 
   132,    -4.733227171 
 132.1,    -4.754279135 
 132.2,    -4.775196473 
 132.3,    -4.795959375 
 132.4,    -4.816548289 
 132.5,    -4.836943951 
 132.6,    -4.857127403 
 132.7,    -4.877080022 
 132.8,    -4.896783549 
 132.9,    -4.916220107 
   133,    -4.935372232 
 133.1,    -4.954222899 
 133.2,    -4.972755543 
 133.3,     -4.99095409 
 133.4,    -5.008802979 
 133.5,    -5.026287187 
 133.6,    -5.043392254 
 133.7,    -5.060104306 
 133.8,    -5.076410078 
 133.9,    -5.092296935 
   134,    -5.107752897 
 134.1,    -5.122766652 
 134.2,    -5.137327582 
 134.3,    -5.151425776 
 134.4,     -5.16505205 
 134.5,    -5.178197958 
 134.6,    -5.190855808 
 134.7,    -5.203018675 
 134.8,    -5.214680408 
 134.9,    -5.225835641 
   135,      -5.2364798 
 135.1,    -5.246609107 
 135.2,    -5.256220584 
 135.3,    -5.265312055 
 135.4,    -5.273882146 
 135.5,    -5.281930281 
 135.6,    -5.289456681 
 135.7,    -5.296462355 
 135.8,    -5.302949096 
 135.9,     -5.30891947 
   136,    -5.314376803 
 136.1,    -5.319325174 
 136.2,    -5.323769395 
 136.3,    -5.327714999 
 136.4,    -5.331168221 
 136.5,    -5.334135979 
 136.6,    -5.336625856 
 136.7,     -5.33864608 
 136.8,    -5.340205496 
 136.9,     -5.34131355 
   137,    -5.341980259 
 137.1,    -5.342216189 
 137.2,    -5.342032431 
 137.3,    -5.341440569 
 137.4,    -5.340452661 
 137.5,    -5.339081203 
 137.6,    -5.337339109 
 137.7,     -5.33523968 
 137.8,    -5.332796576 
 137.9,    -5.330023788 
   138,    -5.326935612 
 138.1,    -5.323546619 
 138.2,    -5.319871631 
 138.3,    -5.315925691 
 138.4,    -5.311724036 
 138.5,    -5.307282073 
 138.6,    -5.302615353 
 138.7,    -5.297739545 
 138.8,    -5.292670412 
 138.9,    -5.287423787 
   139,    -5.282015552 
 139.1,    -5.276461612 
 139.2,    -5.270777876 
 139.3,    -5.264980237 
 139.4,    -5.259084551 
 139.5,    -5.253106618 
 139.6,    -5.247062166 
 139.7,    -5.240966829 
 139.8,    -5.234836138 
 139.9,    -5.228685498 
   140,    -5.222530179 
 140.1,    -5.216385303 
 140.2,    -5.210265823 
 140.3,    -5.204186523 
 140.4,    -5.198161996 
 140.5,    -5.192206643 
 140.6,    -5.186334656 
 140.7,    -5.180560015 
 140.8,    -5.174896476 
 140.9,    -5.169357567 
   141,     -5.16395658 
 141.1,    -5.158706564 
 141.2,    -5.153620325 
 141.3,    -5.148710414 
 141.4,    -5.143989129 
 141.5,     -5.13946851 
 141.6,    -5.135160335 
 141.7,    -5.131076121 
 141.8,    -5.127227119 
 141.9,    -5.123624313 
   142,     -5.12027842 
 142.1,    -5.117199891 
 142.2,     -5.11439891 
 142.3,    -5.111885393 
 142.4,    -5.109668988 
 142.5,    -5.107759081 
 142.6,    -5.106164791 
 142.7,    -5.104894975 
 142.8,     -5.10395823 
 142.9,    -5.103362892 
   143,    -5.103117043 
 143.1,    -5.103228508 
 143.2,    -5.103704862 
 143.3,    -5.104553427 
 143.4,    -5.105781284 
 143.5,    -5.107395265 
 143.6,    -5.109401964 
 143.7,    -5.111807737 
 143.8,    -5.114618706 
 143.9,     -5.11784076 
   144,    -5.121479561 
 144.1,    -5.125540546 
 144.2,     -5.13002893 
 144.3,    -5.134949711 
 144.4,    -5.140307669 
 144.5,    -5.146107376 
 144.6,    -5.152353192 
 144.7,    -5.159049276 
 144.8,     -5.16619958 
 144.9,    -5.173807861 
   145,     -5.18187768 
 145.1,    -5.190412403 
 145.2,     -5.19941521 
 145.3,    -5.208889091 
 145.4,    -5.218836856 
 145.5,    -5.229261132 
 145.6,    -5.240164369 
 145.7,    -5.251548843 
 145.8,    -5.263416657 
 145.9,    -5.275769743 
   146,    -5.288609869 
 146.1,    -5.301938635 
 146.2,    -5.315757483 
 146.3,    -5.330067691 
 146.4,    -5.344870383 
 146.5,    -5.360166526 
 146.6,    -5.375956934 
 146.7,     -5.39224227 
 146.8,    -5.409023049 
 146.9,    -5.426299638 
   147,    -5.444072259 
 147.1,     -5.46234099 
 147.2,    -5.481105768 
 147.3,    -5.500366391 
 147.4,    -5.520122515 
 147.5,    -5.540373663 
 147.6,    -5.561119221 
 147.7,    -5.582358439 
 147.8,    -5.604090438 
 147.9,    -5.626314205 
   148,    -5.649028598 
 148.1,    -5.672232344 
 148.2,    -5.695924045 
 148.3,    -5.720102176 
 148.4,    -5.744765084 
 148.5,    -5.769910993 
 148.6,    -5.795538003 
 148.7,    -5.821644093 
 148.8,    -5.848227117 
 148.9,    -5.875284811 
   149,     -5.90281479 
 149.1,    -5.930814549 
 149.2,    -5.959281468 
 149.3,    -5.988212805 
 149.4,    -6.017605704 
 149.5,    -6.047457195 
 149.6,    -6.077764189 
 149.7,    -6.108523485 
 149.8,     -6.13973177 
 149.9,    -6.171385615 
   150,    -6.203481484 
 150.1,    -6.236015727 
 150.2,    -6.268984583 
 150.3,    -6.302384186 
 150.4,    -6.336210559 
 150.5,    -6.370459618 
 150.6,    -6.405127176 
 150.7,    -6.440208937 
 150.8,    -6.475700503 
 150.9,    -6.511597372 
   151,    -6.547894944 
 151.1,    -6.584588514 
 151.2,    -6.621673281 
 151.3,    -6.659144346 
 151.4,    -6.696996711 
 151.5,    -6.735225287 
 151.6,    -6.773824889 
 151.7,    -6.812790243 
 151.8,    -6.852115983 
 151.9,    -6.891796655 
   152,    -6.931826721 
 152.1,    -6.972200556 
 152.2,    -7.012912456 
 152.3,    -7.053956634 
 152.4,    -7.095327227 
 152.5,    -7.137018295 
 152.6,    -7.179023827 
 152.7,    -7.221337741 
 152.8,    -7.263953884 
 152.9,    -7.306866042 
   153,    -7.350067935 
 153.1,    -7.393553226 
 153.2,    -7.437315518 
 153.3,    -7.481348364 
 153.4,    -7.525645262 
 153.5,    -7.570199666 
 153.6,    -7.615004983 
 153.7,    -7.660054581 
 153.8,    -7.705341788 
 153.9,    -7.750859899 
   154,    -7.796602178 
 154.1,    -7.842561862 
 154.2,    -7.888732161 
 154.3,    -7.935106269 
 154.4,    -7.981677359 
 154.5,    -8.028438593 
 154.6,    -8.075383122 
 154.7,     -8.12250409 
 154.8,     -8.16979464 
 154.9,    -8.217247914 
   155,    -8.264857057 
 155.1,    -8.312615222 
 155.2,    -8.360515571 
 155.3,    -8.408551281 
 155.4,    -8.456715543 
 155.5,    -8.505001568 
 155.6,    -8.553402588 
 155.7,    -8.601911858 
 155.8,    -8.650522658 
 155.9,      -8.6992283 
   156,    -8.748022121 
 156.1,     -8.79689749 
 156.2,     -8.84584781 
 156.3,    -8.894866514 
 156.4,    -8.943947071 
 156.5,     -8.99308298 
 156.6,    -9.042267778 
 156.7,    -9.091495029 
 156.8,    -9.140758332 
 156.9,    -9.190051313 
   157,    -9.239367628 
 157.1,    -9.288700957 
 157.2,    -9.338044999 
 157.3,    -9.387393476 
 157.4,    -9.436740121 
 157.5,    -9.486078674 
 157.6,    -9.535402882 
 157.7,    -9.584706488 
 157.8,    -9.633983224 
 157.9,    -9.683226807 
   158,    -9.732430927 
 158.1,     -9.78158924 
 158.2,     -9.83069536 
 158.3,    -9.879742843 
 158.4,    -9.928725184 
 158.5,    -9.977635798 
 158.6,    -10.02646801 
 158.7,    -10.07521504 
 158.8,    -10.12386999 
 158.9,    -10.17242584 
   159,    -10.22087539 
 159.1,    -10.26921132 
 159.2,    -10.31742609 
 159.3,    -10.36551198 
 159.4,    -10.41346103 
 159.5,    -10.46126505 
 159.6,     -10.5089156 
 159.7,    -10.55640394 
 159.8,    -10.60372104 
 159.9,    -10.65085753 
   160,    -10.69780371 
 160.1,    -10.74454949 
 160.2,     -10.7910844 
 160.3,    -10.83739752 
 160.4,    -10.88347752 
 160.5,    -10.92931258 
 160.6,    -10.97489038 
 160.7,    -11.02019808 
 160.8,    -11.06522231 
 160.9,    -11.10994911 
   161,    -11.15436393 
 161.1,    -11.19845158 
 161.2,    -11.24219626 
 161.3,    -11.28558146 
 161.4,       -11.32859 
 161.5,    -11.37120399 
 161.6,    -11.41340477 
 161.7,    -11.45517297 
 161.8,    -11.49648842 
 161.9,    -11.53733016 
   162,    -11.57767642 
 162.1,    -11.61750464 
 162.2,    -11.65679141 
 162.3,    -11.69551249 
 162.4,    -11.73364281 
 162.5,    -11.77115645 
 162.6,    -11.80802666 
 162.7,    -11.84422585 
 162.8,    -11.87972562 
 162.9,    -11.91449676 
   163,    -11.94850926 
 163.1,    -11.98173236 
 163.2,    -12.01413454 
 163.3,     -12.0456836 
 163.4,    -12.07634666 
 163.5,    -12.10609022 
 163.6,     -12.1348802 
 163.7,    -12.16268202 
 163.8,    -12.18946064 
 163.9,    -12.21518063 
   164,    -12.23980625 
 164.1,    -12.26330152 
 164.2,    -12.28563033 
 164.3,    -12.30675651 
 164.4,    -12.32664393 
 164.5,    -12.34525659 
 164.6,    -12.36255879 
 164.7,    -12.37851515 
 164.8,    -12.39309081 
 164.9,    -12.40625148 
   165,    -12.41796364 
 165.1,     -12.4281946 
 165.2,    -12.43691267 
 165.3,    -12.44408726 
 165.4,    -12.44968903 
 165.5,    -12.45369003 
 165.6,    -12.45606378 
 165.7,    -12.45678547 
 165.8,    -12.45583199 
 165.9,    -12.45318214 
   166,    -12.44881668 
 166.1,    -12.44271845 
 166.2,    -12.43487249 
 166.3,    -12.42526611 
 166.4,    -12.41388896 
 166.5,    -12.40073316 
 166.6,    -12.38579328 
 166.7,    -12.36906646 
 166.8,    -12.35055242 
 166.9,    -12.33025349 
   167,    -12.30817464 
 167.1,    -12.28432347 
 167.2,    -12.25871019 
 167.3,    -12.23134764 
 167.4,    -12.20225122 
 167.5,    -12.17143887 
 167.6,    -12.13893101 
 167.7,    -12.10475047 
 167.8,     -12.0689224 
 167.9,    -12.03147421 
   168,    -11.99243549 
 168.1,    -11.95183785 
 168.2,    -11.90971486 
 168.3,    -11.86610193 
 168.4,    -11.82103618 
 168.5,    -11.77455631 
 168.6,    -11.72670249 
 168.7,    -11.67751622 
 168.8,    -11.62704019 
 168.9,    -11.57531817 
   169,    -11.52239488 
 169.1,    -11.46831581 
 169.2,    -11.41312717 
 169.3,    -11.35687571 
 169.4,     -11.2996086 
 169.5,    -11.24137333 
 169.6,    -11.18221761 
 169.7,     -11.1221892 
 169.8,    -11.06133588 
 169.9,     -10.9997053 
   170,     -10.9373449 
 170.1,    -10.87430183 
 170.2,    -10.81062286 
 170.3,    -10.74635431 
 170.4,    -10.68154196 
 170.5,    -10.61623103 
 170.6,    -10.55046606 
 170.7,    -10.48429093 
 170.8,    -10.41774872 
 170.9,    -10.35088178 
   171,    -10.28373159 
 171.1,    -10.21633881 
 171.2,    -10.14874319 
 171.3,    -10.08098358 
 171.4,    -10.01309792 
 171.5,    -9.945123208 
 171.6,    -9.877095496 
 171.7,    -9.809049885 
 171.8,    -9.741020517 
 171.9,    -9.673040585 
   172,    -9.605142326 
 172.1,    -9.537357032 
 172.2,    -9.469715057 
 172.3,    -9.402245822 
 172.4,    -9.334977837 
 172.5,    -9.267938702 
 172.6,    -9.201155134 
 172.7,    -9.134652972 
 172.8,    -9.068457206 
 172.9,    -9.002591984 
   173,     -8.93708064 
 173.1,    -8.871945711 
 173.2,    -8.807208956 
 173.3,    -8.742891379 
 173.4,    -8.679013251 
 173.5,    -8.615594129 
 173.6,    -8.552652882 
 173.7,    -8.490207709 
 173.8,    -8.428276162 
 173.9,    -8.366875169 
   174,    -8.306021057 
 174.1,    -8.245729569 
 174.2,    -8.186015889 
 174.3,    -8.126894664 
 174.4,    -8.068380021 
 174.5,    -8.010485591 
 174.6,    -7.953224528 
 174.7,    -7.896609527 
 174.8,    -7.840652848 
 174.9,    -7.785366329 
   175,     -7.73076141 
 175.1,    -7.676849146 
 175.2,    -7.623640231 
 175.3,    -7.571145008 
 175.4,    -7.519373492 
 175.5,    -7.468335382 
 175.6,     -7.41804008 
 175.7,    -7.368496705 
 175.8,    -7.319714107 
 175.9,    -7.271700884 
   176,    -7.224465395 
 176.1,    -7.178015772 
 176.2,    -7.132359937 
 176.3,    -7.087505612 
 176.4,    -7.043460332 
 176.5,     -7.00023146 
 176.6,    -6.957826193 
 176.7,    -6.916251579 
 176.8,    -6.875514526 
 176.9,    -6.835621812 
   177,    -6.796580097 
 177.1,    -6.758395931 
 177.2,    -6.721075766 
 177.3,    -6.684625964 
 177.4,    -6.649052806 
 177.5,    -6.614362504 
 177.6,    -6.580561206 
 177.7,    -6.547655003 
 177.8,    -6.515649944 
 177.9,    -6.484552038 
   178,    -6.454367264 
 178.1,    -6.425101577 
 178.2,    -6.396760918 
 178.3,    -6.369351217 
 178.4,    -6.342878406 
 178.5,    -6.317348418 
 178.6,    -6.292767202 
 178.7,    -6.269140721 
 178.8,    -6.246474967 
 178.9,    -6.224775959 
   179,    -6.204049754 
 179.1,    -6.184302452 
 179.2,    -6.165540201 
 179.3,    -6.147769204 
 179.4,    -6.130995722 
 179.5,    -6.115226083 
 179.6,    -6.100466685 
 179.7,    -6.086724001 
 179.8,    -6.074004587 
 179.9,    -6.062315085 
   180,    -6.051662229 
 180.1,    -6.042052847 
 180.2,    -6.033493874 
 180.3,    -6.025992348 
 180.4,    -6.019555419 
 180.5,    -6.014190356 
 180.6,    -6.009904549 
 180.7,    -6.006705514 
 180.8,      -6.0046009 
 180.9,    -6.003598491 
   181,    -6.003706215 
 181.1,    -6.004932144 
 181.2,    -6.007284503 
 181.3,    -6.010771674 
 181.4,    -6.015402199 
 181.5,    -6.021184786 
 181.6,    -6.028128317 
 181.7,    -6.036241848 
 181.8,    -6.045534618 
 181.9,    -6.056016051 
   182,    -6.067695766 
 182.1,    -6.080583575 
 182.2,    -6.094689495 
 182.3,    -6.110023749 
 182.4,    -6.126596775 
 182.5,    -6.144419227 
 182.6,    -6.163501982 
 182.7,    -6.183856149 
 182.8,    -6.205493069 
 182.9,    -6.228424323 
   183,    -6.252661738 
 183.1,    -6.278217391 
 183.2,    -6.305103619 
 183.3,    -6.333333016 
 183.4,    -6.362918447 
 183.5,    -6.393873049 
 183.6,    -6.426210239 
 183.7,    -6.459943717 
 183.8,    -6.495087475 
 183.9,    -6.531655796 
   184,    -6.569663269 
 184.1,    -6.609124784 
 184.2,    -6.650055544 
 184.3,    -6.692471069 
 184.4,    -6.736387196 
 184.5,     -6.78182009 
 184.6,    -6.828786245 
 184.7,    -6.877302484 
 184.8,     -6.92738597 
 184.9,    -6.979054206 
   185,    -7.032325032 
 185.1,    -7.087216636 
 185.2,    -7.143747548 
 185.3,    -7.201936645 
 185.4,    -7.261803146 
 185.5,    -7.323366613 
 185.6,     -7.38664695 
 185.7,    -7.451664393 
 185.8,    -7.518439511 
 185.9,    -7.586993193 
   186,    -7.657346642 
 186.1,    -7.729521361 
 186.2,    -7.803539141 
 186.3,    -7.879422044 
 186.4,    -7.957192378 
 186.5,    -8.036872683 
 186.6,    -8.118485692 
 186.7,    -8.202054308 
 186.8,    -8.287601562 
 186.9,    -8.375150571 
   187,    -8.464724489 
 187.1,    -8.556346452 
 187.2,     -8.65003951 
 187.3,    -8.745826559 
 187.4,    -8.843730253 
 187.5,    -8.943772913 
 187.6,    -9.045976417 
 187.7,    -9.150362081 
 187.8,    -9.256950523 
 187.9,    -9.365761507 
   188,     -9.47681377 
 188.1,     -9.59012483 
 188.2,    -9.705710759 
 188.3,    -9.823585944 
 188.4,    -9.943762806 
 188.5,    -10.06625149 
 188.6,    -10.19105952 
 188.7,    -10.31819141 
 188.8,    -10.44764823 
 188.9,    -10.57942711 
   189,    -10.71352073 
 189.1,    -10.84991669 
 189.2,    -10.98859685 
 189.3,    -11.12953661 
 189.4,    -11.27270406 
 189.5,    -11.41805908 
 189.6,    -11.56555239 
 189.7,    -11.71512438 
 189.8,    -11.86670397 
 189.9,    -12.02020726 
   190,    -12.17553614 
 190.1,    -12.33257674 
 190.2,    -12.49119778 
 190.3,     -12.6512488 
 190.4,    -12.81255832 
 190.5,    -12.97493186 
 190.6,    -13.13814994 
 190.7,    -13.30196602 
 190.8,    -13.46610441 
 190.9,    -13.63025832 
   191,     -13.7940879 
 191.1,    -13.95721861 
 191.2,    -14.11923973 
 191.3,    -14.27970346 
 191.4,    -14.43812437 
 191.5,    -14.59397963 
 191.6,    -14.74671009 
 191.7,    -14.89572229 
 191.8,     -15.0403917 
 191.9,    -15.18006716 
   192,    -15.31407687 
 192.1,    -15.44173577 
 192.2,    -15.56235444 
 192.3,    -15.67524943 
 192.4,    -15.77975491 
 192.5,     -15.8752352 
 192.6,    -15.96109802 
 192.7,    -16.03680785 
 192.8,    -16.10189889 
 192.9,    -16.15598699 
   193,    -16.19878007 
 193.1,    -16.23008632 
 193.2,    -16.24981974 
 193.3,    -16.25800288 
 193.4,    -16.25476636 
 193.5,    -16.24034535 
 193.6,    -16.21507321 
 193.7,    -16.17937261 
 193.8,    -16.13374468 
 193.9,    -16.07875666 
   194,    -16.01502881 
 194.1,    -15.94322105 
 194.2,    -15.86401983 
 194.3,    -15.77812587 
 194.4,    -15.68624283 
 194.5,    -15.58906742 
 194.6,    -15.48728088 
 194.7,    -15.38154206 
 194.8,    -15.27248185 
 194.9,    -15.16069914 
   195,    -15.04675791 
 195.1,     -14.9311855 
 195.2,    -14.81447185 
 195.3,    -14.69706949 
 195.4,    -14.57939417 
 195.5,    -14.46182601 
 195.6,    -14.34471101 
 195.7,    -14.22836279 
 195.8,    -14.11306459 
 195.9,    -13.99907124 
   196,    -13.88661128 
 196.1,      -13.775889 
 196.2,    -13.66708647 
 196.3,    -13.56036543 
 196.4,    -13.45586921 
 196.5,    -13.35372441 
 196.6,    -13.25404254 
 196.7,    -13.15692156 
 196.8,    -13.06244724 
 196.9,     -12.9706945 
   197,    -12.88172853 
 197.1,    -12.79560592 
 197.2,    -12.71237561 
 197.3,    -12.63207982 
 197.4,    -12.55475481 
 197.5,    -12.48043164 
 197.6,    -12.40913684 
 197.7,    -12.34089299 
 197.8,    -12.27571927 
 197.9,    -12.21363194 
   198,    -12.15464479 
 198.1,     -12.0987695 
 198.2,    -12.04601603 
 198.3,    -11.99639294 
 198.4,    -11.94990766 
 198.5,    -11.90656674 
 198.6,    -11.86637611 
 198.7,    -11.82934131 
 198.8,     -11.7954676 
 198.9,    -11.76476024 
   199,    -11.73722457 
 199.1,    -11.71286619 
 199.2,    -11.69169109 
 199.3,    -11.67370575 
 199.4,    -11.65891729 
 199.5,    -11.64733354 
 199.6,    -11.63896317 
 199.7,    -11.63381573 
 199.8,    -11.63190182 
 199.9,    -11.63323308 
   200,    -11.63782233 
 200.1,    -11.64568363 
 200.2,    -11.65683237 
 200.3,    -11.67128531 
 200.4,    -11.68906069 
 200.5,    -11.71017827 
 200.6,    -11.73465944 
 200.7,    -11.76252728 
 200.8,    -11.79380661 
 200.9,    -11.82852413 
   201,    -11.86670844 
 201.1,    -11.90839016 
 201.2,    -11.95360201 
 201.3,     -12.0023789 
 201.4,    -12.05475804 
 201.5,    -12.11077901 
 201.6,     -12.1704839 
 201.7,    -12.23391742 
 201.8,    -12.30112701 
 201.9,    -12.37216297 
   202,     -12.4470786 
 202.1,    -12.52593032 
 202.2,    -12.60877789 
 202.3,    -12.69568448 
 202.4,    -12.78671692 
 202.5,    -12.88194586 
 202.6,    -12.98144594 
 202.7,    -13.08529605 
 202.8,     -13.1935795 
 202.9,     -13.3063843 
   203,    -13.42380341 
 203.1,    -13.54593496 
 203.2,     -13.6728826 
 203.3,    -13.80475576 
 203.4,    -13.94166997 
 203.5,    -14.08374722 
 203.6,    -14.23111628 
 203.7,    -14.38391309 
 203.8,    -14.54228116 
 203.9,    -14.70637191 
   204,    -14.87634513 
 204.1,    -15.05236937 
 204.2,    -15.23462235 
 204.3,    -15.42329135 
 204.4,    -15.61857361 
 204.5,    -15.82067664 
 204.6,    -16.02981851 
 204.7,    -16.24622807 
 204.8,    -16.47014494 
 204.9,    -16.70181948 
   205,    -16.94151235 
 205.1,    -17.18949391 
 205.2,    -17.44604301 
 205.3,    -17.71144536 
 205.4,    -17.98599094 
 205.5,    -18.26997055 
 205.6,    -18.56367082 
 205.7,    -18.86736758 
 205.8,    -19.18131669 
 205.9,    -19.50574194 
   206,    -19.84081874 
 206.1,    -20.18665266 
 206.2,    -20.54325109 
 206.3,    -20.91048622 
 206.4,    -21.28804692 
 206.5,    -21.67537679 
 206.6,    -22.07159548 
 206.7,     -22.4754001 
 206.8,     -22.8849447 
 206.9,    -23.29769751 
   207,    -23.71028002 
 207.1,    -24.11829905 
 207.2,    -24.51619501 
 207.3,    -24.89714508 
 207.4,    -25.25307878 
 207.5,    -25.57487692 
 207.6,    -25.85282254 
 207.7,    -26.07733699 
 207.8,    -26.23995687 
 207.9,    -26.33440051 
   208,    -26.35748105 
 208.1,    -26.30960935 
 208.2,    -26.19472933 
 208.3,    -26.01970653 
 208.4,    -25.79335824 
 208.5,    -25.52538825 
 208.6,    -25.22545373 
 208.7,    -24.90249115 
 208.8,    -24.56432532 
 208.9,    -24.21751699 
   209,     -23.8673777 
 209.1,    -23.51808293 
 209.2,    -23.17283009 
 209.3,    -22.83400645 
 209.4,    -22.50334675 
 209.5,    -22.18207124 
 209.6,    -21.87100132 
 209.7,    -21.57065351 
 209.8,    -21.28131429 
 209.9,    -21.00309873 
   210,    -20.73599599 
 210.1,    -20.47990429 
 210.2,     -20.2346576 
 210.3,    -20.00004587 
 210.4,    -19.77583036 
 210.5,    -19.56175504 
 210.6,    -19.35755517 
 210.7,    -19.16296358 
 210.8,    -18.97771527 
 210.9,    -18.80155073 
   211,    -18.63421828 
 211.1,    -18.47547567 
 211.2,    -18.32509112 
 211.3,    -18.18284397 
 211.4,    -18.04852503 
 211.5,    -17.92193664 
 211.6,    -17.80289267 
 211.7,     -17.6912183 
 211.8,    -17.58674981 
 211.9,    -17.48933424 
   212,    -17.39882909 
 212.1,    -17.31510194 
 212.2,    -17.23803008 
 212.3,     -17.1675002 
 212.4,      -17.103408 
 212.5,    -17.04565785 
 212.6,    -16.99416252 
 212.7,    -16.94884282 
 212.8,    -16.90962733 
 212.9,    -16.87645219 
   213,    -16.84926076 
 213.1,    -16.82800349 
 213.2,    -16.81263765 
 213.3,    -16.80312719 
 213.4,    -16.79944252 
 213.5,    -16.80156043 
 213.6,    -16.80946389 
 213.7,    -16.82314194 
 213.8,    -16.84258963 
 213.9,    -16.86780788 
   214,    -16.89880341 
 214.1,    -16.93558865 
 214.2,    -16.97818171 
 214.3,    -17.02660627 
 214.4,    -17.08089155 
 214.5,    -17.14107222 
 214.6,    -17.20718837 
 214.7,    -17.27928538 
 214.8,    -17.35741383 
 214.9,    -17.44162943 
   215,    -17.53199283 
 215.1,    -17.62856941 
 215.2,    -17.73142909 
 215.3,    -17.84064601 
 215.4,     -17.9562981 
 215.5,    -18.07846665 
 215.6,    -18.20723564 
 215.7,    -18.34269098 
 215.8,    -18.48491952 
 215.9,    -18.63400784 
   216,    -18.79004072 
 216.1,    -18.95309929 
 216.2,    -19.12325863 
 216.3,    -19.30058496 
 216.4,    -19.48513206 
 216.5,    -19.67693694 
 216.6,    -19.87601453 
 216.7,    -20.08235113 
 216.8,    -20.29589655 
 216.9,    -20.51655447 
   217,    -20.74417083 
 217.1,    -20.97851991 
 217.2,    -21.21928768 
 217.3,    -21.46605202 
 217.4,    -21.71825968 
 217.5,    -21.97519948 
 217.6,    -22.23597197 
 217.7,    -22.49945576 
 217.8,    -22.76427131 
 217.9,    -23.02874403 
   218,     -23.2908691 
 218.1,    -23.54828248 
 218.2,    -23.79824347 
 218.3,     -24.0376365 
 218.4,     -24.2630006 
 218.5,     -24.4705957 
 218.6,    -24.65651279 
 218.7,    -24.81683149 
 218.8,    -24.94782066 
 218.9,    -25.04616867 
   219,    -25.10921944 
 219.1,    -25.13518328 
 219.2,     -25.1232894 
 219.3,    -25.07385434 
 219.4,    -24.98825351 
 219.5,    -24.86880129 
 219.6,    -24.71856078 
 219.7,    -24.54111426 
 219.8,    -24.34032709 
 219.9,    -24.12013241 
   220,    -23.88435457 
 220.1,    -23.63657918 
 220.2,    -23.38006916 
 220.3,    -23.11772096 
 220.4,    -22.85205222 
 220.5,    -22.58521219 
 220.6,    -22.31900667 
 220.7,    -22.05493116 
 220.8,    -21.79420747 
 220.9,    -21.53782044 
   221,    -21.28655282 
 221.1,    -21.04101704 
 221.2,    -20.80168353 
 221.3,    -20.56890527 
 221.4,    -20.34293889 
 221.5,    -20.12396261 
 221.6,     -19.9120912 
 221.7,    -19.70738853 
 221.8,    -19.50987796 
 221.9,    -19.31955095 
   222,    -19.13637402 
 222.1,    -18.96029461 
 222.2,    -18.79124578 
 222.3,       -18.62915 
 222.4,    -18.47392234 
 222.5,    -18.32547295 
 222.6,    -18.18370911 
 222.7,     -18.0485369 
 222.8,    -17.91986246 
 222.9,    -17.79759308 
   223,    -17.68163804 
 223.1,    -17.57190921 
 223.2,    -17.46832164 
 223.3,    -17.37079387 
 223.4,    -17.27924832 
 223.5,    -17.19361146 
 223.6,    -17.11381397 
 223.7,    -17.03979093 
 223.8,    -16.97148181 
 223.9,     -16.9088306 
   224,     -16.8517858 
 224.1,    -16.80030044 
 224.2,     -16.7543321 
 224.3,    -16.71384286 
 224.4,    -16.67879935 
 224.5,    -16.64917268 
 224.6,    -16.62493844 
 224.7,     -16.6060767 
 224.8,    -16.59257197 
 224.9,     -16.5844132 
   225,    -16.58159378 
 225.1,    -16.58411152 
 225.2,    -16.59196865 
 225.3,    -16.60517183 
 225.4,    -16.62373217 
 225.5,    -16.64766522 
 225.6,    -16.67699098 
 225.7,    -16.71173395 
 225.8,    -16.75192312 
 225.9,    -16.79759203 
   226,    -16.84877872 
 226.1,    -16.90552584 
 226.2,    -16.96788059 
 226.3,    -17.03589474 
 226.4,    -17.10962467 
 226.5,    -17.18913128 
 226.6,    -17.27447999 
 226.7,    -17.36574068 
 226.8,    -17.46298753 
 226.9,    -17.56629892 
   227,    -17.67575719 
 227.1,     -17.7914484 
 227.2,    -17.91346189 
 227.3,    -18.04188985 
 227.4,    -18.17682669 
 227.5,    -18.31836825 
 227.6,    -18.46661075 
 227.7,    -18.62164961 
 227.8,    -18.78357779 
 227.9,    -18.95248389 
   228,    -19.12844965 
 228.1,    -19.31154697 
 228.2,    -19.50183416 
 228.3,    -19.69935135 
 228.4,    -19.90411485 
 228.5,    -20.11611029 
 228.6,    -20.33528421 
 228.7,    -20.56153389 
 228.8,    -20.79469499 
 228.9,    -21.03452678 
   229,    -21.28069446 
 229.1,    -21.53274819 
 229.2,     -21.7900987 
 229.3,    -22.05198892 
 229.4,     -22.3174621 
 229.5,    -22.58532646 
 229.6,    -22.85411772 
 229.7,     -23.1220612 
 229.8,    -23.38703672 
 229.9,    -23.64655106 
   230,    -23.89772405 
 230.1,    -24.13729667 
 230.2,    -24.36167019 
 230.3,    -24.56698544 
 230.4,    -24.74924902 
 230.5,     -24.9045081 
 230.6,    -25.02906702 
 230.7,     -25.1197286 
 230.8,    -25.17403284 
 230.9,    -25.19045943 
   231,    -25.16856103 
 231.1,    -25.10900376 
 231.2,    -25.01350736 
 231.3,    -24.88469614 
 231.4,    -24.72588664 
 231.5,    -24.54084589 
 231.6,    -24.33355307 
 231.7,     -24.1079901 
 231.8,    -23.86797615 
 231.9,    -23.61705095 
   232,    -23.35840401 
 232.1,    -23.09484231 
 232.2,    -22.82878726 
 232.3,    -22.56229178 
 232.4,    -22.29706988 
 232.5,    -22.03453256 
 232.6,    -21.77582585 
 232.7,    -21.52186801 
 232.8,    -21.27338424 
 232.9,    -21.03093794 
   233,    -20.79495828 
 233.1,    -20.56576389 
 233.2,    -20.34358323 
 233.3,     -20.1285716 
 233.4,    -19.92082549 
 233.5,    -19.72039448 
 233.6,    -19.52729101 
 233.7,    -19.34149853 
 233.8,    -19.16297809 
 233.9,    -18.99167381 
   234,    -18.82751725 
 234.1,    -18.67043107 
 234.2,    -18.52033189 
 234.3,     -18.3771327 
 234.4,    -18.24074475 
 234.5,    -18.11107907 
 234.6,    -17.98804773 
 234.7,    -17.87156478 
 234.8,     -17.7615471 
 234.9,    -17.65791497 
   235,    -17.56059257 
 235.1,    -17.46950837 
 235.2,    -17.38459546 
 235.3,    -17.30579176 
 235.4,    -17.23304019 
 235.5,    -17.16628885 
 235.6,    -17.10549112 
 235.7,    -17.05060575 
 235.8,    -17.00159694 
 235.9,    -16.95843439 
   236,    -16.92109339 
 236.1,    -16.88955487 
 236.2,    -16.86380543 
 236.3,    -16.84383744 
 236.4,    -16.82964912 
 236.5,    -16.82124456 
 236.6,    -16.81863388 
 236.7,    -16.82183331 
 236.8,    -16.83086526 
 236.9,    -16.84575854 
   237,    -16.86654844 
 237.1,    -16.89327689 
 237.2,    -16.92599269 
 237.3,     -16.9647517 
 237.4,    -17.00961701 
 237.5,    -17.06065924 
 237.6,    -17.11795676 
 237.7,      -17.181596 
 237.8,    -17.25167172 
 237.9,    -17.32828732 
   238,    -17.41155522 
 238.1,    -17.50159713 
 238.2,    -17.59854446 
 238.3,    -17.70253865 
 238.4,     -17.8137315 
 238.5,    -17.93228553 
 238.6,    -18.05837424 
 238.7,    -18.19218238 
 238.8,    -18.33390609 
 238.9,    -18.48375294 
   239,    -18.64194183 
 239.1,    -18.80870264 
 239.2,    -18.98427554 
 239.3,    -19.16890998 
 239.4,    -19.36286302 
 239.5,    -19.56639703 
 239.6,    -19.77977632 
 239.7,    -20.00326255 
 239.8,    -20.23710845 
 239.9,    -20.48154928 
   240,    -20.73679141 
 240.1,    -21.00299713 
 240.2,    -21.28026449 
 240.3,    -21.56860077 
 240.4,    -21.86788779 
 240.5,    -22.17783684 
 240.6,    -22.49793054 
 240.7,    -22.82734883 
 240.8,    -23.16487611 
 240.9,    -23.50878705 
   241,    -23.85671041 
 241.1,     -24.2054737 
 241.2,    -24.55093785 
 241.3,    -24.88784163 
 241.4,    -25.20969011 
 241.5,     -25.5087394 
 241.6,    -25.77614522 
 241.7,    -26.00234503 
 241.8,    -26.17771796 
 241.9,    -26.29350026 
   242,     -26.3428338 
 242.1,    -26.32172635 
 242.2,    -26.22966587 
 242.3,    -26.06970097 
 242.4,    -25.84796179 
 242.5,    -25.57277078 
 242.6,    -25.25359331 
 242.7,    -24.90006818 
 242.8,    -24.52127075 
 242.9,    -24.12525588 
   243,    -23.71885111 
 243.1,    -23.30763359 
 243.2,    -22.89602084 
 243.3,     -22.4874183 
 243.4,    -22.08438441 
 243.5,    -21.68879006 
 243.6,    -21.30196051 
 243.7,    -20.92479572 
 243.8,    -20.55786896 
 243.9,    -20.20150569 
   244,    -19.85584583 
 244.1,    -19.52089214 
 244.2,    -19.19654756 
 244.3,    -18.88264375 
 244.4,    -18.57896285 
 244.5,    -18.28525392 
 244.6,    -18.00124527 
 244.7,    -17.72665368 
 244.8,    -17.46119125 
 244.9,    -17.20457038 
   245,     -16.9565074 
 245.1,    -16.71672512 
 245.2,    -16.48495463 
 245.3,    -16.26093644 
 245.4,    -16.04442121 
 245.5,    -15.83517016 
 245.6,    -15.63295516 
 245.7,    -15.43755875 
 245.8,    -15.24877391 
 245.9,    -15.06640384 
   246,    -14.89026161 
 246.1,    -14.72016981 
 246.2,    -14.55596016 
 246.3,    -14.39747306 
 246.4,    -14.24455728 
 246.5,    -14.09706946 
 246.6,    -13.95487379 
 246.7,    -13.81784159 
 246.8,    -13.68585096 
 246.9,    -13.55878643 
   247,    -13.43653863 
 247.1,    -13.31900395 
 247.2,    -13.20608428 
 247.3,     -13.0976867 
 247.4,     -12.9937232 
 247.5,    -12.89411048 
 247.6,    -12.79876967 
 247.7,    -12.70762609 
 247.8,    -12.62060912 
 247.9,    -12.53765191 
   248,    -12.45869125 
 248.1,     -12.3836674 
 248.2,     -12.3125239 
 248.3,    -12.24520744 
 248.4,    -12.18166768 
 248.5,    -12.12185717 
 248.6,    -12.06573117 
 248.7,    -12.01324757 
 248.8,    -11.96436674 
 248.9,    -11.91905146 
   249,    -11.87726678 
 249.1,    -11.83897995 
 249.2,    -11.80416032 
 249.3,    -11.77277924 
 249.4,    -11.74481001 
 249.5,    -11.72022774 
 249.6,    -11.69900934 
 249.7,    -11.68113337 
 249.8,    -11.66658003 
 249.9,    -11.65533106 
   250,    -11.64736963 
 250.1,    -11.64268033 
 250.2,    -11.64124907 
 250.3,    -11.64306298 
 250.4,    -11.64811036 
 250.5,     -11.6563806 
 250.6,    -11.66786408 
 250.7,    -11.68255209 
 250.8,    -11.70043676 
 250.9,    -11.72151092 
   251,    -11.74576804 
 251.1,    -11.77320209 
 251.2,    -11.80380741 
 251.3,     -11.8375786 
 251.4,    -11.87451038 
 251.5,    -11.91459739 
 251.6,    -11.95783408 
 251.7,    -12.00421444 
 251.8,    -12.05373187 
 251.9,    -12.10637887 
   252,    -12.16214684 
 252.1,    -12.22102576 
 252.2,    -12.28300387 
 252.3,    -12.34806733 
 252.4,    -12.41619983 
 252.5,    -12.48738211 
 252.6,    -12.56159155 
 252.7,    -12.63880155 
 252.8,      -12.718981 
 252.9,    -12.80209357 
   253,    -12.88809701 
 253.1,    -12.97694232 
 253.2,    -13.06857288 
 253.3,    -13.16292344 
 253.4,    -13.25991908 
 253.5,      -13.359474 
 253.6,    -13.46149025 
 253.7,     -13.5658563 
 253.8,     -13.6724456 
 253.9,    -13.78111487 
   254,    -13.89170243 
 254.1,    -14.00402632 
 254.2,    -14.11788236 
 254.3,     -14.2330422 
 254.4,    -14.34925119 
 254.5,    -14.46622638 
 254.6,    -14.58365442 
 254.7,    -14.70118968 
 254.8,    -14.81845248 
 254.9,    -14.93502754 
   255,     -15.0504629 
 255.1,    -15.16426926 
 255.2,    -15.27591997 
 255.3,    -15.38485184 
 255.4,    -15.49046685 
 255.5,      -15.592135 
 255.6,    -15.68919844 
 255.7,    -15.78097692 
 255.8,    -15.86677476 
 255.9,    -15.94588932 
   256,    -16.01762091 
 256.1,    -16.08128399 
 256.2,    -16.13621949 
 256.3,    -16.18180787 
 256.4,    -16.21748243 
 256.5,    -16.24274241 
 256.6,    -16.25716529 
 256.7,    -16.26041762 
 256.8,     -16.2522639 
 256.9,    -16.23257295 
   257,    -16.20132144 
 257.1,    -16.15859434 
 257.2,     -16.1045823 
 257.3,    -16.03957612 
 257.4,    -15.96395852 
 257.5,    -15.87819384 
 257.6,    -15.78281616 
 257.7,    -15.67841632 
 257.8,    -15.56562861 
 257.9,    -15.44511762 
   258,    -15.31756561 
 258.1,    -15.18366097 
 258.2,    -15.04408786 
 258.3,    -14.89951732 
 258.4,    -14.75059987 
 258.5,    -14.59795955 
 258.6,    -14.44218944 
 258.7,    -14.28384842 
 258.8,    -14.12345913 
 258.9,     -13.9615069 
   259,    -13.79843955 
 259.1,     -13.6346678 
 259.2,     -13.4705663 
 259.3,    -13.30647501 
 259.4,    -13.14270091 
 259.5,    -12.97951984 
 259.6,    -12.81717855 
 259.7,    -12.65589674 
 259.8,     -12.4958691 
 259.9,    -12.33726732 
   260,     -12.1802421 
 260.1,    -12.02492492 
 260.2,    -11.87142986 
 260.3,    -11.71985526 
 260.4,    -11.57028518 
 260.5,    -11.42279092 
 260.6,    -11.27743225 
 260.7,    -11.13425865 
 260.8,    -10.99331039 
 260.9,    -10.85461952 
   261,    -10.71821081 
 261.1,    -10.58410253 
 261.2,     -10.4523072 
 261.3,    -10.32283228 
 261.4,    -10.19568075 
 261.5,    -10.07085164 
 261.6,    -9.948340538 
 261.7,     -9.82814002 
 261.8,    -9.710240027 
 261.9,     -9.59462822 
   262,    -9.481290291 
 262.1,    -9.370210239 
 262.2,    -9.261370615 
 262.3,    -9.154752746 
 262.4,    -9.050336926 
 262.5,    -8.948102593 
 262.6,    -8.848028483 
 262.7,    -8.750092767 
 262.8,    -8.654273169 
 262.9,    -8.560547079 
   263,    -8.468891641 
 263.1,    -8.379283842 
 263.2,    -8.291700583 
 263.3,    -8.206118742 
 263.4,    -8.122515233 
 263.5,    -8.040867054 
 263.6,    -7.961151332 
 263.7,    -7.883345358 
 263.8,    -7.807426618 
 263.9,    -7.733372826 
   264,    -7.661161943 
 264.1,    -7.590772199 
 264.2,     -7.52218211 
 264.3,    -7.455370492 
 264.4,    -7.390316472 
 264.5,    -7.326999501 
 264.6,    -7.265399356 
 264.7,     -7.20549615 
 264.8,    -7.147270336 
 264.9,    -7.090702706 
   265,    -7.035774399 
 265.1,    -6.982466897 
 265.2,    -6.930762024 
 265.3,     -6.88064195 
 265.4,    -6.832089185 
 265.5,    -6.785086577 
 265.6,    -6.739617311 
 265.7,    -6.695664905 
 265.8,    -6.653213203 
 265.9,    -6.612246377 
   266,    -6.572748916 
 266.1,    -6.534705627 
 266.2,    -6.498101625 
 266.3,    -6.462922334 
 266.4,    -6.429153475 
 266.5,    -6.396781065 
 266.6,    -6.365791412 
 266.7,    -6.336171107 
 266.8,    -6.307907019 
 266.9,    -6.280986291 
   267,    -6.255396335 
 267.1,    -6.231124821 
 267.2,     -6.20815968 
 267.3,    -6.186489091 
 267.4,    -6.166101479 
 267.5,    -6.146985509 
 267.6,     -6.12913008 
 267.7,    -6.112524321 
 267.8,    -6.097157582 
 267.9,    -6.083019435 
   268,     -6.07009966 
 268.1,    -6.058388249 
 268.2,    -6.047875393 
 268.3,    -6.038551481 
 268.4,    -6.030407095 
 268.5,    -6.023433001 
 268.6,     -6.01762015 
 268.7,    -6.012959666 
 268.8,    -6.009442847 
 268.9,    -6.007061156 
   269,    -6.005806218 
 269.1,    -6.005669815 
 269.2,     -6.00664388 
 269.3,    -6.008720491 
 269.4,    -6.011891871 
 269.5,    -6.016150377 
 269.6,    -6.021488498 
 269.7,    -6.027898852 
 269.8,    -6.035374176 
 269.9,    -6.043907325 
   270,    -6.053491269 
 270.1,     -6.06411908 
 270.2,    -6.075783934 
 270.3,    -6.088479106 
 270.4,     -6.10219796 
 270.5,    -6.116933947 
 270.6,    -6.132680601 
 270.7,     -6.14943153 
 270.8,    -6.167180414 
 270.9,       -6.185921 
   271,     -6.20564709 
 271.1,    -6.226352545 
 271.2,    -6.248031273 
 271.3,    -6.270677224 
 271.4,    -6.294284385 
 271.5,    -6.318846775 
 271.6,    -6.344358436 
 271.7,    -6.370813429 
 271.8,    -6.398205829 
 271.9,    -6.426529712 
   272,    -6.455779156 
 272.1,     -6.48594823 
 272.2,    -6.517030986 
 272.3,    -6.549021456 
 272.4,    -6.581913638 
 272.5,    -6.615701495 
 272.6,    -6.650378944 
 272.7,    -6.685939845 
 272.8,    -6.722377999 
 272.9,    -6.759687133 
   273,    -6.797860895 
 273.1,    -6.836892845 
 273.2,    -6.876776442 
 273.3,    -6.917505038 
 273.4,    -6.959071866 
 273.5,    -7.001470027 
 273.6,    -7.044692487 
 273.7,    -7.088732059 
 273.8,    -7.133581392 
 273.9,    -7.179232963 
   274,    -7.225679062 
 274.1,    -7.272911781 
 274.2,    -7.320922998 
 274.3,    -7.369704368 
 274.4,    -7.419247306 
 274.5,    -7.469542975 
 274.6,    -7.520582269 
 274.7,      -7.5723558 
 274.8,    -7.624853882 
 274.9,    -7.678066515 
   275,    -7.731983368 
 275.1,    -7.786593764 
 275.2,    -7.841886659 
 275.3,    -7.897850629 
 275.4,    -7.954473849 
 275.5,    -8.011744076 
 275.6,    -8.069648627 
 275.7,    -8.128174364 
 275.8,     -8.18730767 
 275.9,    -8.247034433 
   276,     -8.30734002 
 276.1,    -8.368209261 
 276.2,    -8.429626427 
 276.3,    -8.491575206 
 276.4,    -8.554038683 
 276.5,    -8.616999319 
 276.6,    -8.680438929 
 276.7,    -8.744338657 
 276.8,    -8.808678958 
 276.9,    -8.873439573 
   277,    -8.938599508 
 277.1,    -9.004137015 
 277.2,    -9.070029568 
 277.3,    -9.136253841 
 277.4,    -9.202785693 
 277.5,    -9.269600143 
 277.6,    -9.336671357 
 277.7,    -9.403972623 
 277.8,    -9.471476343 
 277.9,    -9.539154011 
   278,    -9.606976205 
 278.1,     -9.67491257 
 278.2,    -9.742931811 
 278.3,    -9.811001684 
 278.4,    -9.879088993 
 278.5,    -9.947159582 
 278.6,    -10.01517834 
 278.7,     -10.0831092 
 278.8,    -10.15091515 
 278.9,    -10.21855823 
   279,    -10.28599957 
 279.1,    -10.35319938 
 279.2,    -10.42011698 
 279.3,    -10.48671086 
 279.4,    -10.55293864 
 279.5,    -10.61875718 
 279.6,    -10.68412258 
 279.7,    -10.74899024 
 279.8,    -10.81331489 
 279.9,     -10.8770507 
   280,    -10.94015129 
 280.1,    -11.00256982 
 280.2,    -11.06425909 
 280.3,    -11.12517157 
 280.4,    -11.18525954 
 280.5,    -11.24447515 
 280.6,    -11.30277054 
 280.7,    -11.36009793 
 280.8,    -11.41640974 
 280.9,     -11.4716587 
   281,    -11.52579795 
 281.1,    -11.57878121 
 281.2,    -11.63056286 
 281.3,    -11.68109809 
 281.4,    -11.73034302 
 281.5,    -11.77825485 
 281.6,    -11.82479197 
 281.7,     -11.8699141 
 281.8,    -11.91358242 
 281.9,    -11.95575971 
   282,    -11.99641044 
 282.1,    -12.03550095 
 282.2,    -12.07299948 
 282.3,    -12.10887637 
 282.4,     -12.1431041 
 282.5,    -12.17565741 
 282.6,    -12.20651336 
 282.7,    -12.23565147 
 282.8,    -12.26305368 
 282.9,    -12.28870453 
   283,    -12.31259109 
 283.1,    -12.33470307 
 283.2,     -12.3550328 
 283.3,    -12.37357526 
 283.4,    -12.39032807 
 283.5,    -12.40529145 
 283.6,    -12.41846823 
 283.7,    -12.42986379 
 283.8,    -12.43948601 
 283.9,     -12.4473452 
   284,    -12.45345404 
 284.1,     -12.4578275 
 284.2,    -12.46048272 
 284.3,    -12.46143896 
 284.4,    -12.46071746 
 284.5,     -12.4583413 
 284.6,    -12.45433537 
 284.7,    -12.44872615 
 284.8,    -12.44154165 
 284.9,    -12.43281125 
   285,    -12.42256558 
 285.1,    -12.41083639 
 285.2,    -12.39765643 
 285.3,    -12.38305929 
 285.4,     -12.3670793 
 285.5,    -12.34975142 
 285.6,    -12.33111108 
 285.7,    -12.31119406 
 285.8,    -12.29003644 
 285.9,    -12.26767441 
   286,    -12.24414422 
 286.1,    -12.21948207 
 286.2,    -12.19372401 
 286.3,    -12.16690586 
 286.4,    -12.13906312 
 286.5,    -12.11023091 
 286.6,    -12.08044389 
 286.7,    -12.04973622 
 286.8,    -12.01814147 
 286.9,    -11.98569259 
   287,    -11.95242185 
 287.1,    -11.91836085 
 287.2,    -11.88354041 
 287.3,    -11.84799061 
 287.4,    -11.81174072 
 287.5,    -11.77481921 
 287.6,    -11.73725373 
 287.7,    -11.69907109 
 287.8,    -11.66029726 
 287.9,    -11.62095738 
   288,    -11.58107572 
 288.1,    -11.54067575 
 288.2,     -11.4997801 
 288.3,    -11.45841056 
 288.4,    -11.41658814 
 288.5,    -11.37433306 
 288.6,    -11.33166473 
 288.7,    -11.28860185 
 288.8,    -11.24516234 
 288.9,    -11.20136342 
   289,    -11.15722163 
 289.1,    -11.11275282 
 289.2,     -11.0679722 
 289.3,    -11.02289433 
 289.4,    -10.97753322 
 289.5,    -10.93190227 
 289.6,    -10.88601433 
 289.7,    -10.83988175 
 289.8,    -10.79351636 
 289.9,    -10.74692954 
   290,     -10.7001322 
 290.1,    -10.65313485 
 290.2,    -10.60594758 
 290.3,    -10.55858011 
 290.4,    -10.51104184 
 290.5,    -10.46334181 
 290.6,    -10.41548875 
 290.7,    -10.36749115 
 290.8,    -10.31935719 
 290.9,    -10.27109484 
   291,    -10.22271184 
 291.1,    -10.17421572 
 291.2,    -10.12561384 
 291.3,    -10.07691339 
 291.4,     -10.0281214 
 291.5,    -9.979244777 
 291.6,    -9.930290305 
 291.7,    -9.881264666 
 291.8,    -9.832174449 
 291.9,    -9.783026167 
   292,    -9.733826266 
 292.1,    -9.684581137 
 292.2,    -9.635297129 
 292.3,    -9.585980552 
 292.4,    -9.536637693 
 292.5,    -9.487274823 
 292.6,      -9.4378982 
 292.7,    -9.388514079 
 292.8,    -9.339128721 
 292.9,    -9.289748392 
   293,    -9.240379373 
 293.1,    -9.191027964 
 293.2,    -9.141700484 
 293.3,    -9.092403278 
 293.4,    -9.043142718 
 293.5,    -8.993925205 
 293.6,    -8.944757171 
 293.7,     -8.89564508 
 293.8,     -8.84659543 
 293.9,    -8.797614751 
   294,    -8.748709606 
 294.1,     -8.69988659 
 294.2,    -8.651152331 
 294.3,    -8.602513488 
 294.4,    -8.553976749 
 294.5,    -8.505548828 
 294.6,    -8.457236466 
 294.7,    -8.409046429 
 294.8,    -8.360985501 
 294.9,    -8.313060486 
   295,    -8.265278205 
 295.1,     -8.21764549 
 295.2,    -8.170169184 
 295.3,    -8.122856138 
 295.4,    -8.075713204 
 295.5,    -8.028747235 
 295.6,    -7.981965083 
 295.7,     -7.93537359 
 295.8,    -7.888979591 
 295.9,    -7.842789905 
   296,    -7.796811336 
 296.1,    -7.751050667 
 296.2,    -7.705514655 
 296.3,    -7.660210033 
 296.4,    -7.615143499 
 296.5,    -7.570321719 
 296.6,    -7.525751321 
 296.7,    -7.481438892 
 296.8,    -7.437390973 
 296.9,     -7.39361406 
   297,    -7.350114594 
 297.1,    -7.306898967 
 297.2,    -7.263973511 
 297.3,      -7.2213445 
 297.4,    -7.179018144 
 297.5,    -7.137000589 
 297.6,    -7.095297911 
 297.7,    -7.053916119 
 297.8,    -7.012861145 
 297.9,    -6.972138847 
   298,    -6.931755007 
 298.1,    -6.891715325 
 298.2,     -6.85202542 
 298.3,    -6.812690825 
 298.4,     -6.77371699 
 298.5,    -6.735109275 
 298.6,    -6.696872951 
 298.7,    -6.659013196 
 298.8,    -6.621535096 
 298.9,    -6.584443644 
   299,    -6.547743734 
 299.1,    -6.511440164 
 299.2,    -6.475537633 
 299.3,    -6.440040738 
 299.4,    -6.404953977 
 299.5,    -6.370281744 
 299.6,     -6.33602833 
 299.7,     -6.30219792 
 299.8,    -6.268794593 
 299.9,    -6.235822321 
   300,    -6.203284971 
 300.1,    -6.171186296 
 300.2,    -6.139529943 
 300.3,    -6.108319448 
 300.4,    -6.077558234 
 300.5,    -6.047249612 
 300.6,    -6.017396782 
 300.7,    -5.988002825 
 300.8,    -5.959070713 
 300.9,    -5.930603298 
   301,    -5.902603318 
 301.1,    -5.875073392 
 301.2,    -5.848016023 
 301.3,    -5.821433592 
 301.4,    -5.795328363 
 301.5,    -5.769702478 
 301.6,    -5.744557957 
 301.7,    -5.719896697 
 301.8,    -5.695720474 
 301.9,    -5.672030938 
   302,    -5.648829611 
 302.1,    -5.626117893 
 302.2,    -5.603897053 
 302.3,    -5.582168232 
 302.4,    -5.560932441 
 302.5,    -5.540190559 
 302.6,    -5.519943334 
 302.7,    -5.500191379 
 302.8,    -5.480935171 
 302.9,    -5.462175051 
   303,    -5.443911221 
 303.1,    -5.426143744 
 303.2,     -5.40887254 
 303.3,    -5.392097387 
 303.4,    -5.375817916 
 303.5,    -5.360033614 
 303.6,    -5.344743814 
 303.7,    -5.329947704 
 303.8,    -5.315644315 
 303.9,    -5.301832524 
   304,    -5.288511051 
 304.1,    -5.275678454 
 304.2,    -5.263333133 
 304.3,     -5.25147332 
 304.4,    -5.240097081 
 304.5,    -5.229202313 
 304.6,     -5.21878674 
 304.7,    -5.208847913 
 304.8,    -5.199383203 
 304.9,      -5.1903898 
   305,    -5.181864713 
 305.1,    -5.173804763 
 305.2,    -5.166206581 
 305.3,    -5.159066608 
 305.4,    -5.152381086 
 305.5,    -5.146146061 
 305.6,    -5.140357375 
 305.7,    -5.135010666 
 305.8,    -5.130101364 
 305.9,    -5.125624684 
   306,    -5.121575629 
 306.1,    -5.117948983 
 306.2,    -5.114739308 
 306.3,    -5.111940941 
 306.4,    -5.109547991 
 306.5,    -5.107554334 
 306.6,    -5.105953614 
 306.7,    -5.104739236 
 306.8,    -5.103904362 
 306.9,    -5.103441913 
   307,    -5.103344563 
 307.1,    -5.103604735 
 307.2,      -5.1042146 
 307.3,    -5.105166076 
 307.4,    -5.106450821 
 307.5,    -5.108060238 
 307.6,    -5.109985464 
 307.7,    -5.112217376 
 307.8,    -5.114746587 
 307.9,    -5.117563442 
   308,    -5.120658021 
 308.1,    -5.124020136 
 308.2,    -5.127639331 
 308.3,    -5.131504884 
 308.4,    -5.135605804 
 308.5,    -5.139930833 
 308.6,    -5.144468451 
 308.7,    -5.149206872 
 308.8,    -5.154134048 
 308.9,    -5.159237676 
   309,    -5.164505194 
 309.1,     -5.16992379 
 309.2,    -5.175480406 
 309.3,    -5.181161741 
 309.4,    -5.186954259 
 309.5,    -5.192844193 
 309.6,    -5.198817553 
 309.7,    -5.204860137 
 309.8,    -5.210957534 
 309.9,    -5.217095138 
   310,    -5.223258155 
 310.1,    -5.229431618 
 310.2,    -5.235600395 
 310.3,    -5.241749202 
 310.4,     -5.24786262 
 310.5,    -5.253925107 
 310.6,    -5.259921012 
 310.7,    -5.265834595 
 310.8,     -5.27165004 
 310.9,    -5.277351476 
   311,    -5.282922996 
 311.1,    -5.288348675 
 311.2,    -5.293612591 
 311.3,    -5.298698848 
 311.4,    -5.303591595 
 311.5,    -5.308275053 
 311.6,    -5.312733536 
 311.7,    -5.316951478 
 311.8,    -5.320913453 
 311.9,    -5.324604207 
   312,    -5.328008681 
 312.1,    -5.331112036 
 312.2,    -5.333899683 
 312.3,     -5.33635731 
 312.4,    -5.338470909 
 312.5,    -5.340226802 
 312.6,    -5.341611673 
 312.7,    -5.342612592 
 312.8,    -5.343217045 
 312.9,    -5.343412961 
   313,    -5.343188738 
 313.1,    -5.342533272 
 313.2,    -5.341435983 
 313.3,    -5.339886838 
 313.4,    -5.337876379 
 313.5,    -5.335395747 
 313.6,    -5.332436703 
 313.7,    -5.328991653 
 313.8,    -5.325053667 
 313.9,      -5.3206165 
   314,    -5.315674611 
 314.1,    -5.310223177 
 314.2,    -5.304258114 
 314.3,    -5.297776087 
 314.4,    -5.290774526 
 314.5,    -5.283251632 
 314.6,    -5.275206392 
 314.7,    -5.266638581 
 314.8,    -5.257548774 
 314.9,    -5.247938344 
   315,    -5.237809466 
 315.1,    -5.227165118 
 315.2,    -5.216009081 
 315.3,     -5.20434593 
 315.4,    -5.192181036 
 315.5,    -5.179520553 
 315.6,    -5.166371413 
 315.7,    -5.152741313 
 315.8,    -5.138638705 
 315.9,    -5.124072784 
   316,    -5.109053467 
 316.1,    -5.093591383 
 316.2,    -5.077697853 
 316.3,     -5.06138487 
 316.4,    -5.044665078 
 316.5,    -5.027551756 
 316.6,    -5.010058791 
 316.7,    -4.992200656 
 316.8,    -4.973992387 
 316.9,    -4.955449561 
   317,    -4.936588266 
 317.1,    -4.917425082 
 317.2,     -4.89797705 
 317.3,     -4.87826165 
 317.4,    -4.858296774 
 317.5,    -4.838100699 
 317.6,    -4.817692064 
 317.7,    -4.797089842 
 317.8,    -4.776313315 
 317.9,    -4.755382052 
   318,    -4.734315879 
 318.1,    -4.713134861 
 318.2,    -4.691859274 
 318.3,    -4.670509585 
 318.4,    -4.649106428 
 318.5,    -4.627670582 
 318.6,    -4.606222955 
 318.7,    -4.584784557 
 318.8,    -4.563376488 
 318.9,    -4.542019913 
   319,    -4.520736052 
 319.1,    -4.499546158 
 319.2,    -4.478471505 
 319.3,    -4.457533371 
 319.4,    -4.436753027 
 319.5,    -4.416151724 
 319.6,     -4.39575068 
 319.7,    -4.375571072 
 319.8,    -4.355634024 
 319.9,      -4.3359606 
   320,    -4.316571796 
 320.1,    -4.297488534 
 320.2,    -4.278731653 
 320.3,    -4.260321909 
 320.4,    -4.242279968 
 320.5,    -4.224626403 
 320.6,    -4.207381693 
 320.7,     -4.19056622 
 320.8,    -4.174200269 
 320.9,    -4.158304028 
   321,    -4.142897592 
 321.1,    -4.128000957 
 321.2,    -4.113634031 
 321.3,     -4.09981663 
 321.4,    -4.086568488 
 321.5,    -4.073909255 
 321.6,    -4.061858507 
 321.7,     -4.05043575 
 321.8,    -4.039660423 
 321.9,    -4.029551911 
   322,    -4.020129546 
 322.1,     -4.01141262 
 322.2,    -4.003420389 
 322.3,    -3.996172085 
 322.4,    -3.989686923 
 322.5,    -3.983984114 
 322.6,    -3.979082871 
 322.7,    -3.975002424 
 322.8,    -3.971762027 
 322.9,    -3.969380973 
   323,    -3.967878606 
 323.1,    -3.967274332 
 323.2,    -3.967587631 
 323.3,    -3.968838072 
 323.4,    -3.971045329 
 323.5,    -3.974229191 
 323.6,    -3.978409579 
 323.7,    -3.983606559 
 323.8,    -3.989840363 
 323.9,    -3.997131396 
   324,    -4.005500263 
 324.1,    -4.014967776 
 324.2,    -4.025554978 
 324.3,    -4.037283157 
 324.4,    -4.050173867 
 324.5,    -4.064248944 
 324.6,    -4.079530527 
 324.7,    -4.096041077 
 324.8,    -4.113803397 
 324.9,    -4.132840654 
   325,    -4.153176397 
 325.1,    -4.174834581 
 325.2,    -4.197839591 
 325.3,    -4.222216258 
 325.4,     -4.24798989 
 325.5,    -4.275186291 
 325.6,    -4.303831785 
 325.7,    -4.333953243 
 325.8,    -4.365578106 
 325.9,    -4.398734411 
   326,    -4.433450818 
 326.1,    -4.469756635 
 326.2,    -4.507681844 
 326.3,    -4.547257127 
 326.4,    -4.588513897 
 326.5,    -4.631484321 
 326.6,    -4.676201346 
 326.7,     -4.72269873 
 326.8,    -4.771011065 
 326.9,    -4.821173801 
   327,    -4.873223276 
 327.1,    -4.927196734 
 327.2,    -4.983132351 
 327.3,    -5.041069252 
 327.4,    -5.101047534 
 327.5,    -5.163108273 
 327.6,    -5.227293546 
 327.7,    -5.293646427 
 327.8,    -5.362210998 
 327.9,    -5.433032341 
   328,    -5.506156526 
 328.1,    -5.581630594 
 328.2,    -5.659502522 
 328.3,    -5.739821185 
 328.4,    -5.822636294 
 328.5,    -5.907998326 
 328.6,    -5.995958426 
 328.7,    -6.086568291 
 328.8,    -6.179880025 
 328.9,     -6.27594596 
   329,     -6.37481844 
 329.1,    -6.476549562 
 329.2,    -6.581190862 
 329.3,    -6.688792949 
 329.4,    -6.799405055 
 329.5,    -6.913074517 
 329.6,     -7.02984615 
 329.7,    -7.149761522 
 329.8,    -7.272858093 
 329.9,    -7.399168198 
   330,    -7.528717868 
 330.1,    -7.661525444 
 330.2,    -7.797599955 
 330.3,    -7.936939235 
 330.4,    -8.079527727 
 330.5,    -8.225333942 
 330.6,    -8.374307512 
 330.7,     -8.52637579 
 330.8,    -8.681439951 
 330.9,    -8.839370516 
   331,     -9.00000226 
 331.1,    -9.163128441 
 331.2,     -9.32849431 
 331.3,    -9.495789884 
 331.4,    -9.664641965 
 331.5,    -9.834605464 
 331.6,    -10.00515413 
 331.7,    -10.17567083 
 331.8,    -10.34543774 
 331.9,    -10.51362679 
   332,    -10.67929093 
 332.1,     -10.8413571 
 332.2,    -10.99862173 
 332.3,    -11.14975008 
 332.4,     -11.2932806 
 332.5,    -11.42763587 
 332.6,    -11.55114148 
 332.7,    -11.66205387 
 332.8,    -11.75859792 
 332.9,      -11.839014 
   333,    -11.90161338 
 333.1,    -11.94483953 
 333.2,    -11.96733153 
 333.3,     -11.9679851 
 333.4,    -11.94600574 
 333.5,    -11.90094905 
 333.6,    -11.83274403 
 333.7,    -11.74169677 
 333.8,    -11.62847424 
 333.9,    -11.49406985 
   334,    -11.33975445 
 334.1,    -11.16701764 
 334.2,    -10.97750462 
 334.3,    -10.77295363 
 334.4,    -10.55513801 
 334.5,    -10.32581586 
 334.6,     -10.0866889 
 334.7,     -9.83937105 
 334.8,    -9.585366342 
 334.9,    -9.326055239 
   335,    -9.062687977 
 335.1,    -8.796383543 
 335.2,    -8.528132902 
 335.3,    -8.258805234 
 335.4,    -7.989156125 
 335.5,    -7.719836889 
 335.6,    -7.451404353 
 335.7,    -7.184330652 
 335.8,    -6.919012687 
 335.9,    -6.655781038 
   336,    -6.394908212 
 336.1,    -6.136616152 
 336.2,    -5.881082999 
 336.3,    -5.628449121 
 336.4,     -5.37882246 
 336.5,    -5.132283222 
 336.6,    -4.888887986 
 336.7,    -4.648673287 
 336.8,    -4.411658723 
 336.9,    -4.177849637 
   337,    -3.947239443 
 337.1,    -3.719811619 
 337.2,    -3.495541422 
 337.3,    -3.274397357 
 337.4,    -3.056342435 
 337.5,    -2.841335246 
 337.6,    -2.629330875 
 337.7,     -2.42028168 
 337.8,    -2.214137952 
 337.9,    -2.010848475 
   338,    -1.810361002 
 338.1,    -1.612622648 
 338.2,    -1.417580231 
 338.3,    -1.225180547 
 338.4,    -1.035370605 
 338.5,   -0.8480978205 
 338.6,   -0.6633101735 
 338.7,   -0.4809563384 
 338.8,   -0.3009857892 
 338.9,   -0.1233488822 
   339,   0.05200307832 
 339.1,    0.2251177896 
 339.2,    0.3960419136 
 339.3,    0.5648210511 
 339.4,    0.7314997245 
 339.5,    0.8961213689 
 339.6,      1.05872833 
 339.7,     1.219361865 
 339.8,     1.378062154 
 339.9,     1.534868308 
   340,     1.689818383 
 340.1,     1.842949398 
 340.2,     1.994297355 
 340.3,     2.143897255 
 340.4,     2.291783123 
 340.5,     2.437988031 
 340.6,     2.582544115 
 340.7,     2.725482607 
 340.8,      2.86683385 
 340.9,     3.006627328 
   341,     3.144891686 
 341.1,     3.281654755 
 341.2,     3.416943574 
 341.3,     3.550784414 
 341.4,     3.683202799 
 341.5,     3.814223528 
 341.6,     3.943870699 
 341.7,     4.072167727 
 341.8,     4.199137366 
 341.9,     4.324801728 
   342,     4.449182303 
 342.1,     4.572299977 
 342.2,     4.694175054 
 342.3,     4.814827267 
 342.4,       4.9342758 
 342.5,     5.052539305 
 342.6,     5.169635916 
 342.7,     5.285583263 
 342.8,     5.400398492 
 342.9,     5.514098275 
   343,     5.626698828 
 343.1,      5.73821592 
 343.2,     5.848664889 
 343.3,     5.958060657 
 343.4,     6.066417736 
 343.5,     6.173750246 
 343.6,     6.280071922 
 343.7,     6.385396129 
 343.8,     6.489735867 
 343.9,     6.593103789 
   344,     6.695512203 
 344.1,     6.796973087 
 344.2,     6.897498097 
 344.3,     6.997098574 
 344.4,     7.095785556 
 344.5,     7.193569782 
 344.6,     7.290461703 
 344.7,     7.386471491 
 344.8,     7.481609042 
 344.9,     7.575883988 
   345,     7.669305701 
 345.1,       7.7618833 
 345.2,      7.85362566 
 345.3,     7.944541414 
 345.4,     8.034638964 
 345.5,     8.123926482 
 345.6,      8.21241192 
 345.7,     8.300103013 
 345.8,     8.387007286 
 345.9,     8.473132056 
   346,     8.558484441 
 346.1,     8.643071362 
 346.2,      8.72689955 
 346.3,     8.809975548 
 346.4,     8.892305716 
 346.5,     8.973896237 
 346.6,     9.054753121 
 346.7,     9.134882204 
 346.8,     9.214289159 
 346.9,     9.292979497 
   347,     9.370958567 
 347.1,     9.448231566 
 347.2,     9.524803537 
 347.3,     9.600679374 
 347.4,     9.675863828 
 347.5,     9.750361505 
 347.6,     9.824176873 
 347.7,     9.897314265 
 347.8,     9.969777876 
 347.9,     10.04157178 
   348,      10.1126999 
 348.1,     10.18316607 
 348.2,     10.25297397 
 348.3,     10.32212717 
 348.4,     10.39062912 
 348.5,     10.45848317 
 348.6,     10.52569253 
 348.7,     10.59226031 
 348.8,     10.65818952 
 348.9,     10.72348306 
   349,      10.7881437 
 349.1,     10.85217415 
 349.2,     10.91557699 
 349.3,     10.97835469 
 349.4,     11.04050967 
 349.5,     11.10204419 
 349.6,     11.16296048 
 349.7,     11.22326063 
 349.8,     11.28294666 
 349.9,     11.34202049 
   350,     11.40048398 
 350.1,     11.45833886 
 350.2,     11.51558682 
 350.3,     11.57222944 
 350.4,     11.62826821 
 350.5,     11.68370457 
 350.6,     11.73853986 
 350.7,     11.79277535 
 350.8,     11.84641222 
 350.9,      11.8994516 
   351,     11.95189452 
 351.1,     12.00374195 
 351.2,     12.05499479 
 351.3,     12.10565386 
 351.4,     12.15571992 
 351.5,     12.20519366 
 351.6,     12.25407568 
 351.7,     12.30236656 
 351.8,     12.35006677 
 351.9,     12.39717673 
   352,     12.44369681 
 352.1,      12.4896273 
 352.2,     12.53496843 
 352.3,     12.57972037 
 352.4,     12.62388324 
 352.5,     12.66745709 
 352.6,     12.71044191 
 352.7,     12.75283764 
 352.8,     12.79464415 
 352.9,     12.83586127 
   353,     12.87648875 
 353.1,     12.91652632 
 353.2,     12.95597362 
 353.3,     12.99483026 
 353.4,     13.03309578 
 353.5,     13.07076968 
 353.6,      13.1078514 
 353.7,     13.14434033 
 353.8,     13.18023582 
 353.9,     13.21553714 
   354,     13.25024355 
 354.1,     13.28435424 
 354.2,     13.31786833 
 354.3,     13.35078493 
 354.4,     13.38310307 
 354.5,     13.41482176 
 354.6,     13.44593995 
 354.7,     13.47645653 
 354.8,     13.50637036 
 354.9,     13.53568025 
   355,     13.56438496 
 355.1,     13.59248322 
 355.2,     13.61997369 
 355.3,     13.64685501 
 355.4,     13.67312575 
 355.5,     13.69878446 
 355.6,     13.72382963 
 355.7,     13.74825972 
 355.8,     13.77207313 
 355.9,     13.79526823 
   356,     13.81784335 
 356.1,     13.83979676 
 356.2,     13.86112669 
 356.3,     13.88183136 
 356.4,     13.90190891 
 356.5,     13.92135745 
 356.6,     13.94017505 
 356.7,     13.95835975 
 356.8,     13.97590953 
 356.9,     13.99282233 
   357,     14.00909608 
 357.1,     14.02472862 
 357.2,     14.03971779 
 357.3,     14.05406137 
 357.4,     14.06775711 
 357.5,      14.0808027 
 357.6,     14.09319583 
 357.7,      14.1049341 
 357.8,      14.1160151 
 357.9,     14.12643639 
   358,     14.13619546 
 358.1,     14.14528979 
 358.2,      14.1537168 
 358.3,     14.16147389 
 358.4,     14.16855839 
 358.5,     14.17496764 
 358.6,     14.18069889 
 358.7,     14.18574939 
 358.8,     14.19011632 
 358.9,     14.19379687 
   359,     14.19678814 
 359.1,     14.19908721 
 359.2,     14.20069115 
 359.3,     14.20159696 
 359.4,     14.20180162 
 359.5,     14.20130206 
 359.6,     14.20009518 
 359.7,     14.19817787 
 359.8,     14.19554694 
 359.9,     14.19219921 
   360,     14.18813142 
