M5A_HWBC_MS_AS_E0_F1.txt
NTNU_FFI
Method: IGABEM CCBIE with 19456 elements (24324 degrees of freedom) and NURBS degree 4. Computational time for system assembly (4x6-core Xeon 2.67 GHz): 36.2204 hours.
0, 360
0
1000
3601
     0,    -6.934854409 
   0.1,    -6.934801812 
   0.2,    -6.934644085 
   0.3,    -6.934381419 
   0.4,    -6.934014131 
   0.5,    -6.933542668 
   0.6,    -6.932967602 
   0.7,    -6.932289632 
   0.8,    -6.931509584 
   0.9,    -6.930628412 
     1,    -6.929647195 
   1.1,    -6.928567139 
   1.2,    -6.927389577 
   1.3,    -6.926115966 
   1.4,     -6.92474789 
   1.5,    -6.923287057 
   1.6,    -6.921735303 
   1.7,    -6.920094585 
   1.8,    -6.918366988 
   1.9,    -6.916554718 
     2,    -6.914660106 
   2.1,    -6.912685607 
   2.2,    -6.910633798 
   2.3,    -6.908507378 
   2.4,    -6.906309169 
   2.5,    -6.904042116 
   2.6,    -6.901709281 
   2.7,    -6.899313852 
   2.8,    -6.896859132 
   2.9,    -6.894348548 
     3,    -6.891785645 
   3.1,    -6.889174085 
   3.2,    -6.886517651 
   3.3,    -6.883820242 
   3.4,    -6.881085875 
   3.5,    -6.878318683 
   3.6,    -6.875522918 
   3.7,    -6.872702945 
   3.8,    -6.869863245 
   3.9,    -6.867008414 
     4,    -6.864143163 
   4.1,    -6.861272316 
   4.2,    -6.858400811 
   4.3,    -6.855533698 
   4.4,    -6.852676143 
   4.5,    -6.849833419 
   4.6,    -6.847010914 
   4.7,    -6.844214126 
   4.8,    -6.841448666 
   4.9,    -6.838720253 
     5,    -6.836034718 
   5.1,    -6.833398001 
   5.2,    -6.830816153 
   5.3,    -6.828295332 
   5.4,    -6.825841807 
   5.5,    -6.823461957 
   5.6,    -6.821162267 
   5.7,    -6.818949334 
   5.8,    -6.816829861 
   5.9,     -6.81481066 
     6,    -6.812898653 
   6.1,     -6.81110087 
   6.2,    -6.809424449 
   6.3,    -6.807876636 
   6.4,     -6.80646479 
   6.5,    -6.805196374 
   6.6,    -6.804078964 
   6.7,    -6.803120244 
   6.8,    -6.802328009 
   6.9,    -6.801710166 
     7,    -6.801274729 
   7.1,    -6.801029828 
   7.2,    -6.800983703 
   7.3,    -6.801144707 
   7.4,    -6.801521309 
   7.5,     -6.80212209 
   7.6,    -6.802955747 
   7.7,    -6.804031094 
   7.8,    -6.805357065 
   7.9,    -6.806942707 
     8,    -6.808797194 
   8.1,    -6.810929815 
   8.2,    -6.813349986 
   8.3,    -6.816067247 
   8.4,    -6.819091261 
   8.5,    -6.822431822 
   8.6,    -6.826098852 
   8.7,    -6.830102405 
   8.8,    -6.834452668 
   8.9,    -6.839159963 
     9,    -6.844234753 
   9.1,    -6.849687639 
   9.2,    -6.855529364 
   9.3,     -6.86177082 
   9.4,    -6.868423045 
   9.5,     -6.87549723 
   9.6,     -6.88300472 
   9.7,    -6.890957017 
   9.8,    -6.899365787 
   9.9,    -6.908242858 
    10,     -6.91760023 
  10.1,    -6.927450072 
  10.2,    -6.937804734 
  10.3,    -6.948676745 
  10.4,     -6.96007882 
  10.5,    -6.972023866 
  10.6,    -6.984524983 
  10.7,    -6.997595475 
  10.8,    -7.011248851 
  10.9,     -7.02549883 
    11,    -7.040359354 
  11.1,    -7.055844584 
  11.2,    -7.071968914 
  11.3,    -7.088746977 
  11.4,    -7.106193647 
  11.5,    -7.124324054 
  11.6,    -7.143153585 
  11.7,    -7.162697896 
  11.8,    -7.182972919 
  11.9,    -7.203994872 
    12,    -7.225780265 
  12.1,    -7.248345915 
  12.2,    -7.271708951 
  12.3,    -7.295886827 
  12.4,    -7.320897334 
  12.5,    -7.346758608 
  12.6,    -7.373489144 
  12.7,    -7.401107811 
  12.8,    -7.429633859 
  12.9,     -7.45908694 
    13,    -7.489487116 
  13.1,    -7.520854877 
  13.2,    -7.553211158 
  13.3,    -7.586577352 
  13.4,    -7.620975329 
  13.5,    -7.656427454 
  13.6,    -7.692956606 
  13.7,    -7.730586197 
  13.8,    -7.769340192 
  13.9,    -7.809243132 
    14,    -7.850320158 
  14.1,    -7.892597029 
  14.2,    -7.936100154 
  14.3,    -7.980856613 
  14.4,    -8.026894186 
  14.5,    -8.074241383 
  14.6,    -8.122927471 
  14.7,    -8.172982509 
  14.8,    -8.224437378 
  14.9,    -8.277323818 
    15,    -8.331674466 
  15.1,    -8.387522888 
  15.2,    -8.444903628 
  15.3,    -8.503852243 
  15.4,    -8.564405351 
  15.5,     -8.62660068 
  15.6,    -8.690477112 
  15.7,    -8.756074737 
  15.8,    -8.823434912 
  15.9,    -8.892600309 
    16,    -8.963614984 
  16.1,    -9.036524436 
  16.2,    -9.111375673 
  16.3,    -9.188217285 
  16.4,    -9.267099514 
  16.5,    -9.348074335 
  16.6,    -9.431195533 
  16.7,    -9.516518793 
  16.8,    -9.604101784 
  16.9,    -9.694004259 
    17,    -9.786288147 
  17.1,    -9.881017659 
  17.2,    -9.978259395 
  17.3,    -10.07808246 
  17.4,    -10.18055856 
  17.5,    -10.28576217 
  17.6,     -10.3937706 
  17.7,    -10.50466417 
  17.8,    -10.61852632 
  17.9,    -10.73544375 
    18,    -10.85550658 
  18.1,    -10.97880845 
  18.2,    -11.10544669 
  18.3,    -11.23552245 
  18.4,    -11.36914084 
  18.5,    -11.50641103 
  18.6,     -11.6474464 
  18.7,    -11.79236461 
  18.8,     -11.9412877 
  18.9,    -12.09434213 
    19,    -12.25165878 
  19.1,    -12.41337292 
  19.2,    -12.57962412 
  19.3,    -12.75055603 
  19.4,    -12.92631613 
  19.5,    -13.10705526 
  19.6,    -13.29292709 
  19.7,    -13.48408727 
  19.8,    -13.68069237 
  19.9,    -13.88289853 
    20,    -14.09085963 
  20.1,    -14.30472496 
  20.2,     -14.5246363 
  20.3,    -14.75072416 
  20.4,    -14.98310305 
  20.5,    -15.22186553 
  20.6,    -15.46707477 
  20.7,    -15.71875526 
  20.8,    -15.97688124 
  20.9,    -16.24136246 
    21,    -16.51202651 
  21.1,     -16.7885974 
  21.2,    -17.07066935 
  21.3,     -17.3576755 
  21.4,    -17.64885069 
  21.5,    -17.94318809 
  21.6,    -18.23938988 
  21.7,    -18.53581298 
  21.8,    -18.83041198 
  21.9,    -19.12068377 
    22,    -19.40362039 
  22.1,    -19.67568037 
  22.2,     -19.9327916 
  22.3,    -20.17040177 
  22.4,    -20.38359237 
  22.5,    -20.56726879 
  22.6,    -20.71642888 
  22.7,    -20.82649652 
  22.8,     -20.8936866 
  22.9,    -20.91534986 
    23,    -20.89023713 
  23.1,    -20.81863096 
  23.2,    -20.70231629 
  23.3,    -20.54439688 
  23.4,    -20.34899545 
  23.5,    -20.12089499 
  23.6,    -19.86517978 
  23.7,    -19.58692227 
  23.8,    -19.29094191 
  23.9,    -18.98164311 
    24,    -18.66292563 
  24.1,    -18.33815301 
  24.2,    -18.01016267 
  24.3,    -17.68130253 
  24.4,    -17.35348204 
  24.5,    -17.02822883 
  24.6,    -16.70674511 
  24.7,    -16.38996041 
  24.8,    -16.07857882 
  24.9,    -15.77312017 
    25,    -15.47395507 
  25.1,    -15.18133435 
  25.2,    -14.89541345 
  25.3,    -14.61627247 
  25.4,    -14.34393252 
  25.5,    -14.07836899 
  25.6,    -13.81952222 
  25.7,     -13.5673061 
  25.8,    -13.32161499 
  25.9,    -13.08232916 
    26,    -12.84931917 
  26.1,    -12.62244933 
  26.2,    -12.40158038 
  26.3,    -12.18657165 
  26.4,    -11.97728269 
  26.5,    -11.77357454 
  26.6,    -11.57531074 
  26.7,    -11.38235797 
  26.8,    -11.19458667 
  26.9,    -11.01187136 
    27,    -10.83409093 
  27.1,    -10.66112879 
  27.2,    -10.49287295 
  27.3,    -10.32921605 
  27.4,    -10.17005538 
  27.5,    -10.01529275 
  27.6,    -9.864834479 
  27.7,    -9.718591288 
  27.8,    -9.576478162 
  27.9,    -9.438414253 
    28,    -9.304322748 
  28.1,    -9.174130742 
  28.2,    -9.047769108 
  28.3,    -8.925172367 
  28.4,    -8.806278563 
  28.5,    -8.691029139 
  28.6,    -8.579368819 
  28.7,    -8.471245488 
  28.8,    -8.366610087 
  28.9,    -8.265416503 
    29,    -8.167621471 
  29.1,    -8.073184477 
  29.2,    -7.982067671 
  29.3,    -7.894235776 
  29.4,    -7.809656018 
  29.5,    -7.728298044 
  29.6,    -7.650133855 
  29.7,    -7.575137746 
  29.8,    -7.503286241 
  29.9,    -7.434558042 
    30,     -7.36893398 
  30.1,    -7.306396968 
  30.2,    -7.246931962 
  30.3,    -7.190525925 
  30.4,    -7.137167797 
  30.5,    -7.086848465 
  30.6,    -7.039560743 
  30.7,     -6.99529935 
  30.8,    -6.954060901 
  30.9,    -6.915843893 
    31,    -6.880648699 
  31.1,    -6.848477569 
  31.2,    -6.819334631 
  31.3,      -6.7932259 
  31.4,    -6.770159285 
  31.5,    -6.750144613 
  31.6,     -6.73319364 
  31.7,    -6.719320086 
  31.8,    -6.708539658 
  31.9,    -6.700870091 
    32,    -6.696331186 
  32.1,    -6.694944856 
  32.2,    -6.696735183 
  32.3,    -6.701728472 
  32.4,    -6.709953315 
  32.5,    -6.721440672 
  32.6,    -6.736223939 
  32.7,    -6.754339044 
  32.8,    -6.775824539 
  32.9,    -6.800721707 
    33,    -6.829074674 
  33.1,    -6.860930536 
  33.2,    -6.896339496 
  33.3,    -6.935355011 
  33.4,    -6.978033953 
  33.5,    -7.024436791 
  33.6,    -7.074627776 
  33.7,    -7.128675154 
  33.8,    -7.186651394 
  33.9,    -7.248633438 
    34,    -7.314702968 
  34.1,    -7.384946708 
  34.2,    -7.459456742 
  34.3,    -7.538330873 
  34.4,    -7.621673009 
  34.5,    -7.709593586 
  34.6,    -7.802210035 
  34.7,    -7.899647297 
  34.8,    -8.002038383 
  34.9,    -8.109524998 
    35,    -8.222258221 
  35.1,     -8.34039927 
  35.2,    -8.464120336 
  35.3,    -8.593605511 
  35.4,    -8.729051827 
  35.5,    -8.870670405 
  35.6,    -9.018687736 
  35.7,    -9.173347119 
  35.8,    -9.334910269 
  35.9,    -9.503659125 
    36,    -9.679897877 
  36.1,    -9.863955267 
  36.2,    -10.05618718 
  36.3,    -10.25697958 
  36.4,    -10.46675188 
  36.5,    -10.68596074 
  36.6,    -10.91510441 
  36.7,    -11.15472778 
  36.8,     -11.4054281 
  36.9,    -11.66786164 
    37,    -11.94275133 
  37.1,    -12.23089569 
  37.2,    -12.53317914 
  37.3,    -12.85058408 
  37.4,    -13.18420489 
  37.5,    -13.53526439 
  37.6,    -13.90513295 
  37.7,     -14.2953508 
  37.8,    -14.70765392 
  37.9,     -15.1440037 
    38,    -15.60662054 
  38.1,     -16.0980207 
  38.2,    -16.62105448 
  38.3,    -17.17894154 
  38.4,    -17.77529387 
  38.5,    -18.41410766 
  38.6,     -19.0996867 
  38.7,    -19.83642396 
  38.8,    -20.62829807 
  38.9,    -21.47780822 
    39,    -22.38382617 
  39.1,    -23.33744404 
  39.2,    -24.31444512 
  39.3,    -25.26333878 
  39.4,    -26.09183727 
  39.5,    -26.66677123 
  39.6,    -26.85494222 
  39.7,    -26.60257297 
  39.8,    -25.97664519 
  39.9,    -25.11419341 
    40,    -24.14467875 
  40.1,    -23.15509556 
  40.2,    -22.19298805 
  40.3,    -21.28024754 
  40.4,    -20.42456889 
  40.5,    -19.62650351 
  40.6,    -18.88331093 
  40.7,    -18.19094025 
  40.8,      -17.545008 
  40.9,    -16.94125689 
    41,    -16.37575194 
  41.1,    -15.84494612 
  41.2,    -15.34568328 
  41.3,    -14.87517305 
  41.4,    -14.43095486 
  41.5,    -14.01085973 
  41.6,    -13.61297376 
  41.7,    -13.23560503 
  41.8,    -12.87725437 
  41.9,    -12.53658994 
    42,    -12.21242536 
  42.1,     -11.9037009 
  42.2,    -11.60946744 
  42.3,    -11.32887262 
  42.4,    -11.06114909 
  42.5,    -10.80560437 
  42.6,    -10.56161211 
  42.7,    -10.32860459 
  42.8,     -10.1060662 
  42.9,    -9.893527858 
    43,    -9.690562049 
  43.1,    -9.496778607 
  43.2,    -9.311820973 
  43.3,    -9.135362932 
  43.4,    -8.967105751 
  43.5,    -8.806775657 
  43.6,    -8.654121613 
  43.7,    -8.508913359 
  43.8,    -8.370939668 
  43.9,    -8.240006809 
    44,    -8.115937178 
  44.1,     -7.99856808 
  44.2,    -7.887750653 
  44.3,      -7.7833489 
  44.4,    -7.685238834 
  44.5,    -7.593307717 
  44.6,    -7.507453379 
  44.7,    -7.427583621 
  44.8,    -7.353615675 
  44.9,    -7.285475739 
    45,    -7.223098558 
  45.1,    -7.166427065 
  45.2,    -7.115412066 
  45.3,    -7.070011967 
  45.4,    -7.030192552 
  45.5,    -6.995926792 
  45.6,    -6.967194692 
  45.7,    -6.943983178 
  45.8,    -6.926286017 
  45.9,     -6.91410377 
    46,    -6.907443778 
  46.1,    -6.906320183 
  46.2,    -6.910753984 
  46.3,    -6.920773123 
  46.4,    -6.936412608 
  46.5,    -6.957714678 
  46.6,    -6.984728996 
  46.7,    -7.017512891 
  46.8,    -7.056131641 
  46.9,      -7.1006588 
    47,    -7.151176579 
  47.1,    -7.207776281 
  47.2,    -7.270558791 
  47.3,    -7.339635143 
  47.4,    -7.415127147 
  47.5,    -7.497168111 
  47.6,    -7.585903645 
  47.7,    -7.681492573 
  47.8,     -7.78410796 
  47.9,     -7.89393827 
    48,    -8.011188678 
  48.1,    -8.136082547 
  48.2,    -8.268863112 
  48.3,    -8.409795382 
  48.4,    -8.559168312 
  48.5,    -8.717297275 
  48.6,    -8.884526901 
  48.7,    -9.061234324 
  48.8,    -9.247832932 
  48.9,    -9.444776696 
    49,    -9.652565198 
  49.1,    -9.871749493 
  49.2,    -10.10293897 
  49.3,    -10.34680942 
  49.4,    -10.60411263 
  49.5,     -10.8756877 
  49.6,    -11.16247468 
  49.7,    -11.46553099 
  49.8,    -11.78605132 
  49.9,    -12.12539199 
    50,    -12.48510101 
  50.1,    -12.86695549 
  50.2,    -13.27300866 
  50.3,    -13.70564976 
  50.4,    -14.16768092 
  50.5,    -14.66241763 
  50.6,     -15.1938216 
  50.7,    -15.76667969 
  50.8,    -16.38684927 
  50.9,    -17.06160211 
    51,    -17.80011812 
  51.1,    -18.61421469 
  51.2,    -19.51946025 
  51.3,    -20.53694239 
  51.4,    -21.69621075 
  51.5,    -23.04046667 
  51.6,        -24.6364 
  51.7,    -26.59463834 
  51.8,    -29.11766552 
  51.9,    -32.62981215 
    52,    -38.12380167 
  52.1,    -42.90709383 
  52.2,     -36.2423294 
  52.3,    -31.47233221 
  52.4,    -28.31381228 
  52.5,    -25.98437018 
  52.6,    -24.14683576 
  52.7,    -22.63324375 
  52.8,    -21.34886756 
  52.9,    -20.23527979 
    53,    -19.25398084 
  53.1,    -18.37829059 
  53.2,    -17.58897283 
  53.3,    -16.87170882 
  53.4,    -16.21555731 
  53.5,    -15.61197276 
  53.6,    -15.05415584 
  53.7,    -14.53660995 
  53.8,    -14.05483005 
  53.9,    -13.60507917 
    54,     -13.1842246 
  54.1,     -12.7896155 
  54.2,    -12.41899017 
  54.3,    -12.07040455 
  54.4,    -11.74217657 
  54.5,    -11.43284218 
  54.6,    -11.14112029 
  54.7,    -10.86588462 
  54.8,    -10.60614071 
  54.9,    -10.36100723 
    55,    -10.12970043 
  55.1,    -9.911521334 
  55.2,    -9.705844981 
  55.3,    -9.512111388 
  55.4,    -9.329817927 
  55.5,    -9.158512845 
  55.6,    -8.997789742 
  55.7,    -8.847282847 
  55.8,    -8.706662961 
  55.9,    -8.575633964 
    56,    -8.453929801 
  56.1,    -8.341311876 
  56.2,    -8.237566803 
  56.3,     -8.14250445 
  56.4,    -8.055956259 
  56.5,     -7.97777379 
  56.6,    -7.907827468 
  56.7,    -7.846005518 
  56.8,    -7.792213057 
  56.9,    -7.746371334 
    57,    -7.708417105 
  57.1,    -7.678302131 
  57.2,    -7.655992794 
  57.3,    -7.641469819 
  57.4,    -7.634728105 
  57.5,    -7.635776659 
  57.6,    -7.644638625 
  57.7,    -7.661351424 
  57.8,    -7.685966991 
  57.9,    -7.718552123 
    58,    -7.759188939 
  58.1,    -7.807975459 
  58.2,    -7.865026311 
  58.3,    -7.930473582 
  58.4,     -8.00446782 
  58.5,    -8.087179208 
  58.6,    -8.178798928 
  58.7,    -8.279540746 
  58.8,    -8.389642841 
  58.9,    -8.509369907 
    59,    -8.639015593 
  59.1,    -8.778905306 
  59.2,    -8.929399456 
  59.3,    -9.090897209 
  59.4,    -9.263840839 
  59.5,    -9.448720802 
  59.6,    -9.646081645 
  59.7,    -9.856528937 
  59.8,    -10.08073742 
  59.9,    -10.31946064 
    60,    -10.57354239 
  60.1,    -10.84393035 
  60.2,    -11.13169251 
  60.3,    -11.43803694 
  60.4,    -11.76433589 
  60.5,    -12.11215531 
  60.6,    -12.48329119 
  60.7,    -12.87981491 
  60.8,    -13.30413002 
  60.9,    -13.75904422 
    61,    -14.24786132 
  61.1,    -14.77450004 
  61.2,    -15.34364882 
  61.3,    -15.96096973 
  61.4,    -16.63336907 
  61.5,    -17.36935853 
  61.6,    -18.17953645 
  61.7,    -19.07721885 
  61.8,    -20.07922392 
  61.9,     -21.2066947 
    62,    -22.48540688 
  62.1,    -23.94347687 
  62.2,     -25.5990976 
  62.3,    -27.41383314 
  62.4,    -29.15013352 
  62.5,    -30.15110486 
  62.6,    -29.72295119 
  62.7,    -28.18727555 
  62.8,    -26.34043928 
  62.9,    -24.58631333 
    63,    -23.02508147 
  63.1,    -21.65401147 
  63.2,    -20.44671745 
  63.3,    -19.37580639 
  63.4,      -18.418067 
  63.5,    -17.55487845 
  63.6,    -16.77149678 
  63.7,    -16.05622526 
  63.8,    -15.39971265 
  63.9,    -14.79440894 
    64,    -14.23415516 
  64.1,    -13.71387614 
  64.2,    -13.22934975 
  64.3,    -12.77703232 
  64.4,    -12.35392526 
  64.5,    -11.95747231 
  64.6,    -11.58547947 
  64.7,    -11.23605202 
  64.8,    -10.90754459 
  64.9,    -10.59852116 
    65,    -10.30772274 
  65.1,    -10.03404114 
  65.2,    -9.776497415 
  65.3,    -9.534224156 
  65.4,    -9.306450713 
  65.5,    -9.092490928 
  65.6,    -8.891732804 
  65.7,     -8.70362982 
  65.8,    -8.527693566 
  65.9,    -8.363487487 
    66,    -8.210621563 
  66.1,    -8.068747753 
  66.2,    -7.937556101 
  66.3,    -7.816771404 
  66.4,     -7.70615035 
  66.5,    -7.605479082 
  66.6,    -7.514571112 
  66.7,    -7.433265555 
  66.8,    -7.361425638 
  66.9,    -7.298937463 
    67,    -7.245708997 
  67.1,    -7.201669261 
  67.2,    -7.166767715 
  67.3,    -7.140973831 
  67.4,    -7.124276821 
  67.5,    -7.116685554 
  67.6,    -7.118228622 
  67.7,    -7.128954587 
  67.8,    -7.148932394 
  67.9,    -7.178251964 
    68,    -7.217024984 
  68.1,      -7.2653859 
  68.2,    -7.323493136 
  68.3,    -7.391530561 
  68.4,    -7.469709244 
  68.5,    -7.558269513 
  68.6,    -7.657483392 
  68.7,    -7.767657439 
  68.8,    -7.889136082 
  68.9,    -8.022305516 
    69,    -8.167598266 
  69.1,    -8.325498554 
  69.2,    -8.496548603 
  69.3,    -8.681356095 
  69.4,    -8.880603008 
  69.5,    -9.095056146 
  69.6,     -9.32557976 
  69.7,    -9.573150742 
  69.8,    -9.838877065 
  69.9,     -10.1240203 
    70,    -10.43002336 
  70.1,    -10.75854492 
  70.2,    -11.11150264 
  70.3,    -11.49112788 
  70.4,    -11.90003593 
  70.5,    -12.34131716 
  70.6,    -12.81865722 
  70.7,    -13.33649797 
  70.8,    -13.90025702 
  70.9,    -14.51663345 
    71,    -15.19404373 
  71.1,    -15.94326065 
  71.2,    -16.77838042 
  71.3,    -17.71834321 
  71.4,    -18.78943697 
  71.5,    -20.02966112 
  71.6,    -21.49689968 
  71.7,    -23.28574524 
  71.8,    -25.56694372 
  71.9,    -28.69955756 
    72,    -33.67197087 
  72.1,    -45.34462886 
  72.2,    -37.96082367 
  72.3,    -30.80589194 
  72.4,    -26.88594629 
  72.5,    -24.18175119 
  72.6,    -22.11700717 
  72.7,    -20.44770079 
  72.8,    -19.04768891 
  72.9,    -17.84327465 
    73,    -16.78766253 
  73.1,    -15.84928386 
  73.2,    -15.00583759 
  73.3,     -14.2409877 
  73.4,    -13.54241189 
  73.5,    -12.90058834 
  73.6,    -12.30800887 
  73.7,    -11.75865064 
  73.8,    -11.24761055 
  73.9,    -10.77084589 
    74,    -10.32498607 
  74.1,    -9.907193362 
  74.2,    -9.515058091 
  74.3,    -9.146518546 
  74.4,    -8.799798918 
  74.5,    -8.473360644 
  74.6,    -8.165863814 
  74.7,    -7.876136272 
  74.8,    -7.603148643 
  74.9,    -7.345993983 
    75,    -7.103871081 
  75.1,    -6.876070666 
  75.2,    -6.661963942 
  75.3,    -6.460993011 
  75.4,    -6.272662845 
  75.5,    -6.096534523 
  75.6,    -5.932219523 
  75.7,    -5.779374899 
  75.8,    -5.637699198 
  75.9,    -5.506929013 
    76,    -5.386836075 
  76.1,    -5.277224819 
  76.2,    -5.177930357 
  76.3,    -5.088816825 
  76.4,    -5.009776048 
  76.5,    -4.940726509 
  76.6,    -4.881612593 
  76.7,    -4.832404094 
  76.8,    -4.793095971 
  76.9,    -4.763708346 
    77,    -4.744286755 
  77.1,    -4.734902645 
  77.2,    -4.735654131 
  77.3,    -4.746667033 
  77.4,    -4.768096215 
  77.5,    -4.800127246 
  77.6,    -4.842978431 
  77.7,    -4.896903259 
  77.8,    -4.962193318 
  77.9,    -5.039181758 
    78,    -5.128247391 
  78.1,    -5.229819534 
  78.2,    -5.344383743 
  78.3,    -5.472488605 
  78.4,     -5.61475381 
  78.5,    -5.771879769 
  78.6,    -5.944659138 
  78.7,    -6.133990684 
  78.8,    -6.340896074 
  78.9,     -6.56654033 
    79,     -6.81225694 
  79.1,    -7.079578933 
  79.2,    -7.370277682 
  79.3,     -7.68641184 
  79.4,    -8.030389734 
  79.5,    -8.405049907 
  79.6,     -8.81376648 
  79.7,    -9.260589131 
  79.8,    -9.750432206 
  79.9,    -10.28933523 
    80,    -10.88482972 
  80.1,    -11.54646882 
  80.2,    -12.28661488 
  80.3,    -13.12165142 
  80.4,    -14.07392636 
  80.5,    -15.17502615 
  80.6,    -16.47164179 
  80.7,     -18.0369289 
  80.8,     -19.9948593 
  80.9,    -22.58007169 
    81,    -26.31457629 
  81.1,    -32.56983074 
  81.2,    -35.76472352 
  81.3,    -28.05759554 
  81.4,    -23.42888899 
  81.5,    -20.32279311 
  81.6,    -17.99148763 
  81.7,    -16.12364491 
  81.8,    -14.56347721 
  81.9,    -13.22241832 
    82,     -12.0454315 
  82.1,    -10.99601774 
  82.2,    -10.04874383 
  82.3,    -9.185184814 
  82.4,     -8.39156772 
  82.5,    -7.657327851 
  82.6,    -6.974184364 
  82.7,    -6.335526232 
  82.8,    -5.735991473 
  82.9,    -5.171171013 
    83,    -4.637395396 
  83.1,    -4.131577999 
  83.2,    -3.651097708 
  83.3,    -3.193709709 
  83.4,     -2.75747668 
  83.5,    -2.340715036 
  83.6,     -1.94195244 
  83.7,    -1.559893856 
  83.8,     -1.19339417 
  83.9,   -0.8414359112 
    84,   -0.5031109659 
  84.1,   -0.1776054669 
  84.2,    0.1358127904 
  84.3,    0.4378048913 
  84.4,    0.7289696887 
  84.5,      1.00985134 
  84.6,     1.280945727 
  84.7,     1.542705959 
  84.8,     1.795547106 
  84.9,     2.039850286 
    85,     2.275966221 
  85.1,     2.504218325 
  85.2,     2.724905413 
  85.3,     2.938304071 
  85.4,      3.14467075 
  85.5,     3.344243604 
  85.6,     3.537244135 
  85.7,     3.723878634 
  85.8,     3.904339483 
  85.9,     4.078806305 
    86,     4.247446998 
  86.1,     4.410418664 
  86.2,     4.567868441 
  86.3,     4.719934255 
  86.4,     4.866745495 
  86.5,     5.008423632 
  86.6,     5.145082768 
  86.7,     5.276830145 
  86.8,     5.403766599 
  86.9,     5.525986982 
    87,     5.643580536 
  87.1,     5.756631244 
  87.2,     5.865218146 
  87.3,      5.96941563 
  87.4,     6.069293693 
  87.5,     6.164918189 
  87.6,      6.25635105 
  87.7,     6.343650488 
  87.8,     6.426871188 
  87.9,     6.506064477 
    88,      6.58127848 
  88.1,     6.652558271 
  88.2,     6.719946001 
  88.3,     6.783481024 
  88.4,     6.843200007 
  88.5,     6.899137034 
  88.6,     6.951323699 
  88.7,     6.999789192 
  88.8,     7.044560378 
  88.9,     7.085661867 
    89,     7.123116077 
  89.1,     7.156943296 
  89.2,     7.187161727 
  89.3,      7.21378754 
  89.4,     7.236834912 
  89.5,     7.256316056 
  89.6,     7.272241259 
  89.7,     7.284618904 
  89.8,     7.293455488 
  89.9,     7.298755642 
    90,     7.300522139 
  90.1,     7.298755903 
  90.2,     7.293456011 
  90.3,     7.284619687 
  90.4,     7.272242302 
  90.5,     7.256317357 
  90.6,     7.236836469 
  90.7,     7.213789353 
  90.8,     7.187163792 
  90.9,     7.156945611 
    91,      7.12311864 
  91.1,     7.085664674 
  91.2,     7.044563426 
  91.3,     6.999792477 
  91.4,     6.951327216 
  91.5,      6.89914078 
  91.6,     6.843203976 
  91.7,     6.783485211 
  91.8,       6.7199504 
  91.9,     6.652562876 
    92,     6.581283286 
  92.1,     6.506069475 
  92.2,     6.426876372 
  92.3,      6.34365585 
  92.4,     6.256356581 
  92.5,     6.164923881 
  92.6,     6.069299536 
  92.7,     5.969421615 
  92.8,     5.865224262 
  92.9,     5.756637479 
    93,      5.64358688 
  93.1,     5.525993422 
  93.2,     5.403773123 
  93.3,     5.276836738 
  93.4,     5.145089416 
  93.5,      5.00843032 
  93.6,     4.866752207 
  93.7,     4.719940973 
  93.8,     4.567875148 
  93.9,     4.410425341 
    94,     4.247453624 
  94.1,     4.078812858 
  94.2,     3.904345942 
  94.3,     3.723884974 
  94.4,      3.53725033 
  94.5,     3.344249627 
  94.6,     3.144676571 
  94.7,     2.938309661 
  94.8,     2.724910737 
  94.9,     2.504223348 
    95,     2.275970905 
  95.1,     2.039854591 
  95.2,     1.795550987 
  95.3,     1.542709369 
  95.4,     1.280948615 
  95.5,      1.00985365 
  95.6,     0.728971361 
  95.7,    0.4378058603 
  95.8,    0.1358129845 
  95.9,   -0.1776061262 
    96,   -0.5031125646 
  96.1,   -0.8414385442 
  96.2,    -1.193397943 
  96.3,    -1.559898885 
  96.4,    -1.941958856 
  96.5,    -2.340722985 
  96.6,    -2.757486327 
  96.7,    -3.193721242 
  96.8,    -3.651111341 
  96.9,    -4.131593976 
    97,    -4.637414001 
  97.1,    -5.171192579 
  97.2,     -5.73601639 
  97.3,    -6.335554965 
  97.4,     -6.97421747 
  97.5,    -7.657366012 
  97.6,    -8.391611778 
  97.7,    -9.185235826 
  97.8,    -10.04880315 
  97.9,    -10.99608715 
    98,     -12.0455134 
  98.1,    -13.22251604 
  98.2,    -14.56359561 
  98.3,    -16.12379142 
  98.4,    -17.99167444 
  98.5,    -20.32304215 
  98.6,     -23.4292451 
  98.7,    -28.05816117 
  98.8,    -35.76517166 
  98.9,    -32.56860823 
    99,    -26.31393528 
  99.1,    -22.57964775 
  99.2,     -19.9945396 
  99.3,    -18.03666962 
  99.4,     -16.4714218 
  99.5,    -15.17483372 
  99.6,    -14.07375434 
  99.7,    -13.12149512 
  99.8,    -12.28647108 
  99.9,    -11.54633522 
   100,    -10.88470461 
 100.1,     -10.2892173 
 100.2,    -9.750320455 
 100.3,    -9.260482761 
 100.4,    -8.813664853 
 100.5,    -8.404952502 
 100.6,    -8.030296125 
 100.7,    -7.686321672 
 100.8,     -7.37019066 
 100.9,    -7.079494808 
   101,    -6.812175501 
 101.1,      -6.5664614 
 101.2,    -6.340819502 
 101.3,     -6.13391634 
 101.4,    -5.944586912 
 101.5,    -5.771809569 
 101.6,    -5.614685556 
 101.7,    -5.472422232 
 101.8,    -5.344319194 
 101.9,    -5.229756765 
   102,    -5.128186365 
 102.1,    -5.039122446 
 102.2,    -4.962135698 
 102.3,    -4.896847318 
 102.4,    -4.842924161 
 102.5,    -4.800074644 
 102.6,    -4.768045285 
 102.7,    -4.746617783 
 102.8,    -4.735606575 
 102.9,    -4.734856803 
   103,    -4.744242651 
 103.1,    -4.763666009 
 103.2,    -4.793055436 
 103.3,    -4.832365401 
 103.4,    -4.881575786 
 103.5,    -4.940691638 
 103.6,    -5.009743171 
 103.7,    -5.088786004 
 103.8,     -5.17790166 
 103.9,    -5.277198322 
   104,    -5.386811863 
 104.1,    -5.506907176 
 104.2,    -5.637679835 
 104.3,     -5.77935812 
 104.4,    -5.932205448 
 104.5,    -6.096523283 
 104.6,    -6.272654585 
 104.7,    -6.460987889 
 104.8,    -6.661962132 
 104.9,    -6.876072361 
   105,    -7.103876493 
 105.1,    -7.346003349 
 105.2,    -7.603162226 
 105.3,    -7.876154365 
 105.4,    -8.165886746 
 105.5,    -8.473388785 
 105.6,    -8.799832688 
 105.7,     -9.14655842 
 105.8,    -9.515104615 
 105.9,    -9.907247164 
   106,    -10.32504788 
 106.1,    -10.77091655 
 106.2,    -11.24769107 
 106.3,     -11.7587422 
 106.4,    -12.30811292 
 106.5,    -12.90070661 
 106.6,    -13.54254656 
 106.7,    -14.24114146 
 106.8,    -15.00601393 
 106.9,    -15.84948732 
   107,    -16.78789923 
 107.1,    -17.84355309 
 107.2,    -19.04802145 
 107.3,    -20.44810627 
 107.4,    -22.11751657 
 107.5,    -24.18242074 
 107.6,    -26.88689496 
 107.7,    -30.80744802 
 107.8,    -37.96462158 
 107.9,    -45.34089149 
   108,    -33.66998405 
 108.1,    -28.69835599 
 108.2,    -25.56607556 
 108.3,    -23.28506031 
 108.4,    -21.49633061 
 108.5,    -20.02917204 
 108.6,    -18.78900653 
 108.7,    -17.71795772 
 108.8,    -16.77803055 
 108.9,    -15.94293978 
   109,    -15.19374697 
 109.1,    -14.51635714 
 109.2,     -13.8999983 
 109.3,    -13.33625459 
 109.4,    -12.81842737 
 109.5,    -12.34109939 
 109.6,    -11.89982902 
 109.7,    -11.49093083 
 109.8,    -11.11131461 
 109.9,     -10.7583652 
   110,    -10.42985134 
 110.1,    -10.12385547 
 110.2,    -9.838718969 
 110.3,    -9.572999002 
 110.4,    -9.325434044 
 110.5,    -9.094916166 
 110.6,    -8.880468515 
 110.7,    -8.681226872 
 110.8,    -8.496424463 
 110.9,    -8.325379335 
   111,    -8.167483829 
 111.1,     -8.02219574 
 111.2,    -7.889030867 
 111.3,      -7.7675567 
 111.4,    -7.657387059 
 111.5,    -7.558177531 
 111.6,    -7.469621569 
 111.7,    -7.391447163 
 111.8,    -7.323413993 
 111.9,    -7.265311005 
   112,    -7.216954337 
 112.1,    -7.178185576 
 112.2,    -7.148870287 
 112.3,    -7.128896792 
 112.4,    -7.118175177 
 112.5,    -7.116636509 
 112.6,    -7.124232236 
 112.7,    -7.140933774 
 112.8,    -7.166732266 
 112.9,    -7.201638507 
   113,     -7.24568304 
 113.1,    -7.298916413 
 113.2,    -7.361409616 
 113.3,    -7.433254699 
 113.4,    -7.514565569 
 113.5,    -7.605479014 
 113.6,    -7.706155936 
 113.7,    -7.816782838 
 113.8,    -7.937573596 
 113.9,     -8.06877154 
   114,    -8.210651895 
 114.1,     -8.36352464 
 114.2,    -8.527737842 
 114.3,    -8.703681551 
 114.4,    -8.891792351 
 114.5,    -9.092558688 
 114.6,    -9.306527126 
 114.7,    -9.534309702 
 114.8,    -9.776592627 
 114.9,     -10.0341466 
   115,    -10.30783912 
 115.1,    -10.59864917 
 115.2,    -10.90768506 
 115.3,    -11.23620584 
 115.4,    -11.58564768 
 115.5,    -11.95765607 
 115.6,    -12.35412587 
 115.7,    -12.77725127 
 115.8,    -13.22958876 
 115.9,    -13.71413715 
   116,    -14.23444043 
 116.1,    -14.79472108 
 116.2,    -15.40005466 
 116.3,    -16.05660062 
 116.4,    -16.77190949 
 116.5,    -17.55533307 
 116.6,     -18.4185685 
 116.7,     -19.3763598 
 116.8,    -20.44732676 
 116.9,    -21.65467668 
   117,    -23.02579103 
 117.1,      -24.587024 
 117.2,    -26.34102364 
 117.3,    -28.18740407 
 117.4,    -29.72200314 
 117.5,    -30.14876949 
 117.6,    -29.14722579 
 117.7,    -27.41116002 
 117.8,    -25.59685102 
 117.9,    -23.94160445 
   118,    -22.48382364 
 118.1,    -21.20533106 
 118.2,    -20.07802908 
 118.3,     -19.0761563 
 118.4,    -18.17857972 
 118.5,    -17.36848807 
 118.6,    -16.63257013 
 118.7,      -15.960231 
 118.8,    -15.34296145 
 118.9,    -14.77385701 
   119,    -14.24725696 
 119.1,    -13.75847391 
 119.2,    -13.30358995 
 119.3,     -12.8793019 
 119.4,    -12.48280257 
 119.5,     -12.1116888 
 119.6,    -11.76388956 
 119.7,     -11.4376091 
 119.8,    -11.13128171 
 119.9,    -10.84353534 
   120,    -10.57316205 
 120.1,    -10.31909401 
 120.2,    -10.08038364 
 120.3,    -9.856187243 
 120.4,    -9.645751362 
 120.5,    -9.448401327 
 120.6,    -9.263531632 
 120.7,    -9.090597789 
 120.8,     -8.92910939 
 120.9,    -8.778624205 
   121,    -8.638743107 
 121.1,    -8.509105722 
 121.2,    -8.389386675 
 121.3,    -8.279292345 
 121.4,    -8.178558063 
 121.5,    -8.086945675 
 121.6,    -8.004241438 
 121.7,    -7.930254186 
 121.8,    -7.864813758 
 121.9,    -7.807769622 
   122,    -7.758989708 
 122.1,    -7.718359403 
 122.2,    -7.685780701 
 122.3,    -7.661171497 
 122.4,    -7.644465008 
 122.5,     -7.63560931 
 122.6,    -7.634566997 
 122.7,    -7.641314934 
 122.8,    -7.655844129 
 122.9,    -7.678159695 
   123,    -7.708280917 
 123.1,    -7.746241427 
 123.2,    -7.792089475 
 123.3,    -7.845888318 
 123.4,     -7.90771672 
 123.5,    -7.977669577 
 123.6,    -8.055858681 
 123.7,    -8.142413618 
 123.8,    -8.237482845 
 123.9,    -8.341234938 
   124,    -8.453860046 
 124.1,    -8.575571574 
 124.2,    -8.706608139 
 124.3,    -8.847235818 
 124.4,    -8.997750757 
 124.5,    -9.158482182 
 124.6,    -9.329795894 
 124.7,    -9.512098326 
 124.8,    -9.705841267 
 124.9,     -9.91152739 
   125,    -10.12971672 
 125.1,    -10.36103428 
 125.2,     -10.6061791 
 125.3,    -10.86593498 
 125.4,    -11.14118337 
 125.5,    -11.43291879 
 125.6,    -11.74226764 
 125.7,    -12.07051113 
 125.8,    -12.41911346 
 125.9,    -12.78975687 
   126,    -13.18438563 
 126.1,     -13.6052617 
 126.2,    -14.05503622 
 126.3,    -14.53684228 
 126.4,    -15.05441733 
 126.5,    -15.61226701 
 126.6,    -16.21588869 
 126.7,    -16.87208268 
 126.8,    -17.58939585 
 126.9,    -18.37877126 
   127,    -19.25453009 
 127.1,    -20.23591208 
 127.2,    -21.34960248 
 127.3,    -22.63410865 
 127.4,    -24.14786999 
 127.5,    -25.98563186 
 127.6,    -28.31538566 
 127.7,    -31.47429814 
 127.8,    -36.24412287 
 127.9,    -42.89537778 
   128,    -38.11293199 
 128.1,    -32.62468896 
 128.2,    -29.11443369 
 128.3,    -26.59228174 
 128.4,    -24.63453898 
 128.5,    -23.03892261 
 128.6,    -21.69488635 
 128.7,    -20.53577911 
 128.8,    -19.51842024 
 128.9,    -18.61327209 
   129,    -17.79925452 
 129.1,    -17.06080395 
 129.2,    -16.38610625 
 129.3,    -15.76598384 
 129.4,    -15.19316662 
 129.5,    -14.66179844 
 129.6,    -14.16709339 
 129.7,    -13.70509046 
 129.8,    -13.27247475 
 129.9,    -12.86644454 
   130,    -12.48461099 
 130.1,    -12.12492113 
 130.2,    -11.78559809 
 130.3,    -11.46509408 
 130.4,    -11.16205293 
 130.5,    -10.87528009 
 130.6,    -10.60371827 
 130.7,    -10.34642751 
 130.8,     -10.1025688 
 130.9,    -9.871390425 
   131,    -9.652216668 
 131.1,    -9.444438192 
 131.2,    -9.247503994 
 131.3,    -9.060914535 
 131.4,    -8.884215885 
 131.5,    -8.716994691 
 131.6,    -8.558873849 
 131.7,    -8.409508758 
 131.8,     -8.26858407 
 131.9,    -8.135810854 
   132,    -8.010924119 
 132.1,    -7.893680652 
 132.2,    -7.783857105 
 132.3,    -7.681248321 
 132.4,    -7.585665849 
 132.5,    -7.496936637 
 132.6,    -7.414901875 
 132.7,    -7.339415963 
 132.8,    -7.270345605 
 132.9,    -7.207569001 
   133,    -7.150975126 
 133.1,    -7.100463104 
 133.2,     -7.05594164 
 133.3,    -7.017328533 
 133.4,    -6.984550234 
 133.5,    -6.957541475 
 133.6,    -6.936244932 
 133.7,     -6.92061095 
 133.8,    -6.910597296 
 133.9,    -6.906168969 
   134,    -6.907298033 
 134.1,    -6.913963495 
 134.2,    -6.926151219 
 134.3,    -6.943853871 
 134.4,    -6.967070894 
 134.5,     -6.99580853 
 134.6,    -7.030079856 
 134.7,    -7.069904874 
 134.8,     -7.11531062 
 134.9,    -7.166331316 
   135,     -7.22300856 
 135.1,    -7.285391554 
 135.2,    -7.353537372 
 135.3,    -7.427511274 
 135.4,     -7.50738707 
 135.5,    -7.593247534 
 135.6,    -7.685184874 
 135.7,    -7.783301264 
 135.8,    -7.887709452 
 135.9,    -7.998533432 
   136,    -8.115909209 
 136.1,    -8.239985654 
 136.2,    -8.370925469 
 136.3,    -8.508906268 
 136.4,     -8.65412179 
 136.5,    -8.806783272 
 136.6,    -8.967120983 
 136.7,     -9.13538597 
 136.8,    -9.311852015 
 136.9,    -9.496817861 
   137,     -9.69060973 
 137.1,    -9.893584192 
 137.2,    -10.10613142 
 137.3,    -10.32867893 
 137.4,    -10.56169582 
 137.5,     -10.8056977 
 137.6,    -11.06125229 
 137.7,    -11.32898592 
 137.8,    -11.60959107 
 137.9,    -11.90383508 
   138,    -12.21257024 
 138.1,    -12.53674567 
 138.2,    -12.87742099 
 138.3,    -13.23578251 
 138.4,    -13.61316189 
 138.5,    -14.01105813 
 138.6,    -14.43116286 
 138.7,    -14.87538958 
 138.8,    -15.34590673 
 138.9,    -15.84517408 
   139,     -16.3759809 
 139.1,    -16.94148171 
 139.2,    -17.54522125 
 139.3,    -18.19113107 
 139.4,    -18.88346339 
 139.5,     -19.6265941 
 139.6,    -20.42456255 
 139.7,    -21.28009169 
 139.8,     -22.1926036 
 139.9,    -23.15436475 
   140,    -24.14343212 
 140.1,    -25.11220776 
 140.2,    -25.97368353 
 140.3,    -26.59850817 
 140.4,      -26.849931 
 140.5,    -26.66128026 
 140.6,    -26.08640517 
 140.7,     -25.2583242 
 140.8,    -24.30998326 
 140.9,    -23.33353008 
   141,    -22.38039743 
 141.1,    -21.47478931 
 141.2,    -20.62561921 
 141.3,     -19.8340263 
 141.4,    -19.09752243 
 141.5,    -18.41213844 
 141.6,    -17.77348901 
 141.7,    -17.17727641 
 141.8,    -16.61950917 
 141.9,    -16.09657898 
   142,     -15.6052691 
 142.1,    -15.14273149 
 142.2,    -14.70645173 
 142.3,    -14.29421088 
 142.4,    -13.90404873 
 142.5,    -13.53423025 
 142.6,    -13.18321602 
 142.7,     -12.8496363 
 142.8,    -12.53226885 
 142.9,    -12.23001971 
   143,    -11.94190688 
 143.1,    -11.66704627 
 143.2,    -11.40463964 
 143.3,    -11.15396429 
 143.4,    -10.91436417 
 143.5,    -10.68524219 
 143.6,    -10.46605365 
 143.7,     -10.2563004 
 143.8,     -10.0555259 
 143.9,    -9.863310872 
   144,    -9.679269423 
 144.1,    -9.503045754 
 144.2,    -9.334311199 
 144.3,    -9.172761631 
 144.4,    -9.018115172 
 144.5,     -8.87011016 
 144.6,    -8.728503341 
 144.7,    -8.593068267 
 144.8,    -8.463593858 
 144.9,    -8.339883117 
   145,    -8.221751983 
 145.1,    -8.109028294 
 145.2,     -8.00155086 
 145.3,    -7.899168626 
 145.4,    -7.801739909 
 145.5,    -7.709131719 
 145.6,    -7.621219135 
 145.7,    -7.537884742 
 145.8,    -7.459018121 
 145.9,     -7.38451538 
   146,     -7.31427873 
 146.1,    -7.248216099 
 146.2,    -7.186240776 
 146.3,     -7.12827109 
 146.4,    -7.074230111 
 146.5,     -7.02404538 
 146.6,    -6.977648659 
 146.7,    -6.934975706 
 146.8,    -6.895966063 
 146.9,    -6.860562863 
   147,    -6.828712659 
 147.1,    -6.800365254 
 147.2,    -6.775473559 
 147.3,    -6.753993455 
 147.4,    -6.735883666 
 147.5,    -6.721105645 
 147.6,    -6.709623472 
 147.7,    -6.701403753 
 147.8,    -6.696415538 
 147.9,    -6.694630238 
   148,    -6.696021552 
 148.1,    -6.700565407 
 148.2,    -6.708239892 
 148.3,    -6.719025213 
 148.4,    -6.732903639 
 148.5,    -6.749859468 
 148.6,    -6.769878986 
 148.7,     -6.79295044 
 148.8,    -6.819064011 
 148.9,    -6.848211792 
   149,    -6.880387774 
 149.1,    -6.915587836 
 149.2,    -6.953809732 
 149.3,    -6.995053094 
 149.4,     -7.03931943 
 149.5,    -7.086612133 
 149.6,    -7.136936488 
 149.7,    -7.190299688 
 149.8,    -7.246710851 
 149.9,    -7.306181045 
   150,    -7.368723314 
 150.1,    -7.434352708 
 150.2,    -7.503086322 
 150.3,    -7.574943333 
 150.4,    -7.649945047 
 150.5,    -7.728114949 
 150.6,    -7.809478754 
 150.7,    -7.894064469 
 150.8,    -7.981902459 
 150.9,    -8.073025509 
   151,    -8.167468907 
 151.1,    -8.265270517 
 151.2,    -8.366470865 
 151.3,    -8.471113231 
 151.4,    -8.579243744 
 151.5,     -8.69091148 
 151.6,    -8.806168572 
 151.7,    -8.925070314 
 151.8,    -9.047675286 
 151.9,    -9.174045466 
   152,    -9.304246356 
 152.1,    -9.438347111 
 152.2,    -9.576420667 
 152.3,    -9.718543865 
 152.4,    -9.864797591 
 152.5,    -10.01526689 
 152.6,    -10.17004109 
 152.7,    -10.32921393 
 152.8,    -10.49288361 
 152.9,    -10.66115293 
   153,     -10.8341293 
 153.1,    -11.01192477 
 153.2,    -11.19465601 
 153.3,     -11.3824442 
 153.4,    -11.57541491 
 153.5,    -11.77369781 
 153.6,     -11.9774263 
 153.7,    -12.18673698 
 153.8,    -12.40176895 
 153.9,    -12.62266279 
   154,    -12.84955934 
 154.1,    -13.08259803 
 154.2,    -13.32191477 
 154.3,    -13.56763922 
 154.4,    -13.81989134 
 154.5,    -14.07877708 
 154.6,    -14.34438282 
 154.7,    -14.61676857 
 154.8,    -14.89595931 
 154.9,    -15.18193433 
   155,    -15.47461398 
 155.1,    -15.77384328 
 155.2,    -16.07937189 
 155.3,    -16.39082973 
 155.4,    -16.70769748 
 155.5,    -17.02927155 
 155.6,    -17.35462286 
 155.7,    -17.68254953 
 155.8,    -18.01152411 
 155.9,    -18.33963709 
   156,     -18.6645401 
 156.1,    -18.98339484 
 156.2,     -19.2928362 
 156.3,    -19.58896215 
 156.4,    -19.86736511 
 156.5,    -20.12322159 
 156.6,    -20.35145427 
 156.7,    -20.54697341 
 156.8,    -20.70499046 
 156.9,    -20.82137749 
   157,    -20.89302662 
 157.1,    -20.91815038 
 157.2,    -20.89646575 
 157.3,    -20.82922347 
 157.4,    -20.71907623 
 157.5,    -20.56981385 
 157.6,    -20.38601789 
 157.7,    -20.17269601 
 157.8,    -19.93494794 
 157.9,    -19.67769659 
   158,    -19.40549782 
 158.1,     -19.1224264 
 158.2,     -18.8320257 
 158.3,    -18.53730485 
 158.4,    -18.24076764 
 158.5,    -17.94445973 
 158.6,    -17.65002416 
 158.7,    -17.35875851 
 158.8,    -17.07166922 
 158.9,    -16.78952102 
   159,    -16.51288029 
 159.1,    -16.24215229 
 159.2,    -15.97761255 
 159.3,    -15.71943299 
 159.4,    -15.46770344 
 159.5,    -15.22244925 
 159.6,    -14.98364555 
 159.7,    -14.75122884 
 159.8,    -14.52510622 
 159.9,    -14.30516293 
   160,    -14.09126818 
 160.1,    -13.88327998 
 160.2,    -13.68104882 
 160.3,    -13.48442063 
 160.4,    -13.29323912 
 160.5,    -13.10734755 
 160.6,    -12.92659012 
 160.7,    -12.75081307 
 160.8,    -12.57986543 
 160.9,    -12.41359962 
   161,     -12.2518719 
 161.1,    -12.09454262 
 161.2,    -11.94147644 
 161.3,    -11.79254239 
 161.4,    -11.64761397 
 161.5,    -11.50656908 
 161.6,       -11.36929 
 161.7,    -11.23566332 
 161.8,    -11.10557981 
 161.9,    -10.97893433 
   162,    -10.85562569 
 162.1,    -10.73555653 
 162.2,    -10.61863318 
 162.3,     -10.5047655 
 162.4,    -10.39386676 
 162.5,    -10.28585349 
 162.6,    -10.18064535 
 162.7,    -10.07816501 
 162.8,    -9.978337987 
 162.9,     -9.88109255 
   163,     -9.78635958 
 163.1,    -9.694072464 
 163.2,    -9.604166975 
 163.3,    -9.516581173 
 163.4,    -9.431255293 
 163.5,    -9.348131655 
 163.6,    -9.267154565 
 163.7,    -9.188270228 
 163.8,    -9.111426661 
 163.9,    -9.036573613 
   164,    -8.963662487 
 164.1,    -8.892646268 
 164.2,    -8.823479449 
 164.3,     -8.75611797 
 164.4,    -8.690519151 
 164.5,    -8.626641631 
 164.6,    -8.564445315 
 164.7,    -8.503891315 
 164.8,    -8.444941899 
 164.9,    -8.387560445 
   165,    -8.331711392 
 165.1,    -8.277360192 
 165.2,    -8.224473274 
 165.3,       -8.173018 
 165.4,    -8.122962626 
 165.5,    -8.074276268 
 165.6,    -8.026928864 
 165.7,    -7.980891143 
 165.8,    -7.936134595 
 165.9,    -7.892631436 
   166,    -7.850354583 
 166.1,    -7.809277626 
 166.2,    -7.769374803 
 166.3,    -7.730620973 
 166.4,    -7.692991591 
 166.5,    -7.656462691 
 166.6,     -7.62101086 
 166.7,    -7.586613215 
 166.8,    -7.553247392 
 166.9,    -7.520891519 
   167,      -7.4895242 
 167.1,      -7.4591245 
 167.2,    -7.429671928 
 167.3,    -7.401146419 
 167.4,    -7.373528321 
 167.5,    -7.346798383 
 167.6,    -7.320937735 
 167.7,    -7.295927881 
 167.8,    -7.271750682 
 167.9,    -7.248388349 
   168,    -7.225823425 
 168.1,     -7.20403878 
 168.2,    -7.183017599 
 168.3,    -7.162743367 
 168.4,    -7.143199867 
 168.5,    -7.124371167 
 168.6,    -7.106241609 
 168.7,    -7.088795805 
 168.8,    -7.072018626 
 168.9,    -7.055895195 
   169,    -7.040410881 
 169.1,    -7.025551287 
 169.2,    -7.011302252 
 169.3,    -6.997649834 
 169.4,    -6.984580313 
 169.5,    -6.972080179 
 169.6,    -6.960136128 
 169.7,    -6.948735059 
 169.8,    -6.937864065 
 169.9,    -6.927510429 
   170,    -6.917661622 
 170.1,    -6.908305295 
 170.2,    -6.899429277 
 170.3,    -6.891021568 
 170.4,    -6.883070338 
 170.5,    -6.875563923 
 170.6,    -6.868490819 
 170.7,    -6.861839681 
 170.8,    -6.855599317 
 170.9,    -6.849758688 
   171,    -6.844306904 
 171.1,    -6.839233219 
 171.2,    -6.834527031 
 171.3,     -6.83017788 
 171.4,    -6.826175441 
 171.5,    -6.822509527 
 171.6,    -6.819170083 
 171.7,    -6.816147187 
 171.8,    -6.813431046 
 171.9,    -6.811011994 
   172,    -6.808880492 
 172.1,    -6.807027124 
 172.2,    -6.805442599 
 172.3,    -6.804117745 
 172.4,    -6.803043512 
 172.5,    -6.802210967 
 172.6,    -6.801611296 
 172.7,      -6.8012358 
 172.8,    -6.801075899 
 172.9,    -6.801123123 
   173,    -6.801369118 
 173.1,    -6.801805645 
 173.2,    -6.802424574 
 173.3,    -6.803217888 
 173.4,    -6.804177681 
 173.5,    -6.805296158 
 173.6,    -6.806565634 
 173.7,    -6.807978535 
 173.8,    -6.809527393 
 173.9,    -6.811204852 
   174,    -6.813003666 
 174.1,    -6.814916694 
 174.2,    -6.816936907 
 174.3,    -6.819057384 
 174.4,    -6.821271311 
 174.5,    -6.823571984 
 174.6,    -6.825952808 
 174.7,    -6.828407295 
 174.8,    -6.830929067 
 174.9,    -6.833511856 
   175,    -6.836149501 
 175.1,    -6.838835952 
 175.2,    -6.841565268 
 175.3,    -6.844331619 
 175.4,    -6.847129284 
 175.5,    -6.849952653 
 175.6,    -6.852796227 
 175.7,    -6.855654619 
 175.8,    -6.858522553 
 175.9,    -6.861394865 
   176,    -6.864266504 
 176.1,    -6.867132532 
 176.2,    -6.869988124 
 176.3,     -6.87282857 
 176.4,    -6.875649272 
 176.5,     -6.87844575 
 176.6,    -6.881213636 
 176.7,    -6.883948682 
 176.8,    -6.886646752 
 176.9,     -6.88930383 
   177,    -6.891916016 
 177.1,    -6.894479527 
 177.2,    -6.896990701 
 177.3,    -6.899445991 
 177.4,    -6.901841973 
 177.5,    -6.904175341 
 177.6,    -6.906442909 
 177.7,    -6.908641612 
 177.8,    -6.910768507 
 177.9,    -6.912820772 
   178,    -6.914795707 
 178.1,    -6.916690734 
 178.2,    -6.918503399 
 178.3,    -6.920231372 
 178.4,    -6.921872443 
 178.5,    -6.923424531 
 178.6,    -6.924885676 
 178.7,    -6.926254043 
 178.8,    -6.927527925 
 178.9,    -6.928705736 
   179,     -6.92978602 
 179.1,    -6.930767443 
 179.2,      -6.9316488 
 179.3,    -6.932429011 
 179.4,    -6.933107123 
 179.5,     -6.93368231 
 179.6,    -6.934153871 
 179.7,    -6.934521235 
 179.8,    -6.934783956 
 179.9,    -6.934941716 
   180,    -6.934994324 
 180.1,    -6.934941716 
 180.2,    -6.934783956 
 180.3,    -6.934521235 
 180.4,    -6.934153871 
 180.5,     -6.93368231 
 180.6,    -6.933107123 
 180.7,    -6.932429011 
 180.8,      -6.9316488 
 180.9,    -6.930767443 
   181,     -6.92978602 
 181.1,    -6.928705737 
 181.2,    -6.927527925 
 181.3,    -6.926254043 
 181.4,    -6.924885676 
 181.5,    -6.923424531 
 181.6,    -6.921872443 
 181.7,    -6.920231372 
 181.8,      -6.9185034 
 181.9,    -6.916690734 
   182,    -6.914795707 
 182.1,    -6.912820772 
 182.2,    -6.910768508 
 182.3,    -6.908641613 
 182.4,    -6.906442909 
 182.5,    -6.904175341 
 182.6,    -6.901841974 
 182.7,    -6.899445992 
 182.8,    -6.896990701 
 182.9,    -6.894479528 
   183,    -6.891916016 
 183.1,    -6.889303831 
 183.2,    -6.886646753 
 183.3,    -6.883948682 
 183.4,    -6.881213637 
 183.5,     -6.87844575 
 183.6,    -6.875649272 
 183.7,     -6.87282857 
 183.8,    -6.869988125 
 183.9,    -6.867132533 
   184,    -6.864266505 
 184.1,    -6.861394866 
 184.2,    -6.858522554 
 184.3,     -6.85565462 
 184.4,    -6.852796228 
 184.5,    -6.849952653 
 184.6,    -6.847129284 
 184.7,    -6.844331619 
 184.8,    -6.841565268 
 184.9,    -6.838835952 
   185,    -6.836149501 
 185.1,    -6.833511856 
 185.2,    -6.830929067 
 185.3,    -6.828407295 
 185.4,    -6.825952808 
 185.5,    -6.823571984 
 185.6,    -6.821271311 
 185.7,    -6.819057384 
 185.8,    -6.816936908 
 185.9,    -6.814916695 
   186,    -6.813003666 
 186.1,    -6.811204853 
 186.2,    -6.809527393 
 186.3,    -6.807978535 
 186.4,    -6.806565635 
 186.5,    -6.805296159 
 186.6,    -6.804177681 
 186.7,    -6.803217888 
 186.8,    -6.802424574 
 186.9,    -6.801805645 
   187,    -6.801369119 
 187.1,    -6.801123123 
 187.2,    -6.801075899 
 187.3,    -6.801235801 
 187.4,    -6.801611296 
 187.5,    -6.802210967 
 187.6,    -6.803043512 
 187.7,    -6.804117746 
 187.8,      -6.8054426 
 187.9,    -6.807027125 
   188,    -6.808880492 
 188.1,    -6.811011995 
 188.2,    -6.813431047 
 188.3,    -6.816147188 
 188.4,    -6.819170084 
 188.5,    -6.822509527 
 188.6,    -6.826175442 
 188.7,    -6.830177881 
 188.8,    -6.834527032 
 188.9,    -6.839233219 
   189,    -6.844306904 
 189.1,    -6.849758689 
 189.2,    -6.855599317 
 189.3,    -6.861839681 
 189.4,     -6.86849082 
 189.5,    -6.875563924 
 189.6,    -6.883070339 
 189.7,    -6.891021568 
 189.8,    -6.899429277 
 189.9,    -6.908305296 
   190,    -6.917661623 
 190.1,     -6.92751043 
 190.2,    -6.937864065 
 190.3,     -6.94873506 
 190.4,    -6.960136129 
 190.5,     -6.97208018 
 190.6,    -6.984580314 
 190.7,    -6.997649835 
 190.8,    -7.011302253 
 190.9,    -7.025551288 
   191,    -7.040410881 
 191.1,    -7.055895196 
 191.2,    -7.072018627 
 191.3,    -7.088795806 
 191.4,     -7.10624161 
 191.5,    -7.124371168 
 191.6,    -7.143199868 
 191.7,    -7.162743368 
 191.8,    -7.183017599 
 191.9,    -7.204038781 
   192,    -7.225823426 
 192.1,     -7.24838835 
 192.2,    -7.271750683 
 192.3,    -7.295927882 
 192.4,    -7.320937736 
 192.5,    -7.346798384 
 192.6,    -7.373528322 
 192.7,     -7.40114642 
 192.8,    -7.429671929 
 192.9,    -7.459124501 
   193,    -7.489524201 
 193.1,     -7.52089152 
 193.2,    -7.553247393 
 193.3,    -7.586613216 
 193.4,    -7.621010861 
 193.5,    -7.656462692 
 193.6,    -7.692991592 
 193.7,    -7.730620974 
 193.8,    -7.769374805 
 193.9,    -7.809277627 
   194,    -7.850354584 
 194.1,    -7.892631437 
 194.2,    -7.936134596 
 194.3,    -7.980891144 
 194.4,    -8.026928865 
 194.5,    -8.074276269 
 194.6,    -8.122962627 
 194.7,    -8.173018001 
 194.8,    -8.224473275 
 194.9,    -8.277360193 
   195,    -8.331711393 
 195.1,    -8.387560447 
 195.2,      -8.4449419 
 195.3,    -8.503891316 
 195.4,    -8.564445316 
 195.5,    -8.626641633 
 195.6,    -8.690519152 
 195.7,    -8.756117971 
 195.8,     -8.82347945 
 195.9,    -8.892646269 
   196,    -8.963662489 
 196.1,    -9.036573615 
 196.2,    -9.111426663 
 196.3,     -9.18827023 
 196.4,    -9.267154567 
 196.5,    -9.348131656 
 196.6,    -9.431255294 
 196.7,    -9.516581174 
 196.8,    -9.604166977 
 196.9,    -9.694072465 
   197,    -9.786359582 
 197.1,    -9.881092552 
 197.2,    -9.978337989 
 197.3,    -10.07816501 
 197.4,    -10.18064535 
 197.5,    -10.28585349 
 197.6,    -10.39386676 
 197.7,     -10.5047655 
 197.8,    -10.61863319 
 197.9,    -10.73555654 
   198,    -10.85562569 
 198.1,    -10.97893433 
 198.2,    -11.10557981 
 198.3,    -11.23566332 
 198.4,       -11.36929 
 198.5,    -11.50656908 
 198.6,    -11.64761397 
 198.7,     -11.7925424 
 198.8,    -11.94147644 
 198.9,    -12.09454263 
   199,    -12.25187191 
 199.1,    -12.41359963 
 199.2,    -12.57986543 
 199.3,    -12.75081308 
 199.4,    -12.92659013 
 199.5,    -13.10734755 
 199.6,    -13.29323912 
 199.7,    -13.48442063 
 199.8,    -13.68104882 
 199.9,    -13.88327999 
   200,    -14.09126819 
 200.1,    -14.30516293 
 200.2,    -14.52510623 
 200.3,    -14.75122884 
 200.4,    -14.98364556 
 200.5,    -15.22244926 
 200.6,    -15.46770345 
 200.7,      -15.719433 
 200.8,    -15.97761256 
 200.9,     -16.2421523 
   201,     -16.5128803 
 201.1,    -16.78952103 
 201.2,    -17.07166923 
 201.3,    -17.35875852 
 201.4,    -17.65002417 
 201.5,    -17.94445973 
 201.6,    -18.24076765 
 201.7,    -18.53730486 
 201.8,    -18.83202571 
 201.9,    -19.12242641 
   202,    -19.40549783 
 202.1,     -19.6776966 
 202.2,    -19.93494795 
 202.3,    -20.17269602 
 202.4,     -20.3860179 
 202.5,    -20.56981386 
 202.6,    -20.71907625 
 202.7,    -20.82922349 
 202.8,    -20.89646577 
 202.9,    -20.91815039 
   203,    -20.89302663 
 203.1,     -20.8213775 
 203.2,    -20.70499047 
 203.3,    -20.54697343 
 203.4,    -20.35145428 
 203.5,     -20.1232216 
 203.6,    -19.86736512 
 203.7,    -19.58896216 
 203.8,    -19.29283621 
 203.9,    -18.98339485 
   204,    -18.66454011 
 204.1,    -18.33963709 
 204.2,    -18.01152412 
 204.3,    -17.68254953 
 204.4,    -17.35462286 
 204.5,    -17.02927156 
 204.6,    -16.70769749 
 204.7,    -16.39082973 
 204.8,     -16.0793719 
 204.9,    -15.77384328 
   205,    -15.47461399 
 205.1,    -15.18193434 
 205.2,    -14.89595931 
 205.3,    -14.61676857 
 205.4,    -14.34438282 
 205.5,    -14.07877708 
 205.6,    -13.81989135 
 205.7,    -13.56763922 
 205.8,    -13.32191478 
 205.9,    -13.08259804 
   206,    -12.84955934 
 206.1,    -12.62266279 
 206.2,    -12.40176895 
 206.3,    -12.18673699 
 206.4,     -11.9774263 
 206.5,    -11.77369781 
 206.6,    -11.57541491 
 206.7,     -11.3824442 
 206.8,    -11.19465601 
 206.9,    -11.01192477 
   207,    -10.83412931 
 207.1,    -10.66115294 
 207.2,    -10.49288361 
 207.3,    -10.32921393 
 207.4,     -10.1700411 
 207.5,    -10.01526689 
 207.6,    -9.864797594 
 207.7,    -9.718543868 
 207.8,    -9.576420669 
 207.9,    -9.438347114 
   208,    -9.304246358 
 208.1,    -9.174045468 
 208.2,    -9.047675288 
 208.3,    -8.925070316 
 208.4,    -8.806168574 
 208.5,    -8.690911483 
 208.6,    -8.579243746 
 208.7,    -8.471113233 
 208.8,    -8.366470867 
 208.9,    -8.265270519 
   209,    -8.167468909 
 209.1,    -8.073025511 
 209.2,    -7.981902461 
 209.3,    -7.894064471 
 209.4,    -7.809478755 
 209.5,    -7.728114951 
 209.6,    -7.649945049 
 209.7,    -7.574943335 
 209.8,    -7.503086324 
 209.9,     -7.43435271 
   210,    -7.368723316 
 210.1,    -7.306181047 
 210.2,    -7.246710853 
 210.3,     -7.19029969 
 210.4,     -7.13693649 
 210.5,    -7.086612135 
 210.6,    -7.039319432 
 210.7,    -6.995053095 
 210.8,    -6.953809734 
 210.9,    -6.915587838 
   211,    -6.880387776 
 211.1,    -6.848211793 
 211.2,    -6.819064012 
 211.3,    -6.792950442 
 211.4,    -6.769878988 
 211.5,    -6.749859469 
 211.6,    -6.732903641 
 211.7,    -6.719025214 
 211.8,    -6.708239894 
 211.9,    -6.700565409 
   212,    -6.696021554 
 212.1,    -6.694630239 
 212.2,     -6.69641554 
 212.3,    -6.701403755 
 212.4,    -6.709623473 
 212.5,    -6.721105647 
 212.6,    -6.735883667 
 212.7,    -6.753993457 
 212.8,    -6.775473561 
 212.9,    -6.800365255 
   213,     -6.82871266 
 213.1,    -6.860562865 
 213.2,    -6.895966064 
 213.3,    -6.934975708 
 213.4,    -6.977648661 
 213.5,    -7.024045381 
 213.6,    -7.074230113 
 213.7,    -7.128271092 
 213.8,    -7.186240778 
 213.9,      -7.2482161 
   214,    -7.314278731 
 214.1,    -7.384515381 
 214.2,    -7.459018123 
 214.3,    -7.537884743 
 214.4,    -7.621219136 
 214.5,     -7.70913172 
 214.6,     -7.80173991 
 214.7,    -7.899168627 
 214.8,    -8.001550862 
 214.9,    -8.109028295 
   215,    -8.221751984 
 215.1,    -8.339883119 
 215.2,     -8.46359386 
 215.3,    -8.593068269 
 215.4,    -8.728503342 
 215.5,    -8.870110161 
 215.6,    -9.018115174 
 215.7,    -9.172761633 
 215.8,      -9.3343112 
 215.9,    -9.503045755 
   216,    -9.679269424 
 216.1,    -9.863310873 
 216.2,     -10.0555259 
 216.3,     -10.2563004 
 216.4,    -10.46605365 
 216.5,     -10.6852422 
 216.6,    -10.91436417 
 216.7,    -11.15396429 
 216.8,    -11.40463964 
 216.9,    -11.66704627 
   217,    -11.94190688 
 217.1,    -12.23001971 
 217.2,    -12.53226885 
 217.3,     -12.8496363 
 217.4,    -13.18321602 
 217.5,    -13.53423025 
 217.6,    -13.90404873 
 217.7,    -14.29421088 
 217.8,    -14.70645173 
 217.9,    -15.14273149 
   218,     -15.6052691 
 218.1,    -16.09657898 
 218.2,    -16.61950916 
 218.3,    -17.17727641 
 218.4,    -17.77348901 
 218.5,    -18.41213843 
 218.6,    -19.09752243 
 218.7,     -19.8340263 
 218.8,     -20.6256192 
 218.9,     -21.4747893 
   219,    -22.38039742 
 219.1,    -23.33353007 
 219.2,    -24.30998324 
 219.3,    -25.25832418 
 219.4,    -26.08640515 
 219.5,    -26.66128024 
 219.6,    -26.84993097 
 219.7,    -26.59850815 
 219.8,    -25.97368351 
 219.9,    -25.11220774 
   220,     -24.1434321 
 220.1,    -23.15436474 
 220.2,     -22.1926036 
 220.3,    -21.28009168 
 220.4,    -20.42456255 
 220.5,     -19.6265941 
 220.6,    -18.88346339 
 220.7,    -18.19113107 
 220.8,    -17.54522125 
 220.9,    -16.94148171 
   221,     -16.3759809 
 221.1,    -15.84517408 
 221.2,    -15.34590673 
 221.3,    -14.87538958 
 221.4,    -14.43116286 
 221.5,    -14.01105813 
 221.6,    -13.61316189 
 221.7,    -13.23578251 
 221.8,    -12.87742099 
 221.9,    -12.53674567 
   222,    -12.21257024 
 222.1,    -11.90383508 
 222.2,    -11.60959107 
 222.3,    -11.32898592 
 222.4,    -11.06125229 
 222.5,     -10.8056977 
 222.6,    -10.56169583 
 222.7,    -10.32867893 
 222.8,    -10.10613142 
 222.9,    -9.893584193 
   223,    -9.690609731 
 223.1,    -9.496817862 
 223.2,    -9.311852016 
 223.3,    -9.135385972 
 223.4,    -8.967120985 
 223.5,    -8.806783273 
 223.6,    -8.654121792 
 223.7,    -8.508906269 
 223.8,     -8.37092547 
 223.9,    -8.239985655 
   224,     -8.11590921 
 224.1,    -7.998533434 
 224.2,    -7.887709454 
 224.3,    -7.783301266 
 224.4,    -7.685184875 
 224.5,    -7.593247536 
 224.6,    -7.507387072 
 224.7,    -7.427511275 
 224.8,    -7.353537373 
 224.9,    -7.285391556 
   225,    -7.223008561 
 225.1,    -7.166331317 
 225.2,    -7.115310621 
 225.3,    -7.069904876 
 225.4,    -7.030079858 
 225.5,    -6.995808531 
 225.6,    -6.967070896 
 225.7,    -6.943853872 
 225.8,    -6.926151221 
 225.9,    -6.913963496 
   226,    -6.907298034 
 226.1,     -6.90616897 
 226.2,    -6.910597298 
 226.3,    -6.920610951 
 226.4,    -6.936244934 
 226.5,    -6.957541476 
 226.6,    -6.984550236 
 226.7,    -7.017328534 
 226.8,    -7.055941641 
 226.9,    -7.100463105 
   227,    -7.150975127 
 227.1,    -7.207569002 
 227.2,    -7.270345607 
 227.3,    -7.339415964 
 227.4,    -7.414901876 
 227.5,    -7.496936638 
 227.6,     -7.58566585 
 227.7,    -7.681248322 
 227.8,    -7.783857107 
 227.9,    -7.893680653 
   228,     -8.01092412 
 228.1,    -8.135810855 
 228.2,    -8.268584072 
 228.3,     -8.40950876 
 228.4,     -8.55887385 
 228.5,    -8.716994692 
 228.6,    -8.884215886 
 228.7,    -9.060914537 
 228.8,    -9.247503995 
 228.9,    -9.444438193 
   229,    -9.652216669 
 229.1,    -9.871390426 
 229.2,     -10.1025688 
 229.3,    -10.34642751 
 229.4,    -10.60371827 
 229.5,    -10.87528009 
 229.6,    -11.16205293 
 229.7,    -11.46509408 
 229.8,    -11.78559809 
 229.9,    -12.12492113 
   230,    -12.48461099 
 230.1,    -12.86644454 
 230.2,    -13.27247475 
 230.3,    -13.70509047 
 230.4,    -14.16709339 
 230.5,    -14.66179844 
 230.6,    -15.19316662 
 230.7,    -15.76598384 
 230.8,    -16.38610625 
 230.9,    -17.06080395 
   231,    -17.79925452 
 231.1,    -18.61327209 
 231.2,    -19.51842024 
 231.3,    -20.53577911 
 231.4,    -21.69488635 
 231.5,    -23.03892261 
 231.6,    -24.63453898 
 231.7,    -26.59228173 
 231.8,    -29.11443369 
 231.9,    -32.62468895 
   232,    -38.11293195 
 232.1,    -42.89537766 
 232.2,    -36.24412284 
 232.3,    -31.47429814 
 232.4,    -28.31538566 
 232.5,    -25.98563186 
 232.6,    -24.14786999 
 232.7,    -22.63410865 
 232.8,    -21.34960248 
 232.9,    -20.23591208 
   233,    -19.25453009 
 233.1,    -18.37877126 
 233.2,    -17.58939585 
 233.3,    -16.87208268 
 233.4,    -16.21588869 
 233.5,    -15.61226701 
 233.6,    -15.05441733 
 233.7,    -14.53684228 
 233.8,    -14.05503622 
 233.9,     -13.6052617 
   234,    -13.18438563 
 234.1,    -12.78975687 
 234.2,    -12.41911346 
 234.3,    -12.07051113 
 234.4,    -11.74226764 
 234.5,    -11.43291879 
 234.6,    -11.14118337 
 234.7,    -10.86593499 
 234.8,     -10.6061791 
 234.9,    -10.36103428 
   235,    -10.12971672 
 235.1,    -9.911527391 
 235.2,    -9.705841268 
 235.3,    -9.512098327 
 235.4,    -9.329795895 
 235.5,    -9.158482183 
 235.6,    -8.997750758 
 235.7,    -8.847235819 
 235.8,     -8.70660814 
 235.9,    -8.575571575 
   236,    -8.453860047 
 236.1,    -8.341234939 
 236.2,    -8.237482846 
 236.3,    -8.142413619 
 236.4,    -8.055858682 
 236.5,    -7.977669578 
 236.6,     -7.90771672 
 236.7,    -7.845888318 
 236.8,    -7.792089475 
 236.9,    -7.746241428 
   237,    -7.708280918 
 237.1,    -7.678159696 
 237.2,     -7.65584413 
 237.3,    -7.641314935 
 237.4,    -7.634566997 
 237.5,    -7.635609311 
 237.6,    -7.644465008 
 237.7,    -7.661171498 
 237.8,    -7.685780702 
 237.9,    -7.718359404 
   238,    -7.758989709 
 238.1,    -7.807769623 
 238.2,    -7.864813759 
 238.3,    -7.930254187 
 238.4,    -8.004241438 
 238.5,    -8.086945676 
 238.6,    -8.178558064 
 238.7,    -8.279292346 
 238.8,    -8.389386676 
 238.9,    -8.509105723 
   239,    -8.638743108 
 239.1,    -8.778624206 
 239.2,    -8.929109391 
 239.3,    -9.090597789 
 239.4,    -9.263531633 
 239.5,    -9.448401327 
 239.6,    -9.645751362 
 239.7,    -9.856187243 
 239.8,    -10.08038364 
 239.9,    -10.31909401 
   240,    -10.57316205 
 240.1,    -10.84353534 
 240.2,    -11.13128171 
 240.3,     -11.4376091 
 240.4,    -11.76388956 
 240.5,     -12.1116888 
 240.6,    -12.48280257 
 240.7,     -12.8793019 
 240.8,    -13.30358995 
 240.9,    -13.75847391 
   241,    -14.24725696 
 241.1,    -14.77385701 
 241.2,    -15.34296145 
 241.3,      -15.960231 
 241.4,    -16.63257013 
 241.5,    -17.36848807 
 241.6,    -18.17857972 
 241.7,     -19.0761563 
 241.8,    -20.07802908 
 241.9,    -21.20533106 
   242,    -22.48382364 
 242.1,    -23.94160445 
 242.2,    -25.59685102 
 242.3,    -27.41116002 
 242.4,    -29.14722578 
 242.5,    -30.14876947 
 242.6,    -29.72200313 
 242.7,    -28.18740407 
 242.8,    -26.34102364 
 242.9,    -24.58702399 
   243,    -23.02579102 
 243.1,    -21.65467668 
 243.2,    -20.44732676 
 243.3,     -19.3763598 
 243.4,     -18.4185685 
 243.5,    -17.55533307 
 243.6,    -16.77190949 
 243.7,    -16.05660062 
 243.8,    -15.40005466 
 243.9,    -14.79472108 
   244,    -14.23444043 
 244.1,    -13.71413715 
 244.2,    -13.22958876 
 244.3,    -12.77725127 
 244.4,    -12.35412587 
 244.5,    -11.95765607 
 244.6,    -11.58564768 
 244.7,    -11.23620585 
 244.8,    -10.90768506 
 244.9,    -10.59864917 
   245,    -10.30783912 
 245.1,     -10.0341466 
 245.2,    -9.776592628 
 245.3,    -9.534309703 
 245.4,    -9.306527127 
 245.5,    -9.092558689 
 245.6,    -8.891792351 
 245.7,    -8.703681551 
 245.8,    -8.527737842 
 245.9,     -8.36352464 
   246,    -8.210651895 
 246.1,     -8.06877154 
 246.2,    -7.937573596 
 246.3,    -7.816782838 
 246.4,    -7.706155936 
 246.5,    -7.605479015 
 246.6,    -7.514565569 
 246.7,    -7.433254699 
 246.8,    -7.361409617 
 246.9,    -7.298916413 
   247,     -7.24568304 
 247.1,    -7.201638507 
 247.2,    -7.166732266 
 247.3,    -7.140933774 
 247.4,    -7.124232237 
 247.5,     -7.11663651 
 247.6,    -7.118175178 
 247.7,    -7.128896792 
 247.8,    -7.148870287 
 247.9,    -7.178185577 
   248,    -7.216954337 
 248.1,    -7.265311005 
 248.2,    -7.323413994 
 248.3,    -7.391447163 
 248.4,    -7.469621569 
 248.5,    -7.558177531 
 248.6,    -7.657387059 
 248.7,      -7.7675567 
 248.8,    -7.889030868 
 248.9,     -8.02219574 
   249,    -8.167483829 
 249.1,    -8.325379335 
 249.2,    -8.496424464 
 249.3,    -8.681226873 
 249.4,    -8.880468515 
 249.5,    -9.094916167 
 249.6,    -9.325434044 
 249.7,    -9.572999002 
 249.8,    -9.838718969 
 249.9,    -10.12385547 
   250,    -10.42985134 
 250.1,     -10.7583652 
 250.2,    -11.11131461 
 250.3,    -11.49093083 
 250.4,    -11.89982902 
 250.5,    -12.34109939 
 250.6,    -12.81842737 
 250.7,    -13.33625459 
 250.8,     -13.8999983 
 250.9,    -14.51635714 
   251,    -15.19374697 
 251.1,    -15.94293978 
 251.2,    -16.77803055 
 251.3,    -17.71795772 
 251.4,    -18.78900653 
 251.5,    -20.02917204 
 251.6,    -21.49633061 
 251.7,     -23.2850603 
 251.8,    -25.56607556 
 251.9,    -28.69835599 
   252,    -33.66998405 
 252.1,    -45.34089151 
 252.2,    -37.96462159 
 252.3,    -30.80744803 
 252.4,    -26.88689496 
 252.5,    -24.18242074 
 252.6,    -22.11751657 
 252.7,    -20.44810627 
 252.8,    -19.04802145 
 252.9,     -17.8435531 
   253,    -16.78789923 
 253.1,    -15.84948732 
 253.2,    -15.00601393 
 253.3,    -14.24114147 
 253.4,    -13.54254656 
 253.5,    -12.90070661 
 253.6,    -12.30811292 
 253.7,     -11.7587422 
 253.8,    -11.24769107 
 253.9,    -10.77091655 
   254,    -10.32504788 
 254.1,    -9.907247164 
 254.2,    -9.515104616 
 254.3,     -9.14655842 
 254.4,    -8.799832688 
 254.5,    -8.473388785 
 254.6,    -8.165886746 
 254.7,    -7.876154366 
 254.8,    -7.603162226 
 254.9,    -7.346003349 
   255,    -7.103876494 
 255.1,    -6.876072361 
 255.2,    -6.661962132 
 255.3,    -6.460987889 
 255.4,    -6.272654585 
 255.5,    -6.096523284 
 255.6,    -5.932205448 
 255.7,     -5.77935812 
 255.8,    -5.637679835 
 255.9,    -5.506907176 
   256,    -5.386811863 
 256.1,    -5.277198323 
 256.2,    -5.177901661 
 256.3,    -5.088786004 
 256.4,    -5.009743171 
 256.5,    -4.940691639 
 256.6,    -4.881575786 
 256.7,    -4.832365401 
 256.8,    -4.793055436 
 256.9,    -4.763666009 
   257,    -4.744242651 
 257.1,    -4.734856803 
 257.2,    -4.735606575 
 257.3,    -4.746617783 
 257.4,    -4.768045285 
 257.5,    -4.800074644 
 257.6,    -4.842924161 
 257.7,    -4.896847318 
 257.8,    -4.962135698 
 257.9,    -5.039122446 
   258,    -5.128186365 
 258.1,    -5.229756765 
 258.2,    -5.344319194 
 258.3,    -5.472422232 
 258.4,    -5.614685556 
 258.5,    -5.771809568 
 258.6,    -5.944586912 
 258.7,     -6.13391634 
 258.8,    -6.340819501 
 258.9,      -6.5664614 
   259,    -6.812175501 
 259.1,    -7.079494807 
 259.2,     -7.37019066 
 259.3,    -7.686321672 
 259.4,    -8.030296125 
 259.5,    -8.404952501 
 259.6,    -8.813664853 
 259.7,    -9.260482761 
 259.8,    -9.750320455 
 259.9,     -10.2892173 
   260,    -10.88470461 
 260.1,    -11.54633522 
 260.2,    -12.28647108 
 260.3,    -13.12149512 
 260.4,    -14.07375434 
 260.5,    -15.17483372 
 260.6,    -16.47142179 
 260.7,    -18.03666962 
 260.8,     -19.9945396 
 260.9,    -22.57964775 
   261,    -26.31393527 
 261.1,    -32.56860822 
 261.2,    -35.76517166 
 261.3,    -28.05816117 
 261.4,     -23.4292451 
 261.5,    -20.32304215 
 261.6,    -17.99167444 
 261.7,    -16.12379142 
 261.8,    -14.56359561 
 261.9,    -13.22251604 
   262,     -12.0455134 
 262.1,    -10.99608715 
 262.2,    -10.04880315 
 262.3,    -9.185235826 
 262.4,    -8.391611779 
 262.5,    -7.657366012 
 262.6,    -6.974217471 
 262.7,    -6.335554965 
 262.8,     -5.73601639 
 262.9,    -5.171192579 
   263,    -4.637414002 
 263.1,    -4.131593976 
 263.2,    -3.651111341 
 263.3,    -3.193721242 
 263.4,    -2.757486327 
 263.5,    -2.340722985 
 263.6,    -1.941958856 
 263.7,    -1.559898885 
 263.8,    -1.193397943 
 263.9,   -0.8414385443 
   264,   -0.5031125647 
 264.1,   -0.1776061263 
 264.2,    0.1358129844 
 264.3,    0.4378058602 
 264.4,    0.7289713609 
 264.5,      1.00985365 
 264.6,     1.280948615 
 264.7,     1.542709369 
 264.8,     1.795550987 
 264.9,     2.039854591 
   265,     2.275970905 
 265.1,     2.504223348 
 265.2,     2.724910737 
 265.3,     2.938309661 
 265.4,     3.144676571 
 265.5,     3.344249627 
 265.6,      3.53725033 
 265.7,     3.723884974 
 265.8,     3.904345942 
 265.9,     4.078812858 
   266,     4.247453624 
 266.1,     4.410425341 
 266.2,     4.567875148 
 266.3,     4.719940973 
 266.4,     4.866752207 
 266.5,      5.00843032 
 266.6,     5.145089416 
 266.7,     5.276836738 
 266.8,     5.403773123 
 266.9,     5.525993422 
   267,      5.64358688 
 267.1,     5.756637479 
 267.2,     5.865224262 
 267.3,     5.969421615 
 267.4,     6.069299536 
 267.5,     6.164923881 
 267.6,     6.256356581 
 267.7,      6.34365585 
 267.8,     6.426876373 
 267.9,     6.506069475 
   268,     6.581283286 
 268.1,     6.652562876 
 268.2,       6.7199504 
 268.3,     6.783485211 
 268.4,     6.843203976 
 268.5,      6.89914078 
 268.6,     6.951327216 
 268.7,     6.999792477 
 268.8,     7.044563426 
 268.9,     7.085664674 
   269,      7.12311864 
 269.1,     7.156945611 
 269.2,     7.187163792 
 269.3,     7.213789353 
 269.4,     7.236836469 
 269.5,     7.256317357 
 269.6,     7.272242302 
 269.7,     7.284619687 
 269.8,     7.293456011 
 269.9,     7.298755903 
   270,     7.300522139 
 270.1,     7.298755642 
 270.2,     7.293455488 
 270.3,     7.284618904 
 270.4,      7.27224126 
 270.5,     7.256316056 
 270.6,     7.236834912 
 270.7,      7.21378754 
 270.8,     7.187161727 
 270.9,     7.156943296 
   271,     7.123116077 
 271.1,     7.085661867 
 271.2,     7.044560378 
 271.3,     6.999789192 
 271.4,     6.951323699 
 271.5,     6.899137034 
 271.6,     6.843200007 
 271.7,     6.783481024 
 271.8,     6.719946001 
 271.9,     6.652558271 
   272,      6.58127848 
 272.1,     6.506064477 
 272.2,     6.426871189 
 272.3,     6.343650488 
 272.4,      6.25635105 
 272.5,     6.164918189 
 272.6,     6.069293693 
 272.7,      5.96941563 
 272.8,     5.865218147 
 272.9,     5.756631244 
   273,     5.643580536 
 273.1,     5.525986982 
 273.2,     5.403766599 
 273.3,     5.276830145 
 273.4,     5.145082768 
 273.5,     5.008423632 
 273.6,     4.866745495 
 273.7,     4.719934255 
 273.8,     4.567868441 
 273.9,     4.410418664 
   274,     4.247446998 
 274.1,     4.078806305 
 274.2,     3.904339483 
 274.3,     3.723878634 
 274.4,     3.537244135 
 274.5,     3.344243604 
 274.6,      3.14467075 
 274.7,     2.938304071 
 274.8,     2.724905413 
 274.9,     2.504218325 
   275,     2.275966221 
 275.1,     2.039850286 
 275.2,     1.795547106 
 275.3,     1.542705959 
 275.4,     1.280945727 
 275.5,      1.00985134 
 275.6,    0.7289696886 
 275.7,    0.4378048912 
 275.8,    0.1358127904 
 275.9,    -0.177605467 
   276,    -0.503110966 
 276.1,   -0.8414359113 
 276.2,     -1.19339417 
 276.3,    -1.559893856 
 276.4,     -1.94195244 
 276.5,    -2.340715036 
 276.6,     -2.75747668 
 276.7,    -3.193709709 
 276.8,    -3.651097709 
 276.9,    -4.131577999 
   277,    -4.637395396 
 277.1,    -5.171171013 
 277.2,    -5.735991473 
 277.3,    -6.335526233 
 277.4,    -6.974184364 
 277.5,    -7.657327851 
 277.6,    -8.391567721 
 277.7,    -9.185184814 
 277.8,    -10.04874383 
 277.9,    -10.99601774 
   278,     -12.0454315 
 278.1,    -13.22241832 
 278.2,    -14.56347721 
 278.3,    -16.12364491 
 278.4,    -17.99148763 
 278.5,    -20.32279311 
 278.6,      -23.428889 
 278.7,    -28.05759555 
 278.8,    -35.76472353 
 278.9,    -32.56983073 
   279,    -26.31457628 
 279.1,    -22.58007169 
 279.2,     -19.9948593 
 279.3,     -18.0369289 
 279.4,    -16.47164179 
 279.5,    -15.17502615 
 279.6,    -14.07392636 
 279.7,    -13.12165142 
 279.8,    -12.28661488 
 279.9,    -11.54646882 
   280,    -10.88482972 
 280.1,    -10.28933523 
 280.2,    -9.750432206 
 280.3,     -9.26058913 
 280.4,    -8.813766479 
 280.5,    -8.405049906 
 280.6,    -8.030389734 
 280.7,    -7.686411839 
 280.8,    -7.370277681 
 280.9,    -7.079578932 
   281,    -6.812256939 
 281.1,    -6.566540329 
 281.2,    -6.340896074 
 281.3,    -6.133990683 
 281.4,    -5.944659137 
 281.5,    -5.771879768 
 281.6,     -5.61475381 
 281.7,    -5.472488605 
 281.8,    -5.344383743 
 281.9,    -5.229819534 
   282,    -5.128247391 
 282.1,    -5.039181758 
 282.2,    -4.962193317 
 282.3,    -4.896903258 
 282.4,     -4.84297843 
 282.5,    -4.800127245 
 282.6,    -4.768096215 
 282.7,    -4.746667033 
 282.8,     -4.73565413 
 282.9,    -4.734902645 
   283,    -4.744286755 
 283.1,    -4.763708345 
 283.2,     -4.79309597 
 283.3,    -4.832404094 
 283.4,    -4.881612592 
 283.5,    -4.940726508 
 283.6,    -5.009776048 
 283.7,    -5.088816825 
 283.8,    -5.177930357 
 283.9,    -5.277224818 
   284,    -5.386836075 
 284.1,    -5.506929013 
 284.2,    -5.637699198 
 284.3,    -5.779374898 
 284.4,    -5.932219523 
 284.5,    -6.096534523 
 284.6,    -6.272662845 
 284.7,    -6.460993011 
 284.8,    -6.661963942 
 284.9,    -6.876070666 
   285,    -7.103871081 
 285.1,    -7.345993983 
 285.2,    -7.603148643 
 285.3,    -7.876136273 
 285.4,    -8.165863814 
 285.5,    -8.473360644 
 285.6,    -8.799798919 
 285.7,    -9.146518546 
 285.8,    -9.515058091 
 285.9,    -9.907193363 
   286,    -10.32498607 
 286.1,    -10.77084589 
 286.2,    -11.24761055 
 286.3,    -11.75865064 
 286.4,    -12.30800887 
 286.5,    -12.90058834 
 286.6,    -13.54241189 
 286.7,     -14.2409877 
 286.8,     -15.0058376 
 286.9,    -15.84928386 
   287,    -16.78766253 
 287.1,    -17.84327465 
 287.2,    -19.04768891 
 287.3,    -20.44770079 
 287.4,    -22.11700717 
 287.5,     -24.1817512 
 287.6,    -26.88594629 
 287.7,    -30.80589195 
 287.8,    -37.96082369 
 287.9,    -45.34462885 
   288,    -33.67197086 
 288.1,    -28.69955756 
 288.2,    -25.56694372 
 288.3,    -23.28574524 
 288.4,    -21.49689968 
 288.5,    -20.02966112 
 288.6,    -18.78943697 
 288.7,    -17.71834321 
 288.8,    -16.77838042 
 288.9,    -15.94326065 
   289,    -15.19404373 
 289.1,    -14.51663345 
 289.2,    -13.90025702 
 289.3,    -13.33649797 
 289.4,    -12.81865722 
 289.5,    -12.34131716 
 289.6,    -11.90003593 
 289.7,    -11.49112788 
 289.8,    -11.11150264 
 289.9,    -10.75854492 
   290,    -10.43002336 
 290.1,     -10.1240203 
 290.2,    -9.838877064 
 290.3,    -9.573150741 
 290.4,    -9.325579759 
 290.5,    -9.095056145 
 290.6,    -8.880603007 
 290.7,    -8.681356094 
 290.8,    -8.496548602 
 290.9,    -8.325498553 
   291,    -8.167598265 
 291.1,    -8.022305515 
 291.2,    -7.889136081 
 291.3,    -7.767657438 
 291.4,    -7.657483391 
 291.5,    -7.558269512 
 291.6,    -7.469709243 
 291.7,    -7.391530561 
 291.8,    -7.323493135 
 291.9,      -7.2653859 
   292,    -7.217024983 
 292.1,    -7.178251963 
 292.2,    -7.148932393 
 292.3,    -7.128954587 
 292.4,    -7.118228622 
 292.5,    -7.116685553 
 292.6,    -7.124276821 
 292.7,     -7.14097383 
 292.8,    -7.166767715 
 292.9,     -7.20166926 
   293,    -7.245708997 
 293.1,    -7.298937463 
 293.2,    -7.361425637 
 293.3,    -7.433265555 
 293.4,    -7.514571112 
 293.5,    -7.605479081 
 293.6,    -7.706150349 
 293.7,    -7.816771403 
 293.8,    -7.937556101 
 293.9,    -8.068747753 
   294,    -8.210621563 
 294.1,    -8.363487487 
 294.2,    -8.527693565 
 294.3,     -8.70362982 
 294.4,    -8.891732804 
 294.5,    -9.092490927 
 294.6,    -9.306450713 
 294.7,    -9.534224156 
 294.8,    -9.776497415 
 294.9,    -10.03404114 
   295,    -10.30772274 
 295.1,    -10.59852116 
 295.2,    -10.90754459 
 295.3,    -11.23605202 
 295.4,    -11.58547947 
 295.5,    -11.95747231 
 295.6,    -12.35392526 
 295.7,    -12.77703232 
 295.8,    -13.22934975 
 295.9,    -13.71387614 
   296,    -14.23415516 
 296.1,    -14.79440894 
 296.2,    -15.39971265 
 296.3,    -16.05622526 
 296.4,    -16.77149678 
 296.5,    -17.55487845 
 296.6,      -18.418067 
 296.7,    -19.37580639 
 296.8,    -20.44671745 
 296.9,    -21.65401147 
   297,    -23.02508147 
 297.1,    -24.58631333 
 297.2,    -26.34043928 
 297.3,    -28.18727555 
 297.4,    -29.72295117 
 297.5,    -30.15110484 
 297.6,     -29.1501335 
 297.7,    -27.41383313 
 297.8,    -25.59909758 
 297.9,    -23.94347686 
   298,    -22.48540688 
 298.1,    -21.20669469 
 298.2,    -20.07922391 
 298.3,    -19.07721884 
 298.4,    -18.17953644 
 298.5,    -17.36935853 
 298.6,    -16.63336907 
 298.7,    -15.96096973 
 298.8,    -15.34364882 
 298.9,    -14.77450004 
   299,    -14.24786132 
 299.1,    -13.75904421 
 299.2,    -13.30413001 
 299.3,     -12.8798149 
 299.4,    -12.48329118 
 299.5,     -12.1121553 
 299.6,    -11.76433589 
 299.7,    -11.43803694 
 299.8,    -11.13169251 
 299.9,    -10.84393035 
   300,    -10.57354238 
 300.1,    -10.31946064 
 300.2,    -10.08073742 
 300.3,    -9.856528935 
 300.4,    -9.646081643 
 300.5,      -9.4487208 
 300.6,    -9.263840837 
 300.7,    -9.090897207 
 300.8,    -8.929399455 
 300.9,    -8.778905304 
   301,    -8.639015591 
 301.1,    -8.509369905 
 301.2,    -8.389642839 
 301.3,    -8.279540745 
 301.4,    -8.178798926 
 301.5,    -8.087179206 
 301.6,    -8.004467819 
 301.7,    -7.930473581 
 301.8,    -7.865026309 
 301.9,    -7.807975457 
   302,    -7.759188938 
 302.1,    -7.718552122 
 302.2,     -7.68596699 
 302.3,    -7.661351423 
 302.4,    -7.644638624 
 302.5,    -7.635776658 
 302.6,    -7.634728104 
 302.7,    -7.641469818 
 302.8,    -7.655992793 
 302.9,     -7.67830213 
   303,    -7.708417104 
 303.1,    -7.746371333 
 303.2,    -7.792213056 
 303.3,    -7.846005517 
 303.4,    -7.907827467 
 303.5,    -7.977773789 
 303.6,    -8.055956258 
 303.7,    -8.142504449 
 303.8,    -8.237566802 
 303.9,    -8.341311875 
   304,      -8.4539298 
 304.1,    -8.575633964 
 304.2,    -8.706662961 
 304.3,    -8.847282846 
 304.4,    -8.997789741 
 304.5,    -9.158512844 
 304.6,    -9.329817927 
 304.7,    -9.512111388 
 304.8,    -9.705844981 
 304.9,    -9.911521334 
   305,    -10.12970043 
 305.1,    -10.36100723 
 305.2,    -10.60614071 
 305.3,    -10.86588462 
 305.4,    -11.14112029 
 305.5,    -11.43284218 
 305.6,    -11.74217657 
 305.7,    -12.07040455 
 305.8,    -12.41899017 
 305.9,     -12.7896155 
   306,     -13.1842246 
 306.1,    -13.60507917 
 306.2,    -14.05483005 
 306.3,    -14.53660995 
 306.4,    -15.05415584 
 306.5,    -15.61197276 
 306.6,    -16.21555731 
 306.7,    -16.87170882 
 306.8,    -17.58897283 
 306.9,     -18.3782906 
   307,    -19.25398084 
 307.1,     -20.2352798 
 307.2,    -21.34886756 
 307.3,    -22.63324376 
 307.4,    -24.14683577 
 307.5,    -25.98437018 
 307.6,    -28.31381229 
 307.7,    -31.47233222 
 307.8,     -36.2423294 
 307.9,    -42.90709373 
   308,    -38.12380159 
 308.1,    -32.62981212 
 308.2,     -29.1176655 
 308.3,    -26.59463832 
 308.4,    -24.63639999 
 308.5,    -23.04046666 
 308.6,    -21.69621074 
 308.7,    -20.53694238 
 308.8,    -19.51946024 
 308.9,    -18.61421468 
   309,    -17.80011812 
 309.1,    -17.06160211 
 309.2,    -16.38684927 
 309.3,    -15.76667969 
 309.4,     -15.1938216 
 309.5,    -14.66241763 
 309.6,    -14.16768092 
 309.7,    -13.70564976 
 309.8,    -13.27300866 
 309.9,    -12.86695548 
   310,    -12.48510101 
 310.1,    -12.12539199 
 310.2,    -11.78605131 
 310.3,    -11.46553098 
 310.4,    -11.16247467 
 310.5,    -10.87568769 
 310.6,    -10.60411263 
 310.7,    -10.34680942 
 310.8,    -10.10293897 
 310.9,     -9.87174949 
   311,    -9.652565196 
 311.1,    -9.444776693 
 311.2,    -9.247832929 
 311.3,    -9.061234321 
 311.4,    -8.884526898 
 311.5,    -8.717297272 
 311.6,    -8.559168309 
 311.7,     -8.40979538 
 311.8,     -8.26886311 
 311.9,    -8.136082545 
   312,    -8.011188676 
 312.1,    -7.893938268 
 312.2,    -7.784107958 
 312.3,    -7.681492571 
 312.4,    -7.585903643 
 312.5,    -7.497168109 
 312.6,    -7.415127145 
 312.7,    -7.339635141 
 312.8,     -7.27055879 
 312.9,    -7.207776279 
   313,    -7.151176577 
 313.1,    -7.100658798 
 313.2,    -7.056131639 
 313.3,    -7.017512889 
 313.4,    -6.984728994 
 313.5,    -6.957714677 
 313.6,    -6.936412607 
 313.7,    -6.920773121 
 313.8,    -6.910753983 
 313.9,    -6.906320182 
   314,    -6.907443776 
 314.1,    -6.914103769 
 314.2,    -6.926286016 
 314.3,    -6.943983177 
 314.4,     -6.96719469 
 314.5,    -6.995926791 
 314.6,    -7.030192551 
 314.7,    -7.070011966 
 314.8,    -7.115412064 
 314.9,    -7.166427064 
   315,    -7.223098557 
 315.1,    -7.285475738 
 315.2,    -7.353615674 
 315.3,     -7.42758362 
 315.4,    -7.507453378 
 315.5,    -7.593307716 
 315.6,    -7.685238833 
 315.7,    -7.783348899 
 315.8,    -7.887750653 
 315.9,     -7.99856808 
   316,    -8.115937177 
 316.1,    -8.240006808 
 316.2,    -8.370939667 
 316.3,    -8.508913358 
 316.4,    -8.654121613 
 316.5,    -8.806775656 
 316.6,     -8.96710575 
 316.7,    -9.135362932 
 316.8,    -9.311820973 
 316.9,    -9.496778607 
   317,    -9.690562049 
 317.1,    -9.893527858 
 317.2,     -10.1060662 
 317.3,    -10.32860459 
 317.4,    -10.56161211 
 317.5,    -10.80560437 
 317.6,    -11.06114909 
 317.7,    -11.32887262 
 317.8,    -11.60946744 
 317.9,     -11.9037009 
   318,    -12.21242536 
 318.1,    -12.53658994 
 318.2,    -12.87725437 
 318.3,    -13.23560503 
 318.4,    -13.61297376 
 318.5,    -14.01085973 
 318.6,    -14.43095486 
 318.7,    -14.87517305 
 318.8,    -15.34568328 
 318.9,    -15.84494612 
   319,    -16.37575194 
 319.1,    -16.94125689 
 319.2,      -17.545008 
 319.3,    -18.19094026 
 319.4,    -18.88331093 
 319.5,    -19.62650351 
 319.6,    -20.42456889 
 319.7,    -21.28024754 
 319.8,    -22.19298804 
 319.9,    -23.15509556 
   320,    -24.14467875 
 320.1,     -25.1141934 
 320.2,    -25.97664517 
 320.3,    -26.60257295 
 320.4,    -26.85494219 
 320.5,     -26.6667712 
 320.6,    -26.09183723 
 320.7,    -25.26333875 
 320.8,     -24.3144451 
 320.9,    -23.33744402 
   321,    -22.38382615 
 321.1,     -21.4778082 
 321.2,    -20.62829805 
 321.3,    -19.83642394 
 321.4,    -19.09968669 
 321.5,    -18.41410765 
 321.6,    -17.77529386 
 321.7,    -17.17894153 
 321.8,    -16.62105447 
 321.9,    -16.09802069 
   322,    -15.60662054 
 322.1,    -15.14400369 
 322.2,    -14.70765391 
 322.3,     -14.2953508 
 322.4,    -13.90513294 
 322.5,    -13.53526439 
 322.6,    -13.18420489 
 322.7,    -12.85058407 
 322.8,    -12.53317914 
 322.9,    -12.23089569 
   323,    -11.94275133 
 323.1,    -11.66786163 
 323.2,     -11.4054281 
 323.3,    -11.15472777 
 323.4,     -10.9151044 
 323.5,    -10.68596073 
 323.6,    -10.46675188 
 323.7,    -10.25697958 
 323.8,    -10.05618717 
 323.9,    -9.863955263 
   324,    -9.679897873 
 324.1,    -9.503659121 
 324.2,    -9.334910265 
 324.3,    -9.173347115 
 324.4,    -9.018687732 
 324.5,    -8.870670401 
 324.6,    -8.729051824 
 324.7,    -8.593605507 
 324.8,    -8.464120332 
 324.9,    -8.340399267 
   325,    -8.222258218 
 325.1,    -8.109524994 
 325.2,     -8.00203838 
 325.3,    -7.899647294 
 325.4,    -7.802210032 
 325.5,    -7.709593582 
 325.6,    -7.621673006 
 325.7,     -7.53833087 
 325.8,    -7.459456739 
 325.9,    -7.384946704 
   326,    -7.314702965 
 326.1,    -7.248633435 
 326.2,    -7.186651391 
 326.3,    -7.128675151 
 326.4,    -7.074627773 
 326.5,    -7.024436788 
 326.6,    -6.978033951 
 326.7,    -6.935355008 
 326.8,    -6.896339493 
 326.9,    -6.860930533 
   327,    -6.829074671 
 327.1,    -6.800721704 
 327.2,    -6.775824537 
 327.3,    -6.754339041 
 327.4,    -6.736223936 
 327.5,    -6.721440669 
 327.6,    -6.709953313 
 327.7,    -6.701728469 
 327.8,    -6.696735181 
 327.9,    -6.694944854 
   328,    -6.696331184 
 328.1,    -6.700870089 
 328.2,    -6.708539656 
 328.3,    -6.719320084 
 328.4,    -6.733193638 
 328.5,    -6.750144611 
 328.6,    -6.770159283 
 328.7,    -6.793225898 
 328.8,     -6.81933463 
 328.9,    -6.848477567 
   329,    -6.880648697 
 329.1,    -6.915843891 
 329.2,      -6.9540609 
 329.3,    -6.995299349 
 329.4,    -7.039560741 
 329.5,    -7.086848464 
 329.6,    -7.137167796 
 329.7,    -7.190525924 
 329.8,     -7.24693196 
 329.9,    -7.306396966 
   330,    -7.368933979 
 330.1,    -7.434558041 
 330.2,     -7.50328624 
 330.3,    -7.575137745 
 330.4,    -7.650133854 
 330.5,    -7.728298043 
 330.6,    -7.809656017 
 330.7,    -7.894235775 
 330.8,     -7.98206767 
 330.9,    -8.073184477 
   331,     -8.16762147 
 331.1,    -8.265416502 
 331.2,    -8.366610086 
 331.3,    -8.471245487 
 331.4,    -8.579368818 
 331.5,    -8.691029139 
 331.6,    -8.806278562 
 331.7,    -8.925172367 
 331.8,    -9.047769108 
 331.9,    -9.174130742 
   332,    -9.304322748 
 332.1,    -9.438414253 
 332.2,    -9.576478162 
 332.3,    -9.718591288 
 332.4,     -9.86483448 
 332.5,    -10.01529275 
 332.6,    -10.17005538 
 332.7,    -10.32921605 
 332.8,    -10.49287295 
 332.9,    -10.66112879 
   333,    -10.83409093 
 333.1,    -11.01187136 
 333.2,    -11.19458667 
 333.3,    -11.38235797 
 333.4,    -11.57531074 
 333.5,    -11.77357455 
 333.6,    -11.97728269 
 333.7,    -12.18657165 
 333.8,    -12.40158038 
 333.9,    -12.62244933 
   334,    -12.84931917 
 334.1,    -13.08232916 
 334.2,    -13.32161499 
 334.3,     -13.5673061 
 334.4,    -13.81952222 
 334.5,      -14.078369 
 334.6,    -14.34393253 
 334.7,    -14.61627247 
 334.8,    -14.89541346 
 334.9,    -15.18133436 
   335,    -15.47395508 
 335.1,    -15.77312018 
 335.2,    -16.07857883 
 335.3,    -16.38996041 
 335.4,    -16.70674512 
 335.5,    -17.02822884 
 335.6,    -17.35348205 
 335.7,    -17.68130254 
 335.8,    -18.01016268 
 335.9,    -18.33815302 
   336,    -18.66292564 
 336.1,    -18.98164312 
 336.2,    -19.29094192 
 336.3,    -19.58692229 
 336.4,     -19.8651798 
 336.5,    -20.12089501 
 336.6,    -20.34899547 
 336.7,    -20.54439689 
 336.8,     -20.7023163 
 336.9,    -20.81863097 
   337,    -20.89023715 
 337.1,    -20.91534987 
 337.2,    -20.89368662 
 337.3,    -20.82649653 
 337.4,     -20.7164289 
 337.5,     -20.5672688 
 337.6,    -20.38359238 
 337.7,    -20.17040178 
 337.8,    -19.93279161 
 337.9,    -19.67568038 
   338,    -19.40362039 
 338.1,    -19.12068377 
 338.2,    -18.83041199 
 338.3,    -18.53581298 
 338.4,    -18.23938989 
 338.5,    -17.94318809 
 338.6,     -17.6488507 
 338.7,    -17.35767551 
 338.8,    -17.07066935 
 338.9,     -16.7885974 
   339,    -16.51202652 
 339.1,    -16.24136246 
 339.2,    -15.97688124 
 339.3,    -15.71875526 
 339.4,    -15.46707477 
 339.5,    -15.22186553 
 339.6,    -14.98310305 
 339.7,    -14.75072416 
 339.8,     -14.5246363 
 339.9,    -14.30472496 
   340,    -14.09085963 
 340.1,    -13.88289853 
 340.2,    -13.68069237 
 340.3,    -13.48408727 
 340.4,    -13.29292709 
 340.5,    -13.10705526 
 340.6,    -12.92631613 
 340.7,    -12.75055603 
 340.8,    -12.57962412 
 340.9,    -12.41337292 
   341,    -12.25165878 
 341.1,    -12.09434213 
 341.2,     -11.9412877 
 341.3,    -11.79236461 
 341.4,     -11.6474464 
 341.5,    -11.50641103 
 341.6,    -11.36914084 
 341.7,    -11.23552245 
 341.8,    -11.10544669 
 341.9,    -10.97880845 
   342,    -10.85550658 
 342.1,    -10.73544375 
 342.2,    -10.61852632 
 342.3,    -10.50466417 
 342.4,     -10.3937706 
 342.5,    -10.28576217 
 342.6,    -10.18055856 
 342.7,    -10.07808246 
 342.8,    -9.978259393 
 342.9,    -9.881017656 
   343,    -9.786288145 
 343.1,    -9.694004257 
 343.2,    -9.604101782 
 343.3,    -9.516518791 
 343.4,    -9.431195531 
 343.5,    -9.348074332 
 343.6,    -9.267099512 
 343.7,    -9.188217283 
 343.8,    -9.111375671 
 343.9,    -9.036524434 
   344,    -8.963614982 
 344.1,    -8.892600307 
 344.2,     -8.82343491 
 344.3,    -8.756074735 
 344.4,     -8.69047711 
 344.5,    -8.626600678 
 344.6,    -8.564405349 
 344.7,    -8.503852241 
 344.8,    -8.444903626 
 344.9,    -8.387522886 
   345,    -8.331674464 
 345.1,    -8.277323817 
 345.2,    -8.224437376 
 345.3,    -8.172982507 
 345.4,    -8.122927469 
 345.5,    -8.074241381 
 345.6,    -8.026894184 
 345.7,    -7.980856611 
 345.8,    -7.936100152 
 345.9,    -7.892597028 
   346,    -7.850320156 
 346.1,    -7.809243131 
 346.2,     -7.76934019 
 346.3,    -7.730586195 
 346.4,    -7.692956604 
 346.5,    -7.656427452 
 346.6,    -7.620975327 
 346.7,     -7.58657735 
 346.8,    -7.553211157 
 346.9,    -7.520854876 
   347,    -7.489487114 
 347.1,    -7.459086938 
 347.2,    -7.429633857 
 347.3,    -7.401107809 
 347.4,    -7.373489142 
 347.5,    -7.346758606 
 347.6,    -7.320897332 
 347.7,    -7.295886826 
 347.8,    -7.271708949 
 347.9,    -7.248345913 
   348,    -7.225780263 
 348.1,     -7.20399487 
 348.2,    -7.182972918 
 348.3,    -7.162697895 
 348.4,    -7.143153584 
 348.5,    -7.124324053 
 348.6,    -7.106193646 
 348.7,    -7.088746975 
 348.8,    -7.071968913 
 348.9,    -7.055844582 
   349,    -7.040359352 
 349.1,    -7.025498829 
 349.2,    -7.011248849 
 349.3,    -6.997595474 
 349.4,    -6.984524982 
 349.5,    -6.972023864 
 349.6,    -6.960078819 
 349.7,    -6.948676744 
 349.8,    -6.937804733 
 349.9,    -6.927450071 
   350,    -6.917600228 
 350.1,    -6.908242857 
 350.2,    -6.899365786 
 350.3,    -6.890957016 
 350.4,    -6.883004719 
 350.5,    -6.875497229 
 350.6,    -6.868423044 
 350.7,    -6.861770819 
 350.8,    -6.855529363 
 350.9,    -6.849687637 
   351,    -6.844234752 
 351.1,    -6.839159962 
 351.2,    -6.834452666 
 351.3,    -6.830102404 
 351.4,    -6.826098851 
 351.5,    -6.822431821 
 351.6,     -6.81909126 
 351.7,    -6.816067246 
 351.8,    -6.813349985 
 351.9,    -6.810929814 
   352,    -6.808797193 
 352.1,    -6.806942706 
 352.2,    -6.805357064 
 352.3,    -6.804031093 
 352.4,    -6.802955746 
 352.5,    -6.802122089 
 352.6,    -6.801521308 
 352.7,    -6.801144706 
 352.8,    -6.800983702 
 352.9,    -6.801029827 
   353,    -6.801274728 
 353.1,    -6.801710165 
 353.2,    -6.802328009 
 353.3,    -6.803120243 
 353.4,    -6.804078963 
 353.5,    -6.805196373 
 353.6,    -6.806464789 
 353.7,    -6.807876636 
 353.8,    -6.809424448 
 353.9,    -6.811100869 
   354,    -6.812898652 
 354.1,    -6.814810659 
 354.2,     -6.81682986 
 354.3,    -6.818949333 
 354.4,    -6.821162267 
 354.5,    -6.823461956 
 354.6,    -6.825841806 
 354.7,    -6.828295331 
 354.8,    -6.830816152 
 354.9,    -6.833398001 
   355,    -6.836034718 
 355.1,    -6.838720253 
 355.2,    -6.841448665 
 355.3,    -6.844214126 
 355.4,    -6.847010913 
 355.5,    -6.849833418 
 355.6,    -6.852676142 
 355.7,    -6.855533698 
 355.8,     -6.85840081 
 355.9,    -6.861272315 
   356,    -6.864143162 
 356.1,    -6.867008413 
 356.2,    -6.869863244 
 356.3,    -6.872702944 
 356.4,    -6.875522918 
 356.5,    -6.878318683 
 356.6,    -6.881085874 
 356.7,    -6.883820241 
 356.8,     -6.88651765 
 356.9,    -6.889174085 
   357,    -6.891785644 
 357.1,    -6.894348548 
 357.2,    -6.896859132 
 357.3,    -6.899313851 
 357.4,    -6.901709281 
 357.5,    -6.904042115 
 357.6,    -6.906309169 
 357.7,    -6.908507377 
 357.8,    -6.910633797 
 357.9,    -6.912685607 
   358,    -6.914660106 
 358.1,    -6.916554718 
 358.2,    -6.918366988 
 358.3,    -6.920094585 
 358.4,    -6.921735303 
 358.5,    -6.923287057 
 358.6,    -6.924747889 
 358.7,    -6.926115966 
 358.8,    -6.927389577 
 358.9,    -6.928567139 
   359,    -6.929647195 
 359.1,    -6.930628412 
 359.2,    -6.931509584 
 359.3,    -6.932289631 
 359.4,    -6.932967602 
 359.5,    -6.933542668 
 359.6,    -6.934014131 
 359.7,    -6.934381419 
 359.8,    -6.934644085 
 359.9,    -6.934801812 
   360,    -6.934854409 
