M5A_HWBC_BI_A60_E0_F10.txt
NTNU_FFI
Method: IGABEM CCBIE with 19456 elements (24324 degrees of freedom) and NURBS degree 4. Computational time for system assembly (4x6-core Xeon 2.67 GHz): 36.1205 hours.
60
0
10000
3601
     0,    -18.79744711 
   0.1,    -18.73833322 
   0.2,    -18.68196178 
   0.3,    -18.62817006 
   0.4,    -18.57678043 
   0.5,    -18.52760095 
   0.6,    -18.48042636 
   0.7,    -18.43503863 
   0.8,    -18.39120798 
   0.9,    -18.34869369 
     1,    -18.30724532 
   1.1,    -18.26660383 
   1.2,    -18.22650311 
   1.3,    -18.18667148 
   1.4,    -18.14683362 
   1.5,    -18.10671255 
   1.6,    -18.06603195 
   1.7,    -18.02451856 
   1.8,    -17.98190496 
   1.9,    -17.93793243 
     2,    -17.89235373 
   2.1,    -17.84493644 
   2.2,    -17.79546587 
   2.3,    -17.74374813 
   2.4,    -17.68961316 
   2.5,    -17.63291744 
   2.6,    -17.57354648 
   2.7,    -17.51141705 
   2.8,    -17.44647907 
   2.9,    -17.37871672 
     3,    -17.30814968 
   3.1,    -17.23483323 
   3.2,    -17.15885822 
   3.3,    -17.08035043 
   3.4,    -16.99946945 
   3.5,    -16.91640707 
   3.6,    -16.83138538 
   3.7,     -16.7446544 
   3.8,    -16.65648963 
   3.9,    -16.56718926 
     4,    -16.47707137 
   4.1,    -16.38647113 
   4.2,    -16.29573787 
   4.3,    -16.20523248 
   4.4,    -16.11532472 
   4.5,    -16.02639095 
   4.6,    -15.93881194 
   4.7,    -15.85297096 
   4.8,    -15.76925223 
   4.9,    -15.68803944 
     5,    -15.60971483 
   5.1,    -15.53465825 
   5.2,    -15.46324671 
   5.3,    -15.39585402 
   5.4,    -15.33285081 
   5.5,    -15.27460459 
   5.6,    -15.22148022 
   5.7,    -15.17384043 
   5.8,    -15.13204658 
   5.9,    -15.09645947 
     6,    -15.06744058 
   6.1,    -15.04535316 
   6.2,    -15.03056367 
   6.3,    -15.02344325 
   6.4,    -15.02436949 
   6.5,    -15.03372823 
   6.6,    -15.05191559 
   6.7,    -15.07934026 
   6.8,    -15.11642587 
   6.9,    -15.16361377 
     7,    -15.22136599 
   7.1,    -15.29016854 
   7.2,    -15.37053519 
   7.3,    -15.46301163 
   7.4,    -15.56818014 
   7.5,    -15.68666497 
   7.6,    -15.81913851 
   7.7,    -15.96632821 
   7.8,    -16.12902479 
   7.9,    -16.30809172 
     8,    -16.50447614 
   8.1,    -16.71922187 
   8.2,    -16.95348498 
   8.3,    -17.20855181 
   8.4,    -17.48586114 
   8.5,    -17.78703048 
   8.6,    -18.11388816 
   8.7,    -18.46851249 
   8.8,     -18.8532795 
   8.9,    -19.27092219 
     9,     -19.7246033 
   9.1,    -20.21800582 
   9.2,    -20.75544483 
   9.3,    -21.34200384 
   9.4,    -21.98369928 
   9.5,     -22.6876672 
   9.6,    -23.46235296 
   9.7,    -24.31763876 
   9.8,    -25.26473588 
   9.9,    -26.31539283 
    10,    -27.47928297 
  10.1,    -28.75675665 
  10.2,    -30.12049962 
  10.3,    -31.47488293 
  10.4,    -32.59353452 
  10.5,    -33.12354522 
  10.6,    -32.83312769 
  10.7,    -31.87925019 
  10.8,    -30.61932553 
  10.9,    -29.31467749 
    11,    -28.08484774 
  11.1,    -26.96822889 
  11.2,    -25.96892114 
  11.3,    -25.07894389 
  11.4,    -24.28720581 
  11.5,    -23.58281429 
  11.6,    -22.95613722 
  11.7,    -22.39901241 
  11.8,    -21.90465466 
  11.9,    -21.46747678 
    12,    -21.08290415 
  12.1,    -20.74721035 
  12.2,    -20.45738119 
  12.3,    -20.21100458 
  12.4,    -20.00618412 
  12.5,    -19.84147197 
  12.6,    -19.71581769 
  12.7,    -19.62853038 
  12.8,    -19.57925189 
  12.9,    -19.56793954 
    13,    -19.59485668 
  13.1,    -19.66057086 
  13.2,    -19.76595752 
  13.3,    -19.91220889 
  13.4,    -20.10084597 
  13.5,    -20.33373076 
  13.6,    -20.61307339 
  13.7,    -20.94142376 
  13.8,    -21.32163053 
  13.9,    -21.75673244 
    14,    -22.24972072 
  14.1,    -22.80305781 
  14.2,    -23.41774576 
  14.3,    -24.09157838 
  14.4,    -24.81598275 
  14.5,    -25.57064113 
  14.6,    -26.31538912 
  14.7,    -26.98116177 
  14.8,    -27.46821613 
  14.9,    -27.66756453 
    15,    -27.51114486 
  15.1,    -27.01532118 
  15.2,    -26.26966179 
  15.3,    -25.38441043 
  15.4,     -24.4491516 
  15.5,     -23.5216814 
  15.6,    -22.63395482 
  15.7,    -21.80129976 
  15.8,     -21.0295499 
  15.9,     -20.3195231 
    16,    -19.66958401 
  16.1,    -19.07704012 
  16.2,     -18.5388777 
  16.3,    -18.05213603 
  16.4,    -17.61408725 
  16.5,     -17.2223139 
  16.6,    -16.87473382 
  16.7,    -16.56959908 
  16.8,    -16.30548418 
  16.9,    -16.08127026 
    17,    -15.89613079 
  17.1,    -15.74952002 
  17.2,     -15.6411659 
  17.3,    -15.57106836 
  17.4,    -15.53950328 
  17.5,    -15.54703343 
  17.6,    -15.59452635 
  17.7,    -15.68318182 
  17.8,    -15.81456903 
  17.9,    -15.99067695 
    18,    -16.21398004 
  18.1,    -16.48752389 
  18.2,    -16.81503509 
  18.3,     -17.2010616 
  18.4,    -17.65115015 
  18.5,    -18.17206451 
  18.6,    -18.77204185 
  18.7,    -19.46105931 
  18.8,    -20.25101396 
  18.9,    -21.15553607 
    19,    -22.18865881 
  19.1,     -23.3602439 
  19.2,    -24.66267857 
  19.3,    -26.03622477 
  19.4,    -27.29651836 
  19.5,    -28.06745249 
  19.6,    -27.95747097 
  19.7,    -26.99942919 
  19.8,     -25.6066294 
  19.9,    -24.13334491 
    20,    -22.74390854 
  20.1,     -21.4888337 
  20.2,    -20.37252162 
  20.3,    -19.38432886 
  20.4,    -18.51031159 
  20.5,    -17.73720858 
  20.6,     -17.0535598 
  20.7,    -16.44982288 
  20.8,    -15.91817407 
  20.9,    -15.45224205 
    21,     -15.0468573 
  21.1,    -14.69784094 
  21.2,    -14.40183569 
  21.3,    -14.15617265 
  21.4,    -13.95876889 
  21.5,    -13.80804993 
  21.6,    -13.70289232 
  21.7,    -13.64258333 
  21.8,    -13.62679503 
  21.9,    -13.65557127 
    22,    -13.72932753 
  22.1,    -13.84886254 
  22.2,    -14.01538407 
  22.3,    -14.23054998 
  22.4,    -14.49652774 
  22.5,    -14.81607812 
  22.6,     -15.1926694 
  22.7,    -15.63063344 
  22.8,    -16.13537955 
  22.9,     -16.7136895 
    23,    -17.37413003 
  23.1,     -18.1276373 
  23.2,    -18.98835649 
  23.3,    -19.97486058 
  23.4,    -21.11191701 
  23.5,    -22.43295721 
  23.6,    -23.98300745 
  23.7,    -25.81949998 
  23.8,    -27.99639578 
  23.9,    -30.45963111 
    24,    -32.60974819 
  24.1,    -32.90182804 
  24.2,    -31.16841675 
  24.3,    -28.97355647 
  24.4,    -27.03833186 
  24.5,    -25.45117802 
  24.6,    -24.16368341 
  24.7,    -23.11869679 
  24.8,    -22.27108786 
  24.9,    -21.58776034 
    25,    -21.04477427 
  25.1,    -20.62481999 
  25.2,    -20.31540595 
  25.3,    -20.10762341 
  25.4,    -19.99531607 
  25.5,     -19.9745241 
  25.6,    -20.04311632 
  25.7,    -20.20054749 
  25.8,    -20.44769641 
  25.9,     -20.7867378 
    26,     -21.2209874 
  26.1,    -21.75461229 
  26.2,    -22.39199309 
  26.3,    -23.13629866 
  26.4,    -23.98637222 
  26.5,    -24.93017722 
  26.6,    -25.93193864 
  26.7,    -26.91073568 
  26.8,    -27.71871564 
  26.9,    -28.15800733 
    27,    -28.08566151 
  27.1,    -27.53449091 
  27.2,    -26.68279684 
  27.3,    -25.71927297 
  27.4,    -24.76876763 
  27.5,    -23.89499607 
  27.6,    -23.12461366 
  27.7,    -22.46582577 
  27.8,    -21.91879927 
  27.9,    -21.48083551 
    28,    -21.14882224 
  28.1,    -20.92038785 
  28.2,    -20.79447613 
  28.3,    -20.77169925 
  28.4,    -20.85465763 
  28.5,    -21.04834828 
  28.6,    -21.36077519 
  28.7,    -21.80391182 
  28.8,    -22.39527007 
  28.9,    -23.16055118 
    29,    -24.13836041 
  29.1,    -25.38919783 
  29.2,    -27.01434021 
  29.3,    -29.20129024 
  29.4,    -32.35850287 
  29.5,    -37.69091005 
  29.6,    -52.43804437 
  29.7,    -39.45383688 
  29.8,    -32.94865173 
  29.9,    -29.25311494 
    30,    -26.69213201 
  30.1,    -24.75873847 
  30.2,     -23.2320652 
  30.3,    -21.99632659 
  30.4,    -20.98361589 
  30.5,    -20.15107799 
  30.6,    -19.47033475 
  30.7,    -18.92205309 
  30.8,    -18.49294354 
  30.9,    -18.17401943 
    31,    -17.95956626 
  31.1,    -17.84654527 
  31.2,    -17.83429201 
  31.3,    -17.92444373 
  31.4,    -18.12107862 
  31.5,    -18.43109304 
  31.6,      -18.864891 
  31.7,    -19.43753628 
  31.8,    -20.17064892 
  31.9,    -21.09557478 
    32,    -22.25884091 
  32.1,    -23.73182237 
  32.2,    -25.62773989 
  32.3,    -28.12466978 
  32.4,    -31.40828237 
  32.5,      -34.574607 
  32.6,    -33.36051634 
  32.7,    -29.65460326 
  32.8,    -26.55247949 
  32.9,    -24.17664017 
    33,    -22.31784289 
  33.1,    -20.82770626 
  33.2,    -19.61334714 
  33.3,    -18.61544391 
  33.4,    -17.79474371 
  33.5,    -17.12448681 
  33.6,     -16.5860821 
  33.7,    -16.16655805 
  33.8,    -15.85702148 
  33.9,    -15.65171674 
    34,    -15.54747027 
  34.1,    -15.54340286 
  34.2,    -15.64085616 
  34.3,    -15.84352087 
  34.4,    -16.15779372 
  34.5,    -16.59344137 
  34.6,    -17.16472814 
  34.7,    -17.89231599 
  34.8,    -18.80655617 
  34.9,      -19.953503 
    35,    -21.40679006 
  35.1,    -23.29380759 
  35.2,    -25.86340894 
  35.3,    -29.71208639 
  35.4,    -37.03316226 
  35.5,    -44.65199636 
  35.6,    -32.24233723 
  35.7,    -27.28402406 
  35.8,    -24.20331182 
  35.9,    -22.00560238 
    36,    -20.33328208 
  36.1,    -19.01720735 
  36.2,    -17.96435464 
  36.3,    -17.11849846 
  36.4,    -16.44349006 
  36.5,    -15.91516807 
  36.6,    -15.51707547 
  36.7,    -15.23804565 
  36.8,    -15.07079039 
  36.9,    -15.01107162 
    37,    -15.05724453 
  37.1,    -15.21006669 
  37.2,    -15.47272883 
  37.3,    -15.85110565 
  37.4,    -16.35426604 
  37.5,    -16.99532899 
  37.6,     -17.7928116 
  37.7,    -18.77269522 
  37.8,    -19.97145525 
  37.9,    -21.43988593 
    38,    -23.24460174 
  38.1,    -25.44730082 
  38.2,    -27.95436034 
  38.3,    -29.88984162 
  38.4,    -29.47189566 
  38.5,     -27.2590716 
  38.6,     -24.9356962 
  38.7,    -22.99243997 
  38.8,    -21.43215767 
  38.9,    -20.18585968 
    39,    -19.19267644 
  39.1,    -18.40788511 
  39.2,    -17.79976746 
  39.3,    -17.34597401 
  39.4,     -17.0308634 
  39.5,    -16.84372984 
  39.6,    -16.77766101 
  39.7,    -16.82882784 
  39.8,    -16.99607692 
  39.9,    -17.28074951 
    40,    -17.68667989 
  40.1,    -18.22034376 
  40.2,    -18.89111185 
  40.3,    -19.71149883 
  40.4,    -20.69706529 
  40.5,    -21.86495395 
  40.6,    -23.22804249 
  40.7,    -24.77608584 
  40.8,    -26.42246089 
  40.9,    -27.89106324 
    41,    -28.65677011 
  41.1,    -28.35504224 
  41.2,      -27.288573 
  41.3,    -25.99857776 
  41.4,    -24.79259743 
  41.5,    -23.77377598 
  41.6,    -22.95929088 
  41.7,    -22.33959065 
  41.8,    -21.89980074 
  41.9,    -21.62647984 
    42,    -21.50938798 
  42.1,    -21.54165979 
  42.2,     -21.7195032 
  42.3,    -22.04174213 
  42.4,     -22.5091844 
  42.5,    -23.12355778 
  42.6,    -23.88540699 
  42.7,    -24.78968073 
  42.8,    -25.81657391 
  42.9,    -26.91401648 
    43,    -27.97114419 
  43.1,    -28.80231037 
  43.2,    -29.20126589 
  43.3,    -29.08791865 
  43.4,     -28.5862111 
  43.5,    -27.91310548 
  43.6,    -27.24481673 
  43.7,    -26.68366146 
  43.8,    -26.28035035 
  43.9,    -26.05971905 
    44,    -26.03701908 
  44.1,    -26.22706014 
  44.2,    -26.64991639 
  44.3,    -27.33571229 
  44.4,     -28.3299012 
  44.5,    -29.69850973 
  44.6,    -31.52282872 
  44.7,    -33.81287893 
  44.8,    -35.99246826 
  44.9,    -36.04303237 
    45,    -33.66416794 
  45.1,    -30.95511979 
  45.2,    -28.68171414 
  45.3,    -26.86848931 
  45.4,    -25.43315695 
  45.5,    -24.30445585 
  45.6,    -23.43239289 
  45.7,    -22.78383999 
  45.8,     -22.3380485 
  45.9,     -22.0837623 
    46,    -22.01775842 
  46.1,    -22.14459596 
  46.2,    -22.47760759 
  46.3,    -23.04157145 
  46.4,    -23.87823888 
  46.5,    -25.05760183 
  46.6,    -26.70239647 
  46.7,    -29.04787817 
  46.8,    -32.60982306 
  46.9,    -38.52828768 
    47,    -40.09460936 
  47.1,    -33.25859859 
  47.2,    -28.91600108 
  47.3,    -25.99170868 
  47.4,    -23.85042641 
  47.5,    -22.21133942 
  47.6,    -20.93112808 
  47.7,     -19.9285053 
  47.8,    -19.15421756 
  47.9,      -18.577478 
    48,    -18.17925365 
  48.1,    -17.94879504 
  48.2,    -17.88190996 
  48.3,    -17.98034624 
  48.4,    -18.25207967 
  48.5,    -18.71260872 
  48.6,    -19.38773188 
  48.7,    -20.31898049 
  48.8,    -21.57456141 
  48.9,    -23.27343849 
    49,    -25.64677055 
  49.1,     -29.2375357 
  49.2,    -35.93687306 
  49.3,    -47.44911529 
  49.4,     -32.7346242 
  49.5,    -27.46763493 
  49.6,    -24.28725562 
  49.7,    -22.06795674 
  49.8,    -20.42217186 
  49.9,    -19.17126015 
    50,    -18.21940224 
  50.1,    -17.51065387 
  50.2,    -17.01109781 
  50.3,    -16.70047992 
  50.4,    -16.56806574 
  50.5,    -16.61068391 
  50.6,    -16.83214412 
  50.7,    -17.24380022 
  50.8,    -17.86643756 
  50.9,    -18.73417813 
    51,     -19.9020462 
  51.1,    -21.46096348 
  51.2,    -23.56879752 
  51.3,    -26.51194794 
  51.4,    -30.69293007 
  51.5,    -34.01781153 
  51.6,    -30.31603471 
  51.7,     -26.1330773 
  51.8,    -23.17265222 
  51.9,    -21.02556537 
    52,    -19.41599091 
  52.1,    -18.19196643 
  52.2,    -17.26587179 
  52.3,    -16.58478513 
  52.4,    -16.11615036 
  52.5,    -15.84054916 
  52.6,    -15.74800354 
  52.7,    -15.83625513 
  52.8,    -16.11038187 
  52.9,    -16.58361713 
    53,    -17.27965911 
  53.1,    -18.23735219 
  53.2,    -19.51979539 
  53.3,     -21.2325602 
  53.4,    -23.56115881 
  53.5,    -26.83434223 
  53.6,    -31.26594803 
  53.7,    -32.55496794 
  53.8,    -28.15798471 
  53.9,    -24.44136941 
    54,    -21.80872191 
  54.1,    -19.88357855 
  54.2,    -18.44057931 
  54.3,    -17.35354962 
  54.4,    -16.54849406 
  54.5,    -15.98048059 
  54.6,    -15.62226337 
  54.7,    -15.45851063 
  54.8,    -15.48294824 
  54.9,    -15.69726787 
    55,    -16.11139589 
  55.1,    -16.74522069 
  55.2,    -17.63242998 
  55.3,    -18.82808899 
  55.4,    -20.42370199 
  55.5,    -22.57809696 
  55.6,    -25.57565046 
  55.7,    -29.77244941 
  55.8,    -32.78375825 
  55.9,    -29.08831146 
    56,    -25.07480045 
  56.1,    -22.23326593 
  56.2,    -20.18351832 
  56.3,    -18.66458288 
  56.4,    -17.53106442 
  56.5,    -16.69889773 
  56.6,    -16.11763162 
  56.7,    -15.75690653 
  56.8,    -15.59967864 
  56.9,    -15.63889679 
    57,    -15.87623155 
  57.1,    -16.32237262 
  57.2,    -16.99901599 
  57.3,    -17.94335834 
  57.4,    -19.21720239 
  57.5,    -20.92580082 
  57.6,    -23.25920765 
  57.7,    -26.58191439 
  57.8,    -31.39623402 
  57.9,    -33.70987845 
    58,    -28.83291027 
  58.1,    -24.85092688 
  58.2,    -22.13381557 
  58.3,    -20.19407284 
  58.4,     -18.7707485 
  58.5,    -17.72459721 
  58.6,    -16.97633317 
  58.7,    -16.47905682 
  58.8,     -16.2053578 
  58.9,    -16.14105244 
    59,    -16.28232798 
  59.1,     -16.6350292 
  59.2,    -17.21580732 
  59.3,    -18.05563958 
  59.4,    -19.20743554 
  59.5,    -20.76223551 
  59.6,    -22.88653058 
  59.7,    -25.92039371 
  59.8,     -30.6643378 
  59.9,    -37.39100927 
    60,    -32.44902055 
  60.1,    -27.09225111 
  60.2,    -23.79299185 
  60.3,    -21.55098818 
  60.4,    -19.94615048 
  60.5,    -18.78067925 
  60.6,    -17.94935731 
  60.7,    -17.39215539 
  60.8,    -17.07433256 
  60.9,     -16.9773045 
    61,    -17.09447782 
  61.1,    -17.42989721 
  61.2,      -17.999095 
  61.3,     -18.8325543 
  61.4,    -19.98360021 
  61.5,    -21.54580014 
  61.6,    -23.69510037 
  61.7,    -26.81286235 
  61.8,    -31.99020944 
  61.9,    -45.07295752 
    62,    -35.15169246 
  62.1,    -28.55745436 
  62.2,    -25.00821667 
  62.3,     -22.6855721 
  62.4,    -21.05475928 
  62.5,    -19.88810708 
  62.6,    -19.06984418 
  62.7,    -18.53559584 
  62.8,    -18.24881751 
  62.9,    -18.19043402 
    63,    -18.35426716 
  63.1,    -18.74566324 
  63.2,    -19.38263599 
  63.3,    -20.30009286 
  63.4,    -21.55949935 
  63.5,    -23.27074279 
  63.6,    -25.64751287 
  63.7,    -29.18187311 
  63.8,    -35.48057618 
  63.9,    -49.09570008 
    64,    -34.12343211 
  64.1,    -28.75029819 
  64.2,    -25.65069479 
  64.3,    -23.58202223 
  64.4,    -22.12932068 
  64.5,    -21.10546673 
  64.6,    -20.41258666 
  64.7,    -19.99588499 
  64.8,    -19.82494781 
  64.9,    -19.88546041 
    65,    -20.17578416 
  65.1,    -20.70650092 
  65.2,    -21.50266023 
  65.3,    -22.60979258 
  65.4,    -24.10698769 
  65.5,     -26.1358039 
  65.6,    -28.96866233 
  65.7,     -33.1564904 
  65.8,    -38.67963484 
  65.9,    -36.36112514 
    66,    -31.36289982 
  66.1,    -28.08507176 
  66.2,    -25.86405219 
  66.3,    -24.29854817 
  66.4,    -23.18853677 
  66.5,    -22.42594082 
  66.6,    -21.94879264 
  66.7,    -21.72116009 
  66.8,    -21.72374976 
  66.9,    -21.94951563 
    67,    -22.40204757 
  67.1,    -23.09594987 
  67.2,    -24.05915645 
  67.3,    -25.33756582 
  67.4,    -27.00194998 
  67.5,    -29.15066382 
  67.6,    -31.85310294 
  67.7,    -34.68351779 
  67.8,    -35.43586016 
  67.9,    -33.26938448 
    68,    -30.69092487 
  68.1,    -28.62444813 
  68.2,    -27.07324578 
  68.3,    -25.93291842 
  68.4,    -25.11989632 
  68.5,     -24.5770377 
  68.6,    -24.26626443 
  68.7,    -24.16246695 
  68.8,    -24.24952787 
  68.9,     -24.5177749 
    69,    -24.96220542 
  69.1,    -25.58087517 
  69.2,    -26.37265647 
  69.3,    -27.33290211 
  69.4,    -28.44399981 
  69.5,    -29.65527309 
  69.6,    -30.84681172 
  69.7,    -31.79390435 
  69.8,    -32.21774905 
  69.9,    -31.99304309 
    70,    -31.27714897 
  70.1,    -30.34297864 
  70.2,    -29.39069354 
  70.3,     -28.5193431 
  70.4,    -27.76614354 
  70.5,    -27.14015177 
  70.6,    -26.64010358 
  70.7,     -26.2624849 
  70.8,    -26.00490964 
  70.9,    -25.86741485 
    71,    -25.85284717 
  71.1,    -25.96683413 
  71.2,    -26.21745704 
  71.3,     -26.6144365 
  71.4,    -27.16713877 
  71.5,    -27.87963095 
  71.6,    -28.73871292 
  71.7,    -29.68708891 
  71.8,    -30.57527529 
  71.9,      -31.125674 
    72,    -31.04229562 
  72.1,    -30.28983852 
  72.2,    -29.13804328 
  72.3,    -27.89073633 
  72.4,    -26.72915701 
  72.5,    -25.73159021 
  72.6,    -24.92462697 
  72.7,    -24.31453526 
  72.8,    -23.90186683 
  72.9,     -23.6878446 
    73,    -23.67739539 
  73.1,    -23.88108684 
  73.2,    -24.31701839 
  73.3,    -25.01312466 
  73.4,    -26.00959029 
  73.5,    -27.35805498 
  73.6,    -29.09999986 
  73.7,    -31.14248521 
  73.8,    -32.79775029 
  73.9,    -32.58836296 
    74,    -30.60798047 
  74.1,    -28.32850146 
  74.2,    -26.37152261 
  74.3,    -24.81196897 
  74.4,    -23.60770393 
  74.5,     -22.7103986 
  74.6,    -22.08450805 
  74.7,    -21.70805307 
  74.8,    -21.57100427 
  74.9,    -21.67444978 
    75,    -22.03128581 
  75.1,    -22.66902438 
  75.2,    -23.63590294 
  75.3,    -25.01268161 
  75.4,    -26.93334456 
  75.5,    -29.60240242 
  75.6,    -33.06788564 
  75.7,    -34.99443707 
  75.8,    -32.10030571 
  75.9,    -28.57367418 
    76,    -25.89838101 
  76.1,    -23.92587916 
  76.2,    -22.46595662 
  76.3,    -21.39917983 
  76.4,    -20.65455798 
  76.5,    -20.19108265 
  76.6,    -19.98777951 
  76.7,    -20.03910935 
  76.8,    -20.35393235 
  76.9,    -20.95771216 
    77,    -21.89916247 
  77.1,    -23.26520295 
  77.2,    -25.21463484 
  77.3,    -28.05751564 
  77.4,    -32.38686805 
  77.5,    -36.96793016 
  77.6,    -32.84690335 
  77.7,    -28.14091856 
  77.8,    -24.99699793 
  77.9,    -22.79839748 
    78,    -21.20901937 
  78.1,     -20.0581068 
  78.2,    -19.25284599 
  78.3,    -18.74129875 
  78.4,    -18.49606672 
  78.5,    -18.50705582 
  78.6,    -18.77905048 
  78.7,    -19.33282573 
  78.8,    -20.21035899 
  78.9,    -21.48703603 
    79,    -23.29883002 
  79.1,    -25.90507912 
  79.2,    -29.81061221 
  79.3,    -34.88992162 
  79.4,    -32.76232925 
  79.5,    -27.76482196 
  79.6,    -24.37145417 
  79.7,    -22.02844207 
  79.8,    -20.35027786 
  79.9,    -19.14141243 
    80,    -18.29684223 
  80.1,    -17.75819454 
  80.2,    -17.49449973 
  80.3,     -17.4937106 
  80.4,    -17.75978754 
  80.5,    -18.31380872 
  80.6,    -19.19981353 
  80.7,    -20.49919533 
  80.8,    -22.36552291 
  80.9,    -25.12093986 
    81,    -29.60019316 
  81.1,     -38.5981794 
  81.2,    -34.46713003 
  81.3,    -27.51612478 
  81.4,     -23.7141237 
  81.5,    -21.22860597 
  81.6,    -19.48589162 
  81.7,    -18.24353034 
  81.8,    -17.38042216 
  81.9,    -16.83143446 
    82,    -16.56234196 
  82.1,    -16.55937637 
  82.2,    -16.82554717 
  82.3,    -17.38144683 
  82.4,    -18.27104063 
  82.5,    -19.57631996 
  82.6,    -21.45334928 
  82.7,    -24.23482621 
  82.8,    -28.82438476 
  82.9,    -39.60121053 
    83,    -34.48175106 
  83.1,    -26.84857151 
  83.2,    -22.94566515 
  83.3,    -20.43042557 
  83.4,    -18.67809164 
  83.5,    -17.43437747 
  83.6,    -16.57422907 
  83.7,    -16.03092229 
  83.8,    -15.76956265 
  83.9,    -15.77617733 
    84,    -16.05389925 
  84.1,    -16.62380303 
  84.2,    -17.53090968 
  84.3,    -18.85945817 
  84.4,    -20.77084365 
  84.5,    -23.61358024 
  84.6,    -28.36484367 
  84.7,    -40.85031185 
  84.8,    -33.57610968 
  84.9,    -25.96729562 
    85,    -22.11224629 
  85.1,    -19.62917433 
  85.2,    -17.90134043 
  85.3,    -16.67829719 
  85.4,    -15.83692523 
  85.5,    -15.31164521 
  85.6,    -15.06838861 
  85.7,    -15.09393292 
  85.8,    -15.39227126 
  85.9,    -15.98567732 
    86,     -16.9211239 
  86.1,    -18.28650284 
  86.2,    -20.25122121 
  86.3,    -23.18584514 
  86.4,    -28.15926364 
  86.5,    -42.43804077 
  86.6,    -32.09971907 
  86.7,    -24.96504755 
  86.8,    -21.24690936 
  86.9,    -18.83366676 
    87,    -17.15132873 
  87.1,    -15.96254513 
  87.2,    -15.14965286 
  87.3,    -14.64987064 
  87.4,    -14.43086341 
  87.5,    -14.48073777 
  87.6,    -14.80478833 
  87.7,    -15.42691053 
  87.8,      -16.396552 
  87.9,    -17.80608249 
    88,    -19.83452869 
  88.1,     -22.8783607 
  88.2,    -28.10885068 
  88.3,    -43.13073798 
  88.4,    -30.47190105 
  88.5,    -23.93604781 
  88.6,    -20.38840744 
  88.7,      -18.060198 
  88.8,    -16.43185297 
  88.9,    -15.28261858 
    89,    -14.50169427 
  89.1,    -14.02977094 
  89.2,    -13.83661001 
  89.3,    -13.91185968 
  89.4,    -14.26224745 
  89.5,    -14.91337407 
  89.6,    -15.91721274 
  89.7,    -17.37062582 
  89.8,    -19.46217705 
  89.9,    -22.61353912 
    90,    -28.08807556 
  90.1,    -41.47672327 
  90.2,     -28.9653824 
  90.3,    -22.96046463 
  90.4,    -19.57442224 
  90.5,    -17.32746997 
  90.6,    -15.75040434 
  90.7,     -14.6382333 
  90.8,    -13.88673634 
  90.9,    -13.43992868 
    91,    -13.26954985 
  91.1,    -13.36665597 
  91.2,     -13.7392224 
  91.3,    -14.41426311 
  91.4,    -15.44576805 
  91.5,    -16.93409338 
  91.6,    -19.07503701 
  91.7,    -22.30850078 
  91.8,    -27.95084637 
  91.9,    -38.97485427 
    92,    -27.72391706 
  92.1,    -22.10223963 
  92.2,    -18.83930134 
  92.3,    -16.65450526 
  92.4,    -15.11624132 
  92.5,    -14.03153971 
  92.6,    -13.30122126 
  92.7,     -12.8718213 
  92.8,     -12.7165278 
  92.9,    -12.82735475 
    93,    -13.21302873 
  93.1,    -13.90129556 
  93.2,    -14.94704876 
  93.3,    -16.45202638 
  93.4,    -18.61450664 
  93.5,    -21.87893437 
  93.6,    -27.55250075 
  93.7,    -37.01033736 
  93.8,    -26.83744589 
  93.9,     -21.4161823 
    94,    -18.21567695 
  94.1,     -16.0609363 
  94.2,    -14.54022225 
  94.3,    -13.46679143 
  94.4,    -12.74398441 
  94.5,    -12.31950529 
  94.6,     -12.1671024 
  94.7,    -12.27901109 
  94.8,    -12.66392562 
  94.9,    -13.34927834 
    95,     -14.3891958 
  95.1,    -15.88367946 
  95.2,    -18.02662441 
  95.3,    -21.24826985 
  95.4,    -26.77941877 
  95.5,    -35.80397044 
  95.6,    -26.40082053 
  95.7,    -20.95952666 
  95.8,    -17.73874294 
  95.9,    -15.56903185 
    96,    -14.03591593 
  96.1,    -12.95104393 
  96.2,    -12.21678177 
  96.3,    -11.78011491 
  96.4,    -11.61412147 
  96.5,    -11.71026164 
  96.6,    -12.07617051 
  96.7,    -12.73764037 
  96.8,    -13.74596737 
  96.9,    -15.19566559 
    97,    -17.26828019 
  97.1,    -20.35946961 
  97.2,     -25.5645548 
  97.3,    -35.01275781 
  97.4,    -26.57198865 
  97.5,    -20.80794412 
  97.6,    -17.45278741 
  97.7,    -15.20698245 
  97.8,    -13.62146875 
  97.9,    -12.49532264 
    98,    -11.72510413 
  98.1,    -11.25451934 
  98.2,    -11.05435889 
  98.3,    -11.11405925 
  98.4,    -11.43898369 
  98.5,    -12.05180484 
  98.6,     -12.9987991 
  98.7,    -14.36520006 
  98.8,    -16.31258702 
  98.9,    -19.18407662 
    99,    -23.89112337 
  99.1,    -33.45846514 
  99.2,    -27.68932137 
  99.3,       -21.08176 
  99.4,    -17.41962591 
  99.5,    -15.01135704 
  99.6,    -13.31915768 
  99.7,    -12.11229289 
  99.8,    -11.27428739 
  99.9,     -10.7418691 
   100,    -10.48126586 
 100.1,    -10.47816779 
 100.2,    -10.73401151 
 100.3,    -11.26633888 
 100.4,    -12.11342893 
 100.5,    -13.34605313 
 100.6,    -15.09529487 
 100.7,    -17.62574004 
 100.8,    -21.57349693 
 100.9,    -28.90811133 
   101,    -29.92477565 
 101.1,    -22.00733327 
 101.2,    -17.79219358 
 101.3,    -15.10093671 
 101.4,    -13.23003402 
 101.5,    -11.89355952 
 101.6,    -10.95159346 
 101.7,    -10.32889508 
 101.8,    -9.984484875 
 101.9,    -9.898848368 
   102,    -10.06876799 
 102.1,    -10.50655999 
 102.2,    -11.24330009 
 102.3,    -12.33799774 
 102.4,     -13.8993897 
 102.5,    -16.14202207 
 102.6,    -19.56467657 
 102.7,    -25.81901968 
 102.8,    -39.38796095 
 102.9,    -23.99557711 
   103,     -18.5572431 
 103.1,    -15.37821017 
 103.2,    -13.23106721 
 103.3,    -11.70537487 
 103.4,    -10.61635501 
 103.5,    -9.868112899 
 103.6,    -9.408127708 
 103.7,    -9.209023904 
 103.8,    -9.260862717 
 103.9,    -9.568648401 
   104,     -10.1535915 
 104.1,    -11.05885753 
 104.2,     -12.3635257 
 104.3,    -14.21639616 
 104.4,      -16.931021 
 104.5,    -21.34692464 
 104.6,    -31.70732083 
 104.7,    -29.13622713 
 104.8,    -20.41684023 
 104.9,    -16.27962628 
   105,    -13.65091865 
 105.1,    -11.81981543 
 105.2,     -10.5078264 
 105.3,    -9.579677479 
 105.4,    -8.962670256 
 105.5,    -8.617120362 
 105.6,    -8.523987509 
 105.7,    -8.679849861 
 105.8,    -9.096061678 
 105.9,    -9.801612765 
   106,    -10.85135423 
 106.1,    -12.34529411 
 106.2,     -14.4769571 
 106.3,     -17.6799535 
 106.4,    -23.26493215 
 106.5,    -36.28372692 
 106.6,    -23.60099453 
 106.7,    -17.72459496 
 106.8,    -14.36091753 
 106.9,    -12.10351729 
   107,    -10.49741117 
 107.1,    -9.341522593 
 107.2,    -8.532298649 
 107.3,    -8.012772974 
 107.4,    -7.752341114 
 107.5,    -7.738065907 
 107.6,    -7.971434892 
 107.7,    -8.468679624 
 107.8,    -9.264801542 
 107.9,    -10.42359905 
   108,    -12.06063631 
 108.1,    -14.40033774 
 108.2,    -17.94182025 
 108.3,    -23.94489643 
 108.4,    -27.23948994 
 108.5,    -19.89782688 
 108.6,    -15.44746576 
 108.7,    -12.59050041 
 108.8,    -10.59298829 
 108.9,    -9.147792469 
   109,     -8.10409065 
 109.1,    -7.380174121 
 109.2,    -6.930331286 
 109.3,    -6.730652761 
 109.4,    -6.772820721 
 109.5,    -7.062101998 
 109.6,     -7.61845086 
 109.7,     -8.48120058 
 109.8,    -9.719720807 
 109.9,    -11.45622317 
   110,    -13.91471046 
 110.1,     -17.4968203 
 110.2,    -22.08404274 
 110.3,     -21.1195891 
 110.4,    -16.38900624 
 110.5,    -12.92781121 
 110.6,    -10.49103619 
 110.7,    -8.716233298 
 110.8,    -7.406141546 
 110.9,    -6.451870374 
   111,    -5.790945512 
 111.1,    -5.387771668 
 111.2,    -5.224410176 
 111.3,    -5.296495945 
 111.4,    -5.612281096 
 111.5,    -6.194346486 
 111.6,    -7.084696115 
 111.7,    -8.355547699 
 111.8,    -10.13088353 
 111.9,    -12.62455832 
   112,    -16.12476898 
 112.1,    -19.66536784 
 112.2,    -17.77033907 
 112.3,    -13.66184848 
 112.4,    -10.53057534 
 112.5,     -8.24813798 
 112.6,    -6.550137289 
 112.7,    -5.277527248 
 112.8,    -4.337957326 
 112.9,    -3.677006951 
   113,    -3.263363324 
 113.1,    -3.081494012 
 113.2,    -3.128407273 
 113.3,    -3.413101526 
 113.4,     -3.95849081 
 113.5,    -4.806662665 
 113.6,    -6.030006414 
 113.7,    -7.754180173 
 113.8,    -10.20394954 
 113.9,    -13.74051579 
   114,    -17.78497295 
 114.1,     -16.0795367 
 114.2,    -11.59516974 
 114.3,    -8.245387472 
 114.4,    -5.821055827 
 114.5,     -4.01113734 
 114.6,    -2.638680332 
 114.7,    -1.603320323 
 114.8,   -0.8463116133 
 114.9,    -0.333474873 
   115,  -0.04690630608 
 115.1,   0.01880628646 
 115.2,   -0.1424143729 
 115.3,   -0.5495104944 
 115.4,    -1.238699905 
 115.5,    -2.273208096 
 115.6,    -3.764389415 
 115.7,    -5.920833909 
 115.8,    -9.169519817 
 115.9,    -14.24272211 
   116,    -16.12892193 
 116.1,    -10.20896636 
 116.2,    -5.888771497 
 116.3,    -2.917770295 
 116.4,   -0.7326986329 
 116.5,    0.9377414121 
 116.6,     2.234379377 
 116.7,      3.23645824 
 116.8,     3.990377555 
 116.9,     4.522728542 
   117,     4.846424207 
 117.1,     4.963258058 
 117.2,     4.864080514 
 117.3,     4.526644402 
 117.4,     3.910047961 
 117.5,     2.942576107 
 117.6,     1.493926749 
 117.7,   -0.6973525288 
 117.8,    -4.262121633 
 117.9,    -11.26979608 
   118,    -12.72028849 
 118.1,    -3.816553833 
 118.2,     1.002801416 
 118.3,     4.273714579 
 118.4,     6.751171783 
 118.5,     8.738695316 
 118.6,     10.38773312 
 118.7,     11.78466504 
 118.8,     12.98340112 
 118.9,     14.01982083 
   119,      14.9189674 
 119.1,      15.6989592 
 119.2,     16.37326381 
 119.3,     16.95209204 
 119.4,     17.44328926 
 119.5,     17.85292452 
 119.6,     18.18568998 
 119.7,     18.44517631 
 119.8,     18.63406356 
 119.9,     18.75425249 
   120,     18.80695125 
 120.1,      18.7927271 
 120.2,     18.71152837 
 120.3,     18.56267881 
 120.4,     18.34484362 
 120.5,     18.05596396 
 120.6,     17.69315273 
 120.7,     17.25253999 
 120.8,     16.72904913 
 120.9,     16.11607326 
   121,     15.40500239 
 121.1,     14.58451807 
 121.2,     13.63951085 
 121.3,     12.54935571 
 121.4,      11.2850345 
 121.5,     9.804043959 
 121.6,     8.040682811 
 121.7,     5.885594107 
 121.8,     3.136370338 
 121.9,   -0.6481025015 
   122,    -6.729216288 
 122.1,    -16.21480719 
 122.2,    -7.020637583 
 122.3,    -1.969040865 
 122.4,     0.919463304 
 122.5,     2.805530044 
 122.6,     4.101609236 
 122.7,     4.997054504 
 122.8,     5.592540077 
 122.9,     5.946224712 
   123,     6.092885302 
 123.1,     6.052820782 
 123.2,     5.836203686 
 123.3,     5.445056902 
 123.4,     4.873698027 
 123.5,     4.107835549 
 123.6,     3.121982382 
 123.7,     1.874110486 
 123.8,    0.2949098734 
 123.9,    -1.734949073 
   124,     -4.43722715 
 124.1,    -8.261149365 
 124.2,     -13.8421271 
 124.3,    -15.04612867 
 124.4,    -9.674049127 
 124.5,    -5.949651912 
 124.6,     -3.46778361 
 124.7,    -1.717116644 
 124.8,   -0.4466524772 
 124.9,    0.4766483581 
   125,      1.12944245 
 125.1,      1.55834815 
 125.2,     1.792272988 
 125.3,     1.848599333 
 125.4,     1.736359681 
 125.5,     1.457728063 
 125.6,     1.008372663 
 125.7,     0.376794975 
 125.8,   -0.4575607154 
 125.9,    -1.528105838 
   126,    -2.888375739 
 126.1,    -4.626291572 
 126.2,    -6.893340308 
 126.3,    -9.961525819 
 126.4,    -14.21539694 
 126.5,    -17.87233934 
 126.6,    -14.68298247 
 126.7,    -10.64967882 
 126.8,    -7.810393767 
 126.9,    -5.786499989 
   127,    -4.299124137 
 127.1,    -3.192799934 
 127.2,    -2.377309336 
 127.3,     -1.79758609 
 127.4,    -1.419004688 
 127.5,    -1.219869697 
 127.6,    -1.187451047 
 127.7,    -1.315937436 
 127.8,     -1.60558074 
 127.9,    -2.062756873 
   128,    -2.700967876 
 128.1,    -3.543127592 
 128.2,    -4.625999324 
 128.3,    -6.008785613 
 128.4,    -7.790672528 
 128.5,    -10.14976579 
 128.6,    -13.43560388 
 128.7,    -18.29932719 
 128.8,    -22.41772512 
 128.9,    -17.60255447 
   129,    -13.23066647 
 129.1,    -10.32207279 
 129.2,    -8.265045274 
 129.3,     -6.74693403 
 129.4,    -5.605942484 
 129.5,    -4.750491407 
 129.6,    -4.125116553 
 129.7,    -3.694855762 
 129.8,    -3.437484201 
 129.9,    -3.339433288 
   130,    -3.393629851 
 130.1,    -3.598470219 
 130.2,    -3.957597706 
 130.3,    -4.480411989 
 130.4,    -5.183459591 
 130.5,    -6.093148168 
 130.6,    -7.250765836 
 130.7,    -8.721926766 
 130.8,    -10.61508513 
 130.9,    -13.11826299 
   131,    -16.54967016 
 131.1,    -20.95262597 
 131.2,    -21.70460397 
 131.3,    -17.51015587 
 131.4,    -14.01693418 
 131.5,    -11.51786699 
 131.6,     -9.67405587 
 131.7,    -8.276349592 
 131.8,    -7.204484278 
 131.9,    -6.385906138 
   132,    -5.774722434 
 132.1,    -5.341000361 
 132.2,    -5.065068033 
 132.3,    -4.934359596 
 132.4,    -4.941656321 
 132.5,    -5.084173413 
 132.6,     -5.36323888 
 132.7,     -5.78448394 
 132.8,    -6.358603082 
 132.9,    -7.102912101 
   133,    -8.044229252 
 133.1,    -9.224239566 
 133.2,    -10.71007212 
 133.3,    -12.61729628 
 133.4,    -15.16794976 
 133.5,    -18.87643794 
 133.6,    -25.49395181 
 133.7,    -43.10044231 
 133.8,     -23.7770595 
 133.9,    -18.41667676 
   134,    -15.30286227 
 134.1,    -13.18303627 
 134.2,    -11.64228216 
 134.3,    -10.49201288 
 134.4,    -9.631334169 
 134.5,    -9.000827055 
 134.6,    -8.563508444 
 134.7,    -8.295865289 
 134.8,    -8.183259697 
 134.9,    -8.217481595 
   135,    -8.395488833 
 135.1,     -8.71890421 
 135.2,     -9.19409283 
 135.3,    -9.832791547 
 135.4,    -10.65335962 
 135.5,    -11.68275276 
 135.6,    -12.95907385 
 135.7,     -14.5329514 
 135.8,    -16.45787791 
 135.9,    -18.72082261 
   136,    -20.92556459 
 136.1,    -21.72821529 
 136.2,    -20.35390777 
 136.3,     -18.1758652 
 136.4,    -16.17074207 
 136.5,     -14.5263486 
 136.6,    -13.21375856 
 136.7,    -12.17730117 
 136.8,    -11.37051914 
 136.9,    -10.75935504 
   137,    -10.31986923 
 137.1,    -10.03581482 
 137.2,     -9.89690353 
 137.3,    -9.897744272 
 137.4,    -10.03733827 
 137.5,    -10.31907033 
 137.6,    -10.75122882 
 137.7,    -11.34821525 
 137.8,    -12.13282245 
 137.9,    -13.14038659 
   138,    -14.42656709 
 138.1,    -16.08281619 
 138.2,    -18.26960715 
 138.3,    -21.29163424 
 138.4,    -25.69966416 
 138.5,    -30.10878532 
 138.6,    -26.21775981 
 138.7,     -21.6335818 
 138.8,    -18.48837221 
 138.9,    -16.21808218 
   139,    -14.49574706 
 139.1,    -13.14958358 
 139.2,    -12.08169586 
 139.3,    -11.23202849 
 139.4,    -10.56167246 
 139.5,    -10.04447649 
 139.6,     -9.66252196 
 139.7,    -9.403548625 
 139.8,    -9.259443219 
 139.9,     -9.22535282 
   140,    -9.299200956 
 140.1,    -9.481496172 
 140.2,    -9.775392189 
 140.3,    -10.18701014 
 140.4,    -10.72609047 
 140.5,    -11.40712013 
 140.6,    -12.25121779 
 140.7,    -13.28931526 
 140.8,    -14.56768291 
 140.9,    -16.15785394 
   141,    -18.17459064 
 141.1,    -20.80310046 
 141.2,    -24.26293205 
 141.3,     -27.7586774 
 141.4,    -26.73805495 
 141.5,    -23.02528045 
 141.6,    -19.97425039 
 141.7,    -17.68380591 
 141.8,    -15.92458428 
 141.9,    -14.53999745 
   142,     -13.4334291 
 142.1,    -12.54355502 
 142.2,    -11.82985536 
 142.3,    -11.26463339 
 142.4,    -10.82850386 
 142.5,    -10.50774406 
 142.6,    -10.29268764 
 142.7,    -10.17673237 
 142.8,    -10.15573133 
 142.9,    -10.22764153 
   143,     -10.3923638 
 143.1,    -10.65174435 
 143.2,    -11.00973834 
 143.3,    -11.47276251 
 143.4,    -12.05030056 
 143.5,    -12.75587947 
 143.6,    -13.60862565 
 143.7,     -14.6357708 
 143.8,     -15.8767504 
 143.9,    -17.38991315 
   144,    -19.26267933 
 144.1,    -21.61927637 
 144.2,    -24.55786045 
 144.3,    -27.50862616 
 144.4,    -27.63104503 
 144.5,    -24.80788216 
 144.6,    -21.93416405 
 144.7,    -19.63978074 
 144.8,    -17.83215305 
 144.9,    -16.38513784 
   145,    -15.20920352 
 145.1,    -14.24427619 
 145.2,    -13.44945329 
 145.3,    -12.79615175 
 145.4,    -12.26390801 
 145.5,    -11.83779578 
 145.6,     -11.5068044 
 145.7,    -11.26279612 
 145.8,     -11.0998237 
 145.9,    -11.01368144 
   146,    -11.00161381 
 146.1,    -11.06213739 
 146.2,     -11.1949501 
 146.3,    -11.40091636 
 146.4,    -11.68212429 
 146.5,     -12.0420234 
 146.6,    -12.48565934 
 146.7,    -13.02003851 
 146.8,    -13.65467518 
 146.9,    -14.40240667 
   147,    -15.28061116 
 147.1,    -16.31303032 
 147.2,    -17.53245532 
 147.3,    -18.98436549 
 147.4,    -20.73007898 
 147.5,    -22.83896318 
 147.6,    -25.31035605 
 147.7,    -27.66663738 
 147.8,     -28.2434313 
 147.9,    -26.44221531 
   148,    -24.02919109 
 148.1,    -21.89734205 
 148.2,    -20.14654173 
 148.3,    -18.71615511 
 148.4,    -17.53938197 
 148.5,     -16.5648988 
 148.6,    -15.75552841 
 148.7,    -15.08442096 
 148.8,    -14.53198834 
 148.9,    -14.08378407 
   149,     -13.7290836 
 149.1,    -13.45993449 
 149.2,    -13.27051882 
 149.3,    -13.15672523 
 149.4,    -13.11586722 
 149.5,    -13.14650803 
 149.6,    -13.24836893 
 149.7,      -13.422309 
 149.8,    -13.67037371 
 149.9,    -13.99591719 
   150,    -14.40381276 
 150.1,     -14.9007768 
 150.2,    -15.49584644 
 150.3,     -16.2010705 
 150.4,    -17.03249526 
 150.5,    -18.01152972 
 150.6,     -19.1666744 
 150.7,    -20.53503291 
 150.8,    -22.16049101 
 150.9,    -24.07457949 
   151,    -26.20280944 
 151.1,    -28.04287978 
 151.2,     -28.4059277 
 151.3,    -26.96573503 
 151.4,    -24.89268525 
 151.5,    -22.93882237 
 151.6,    -21.26937633 
 151.7,    -19.87051335 
 151.8,    -18.69844956 
 151.9,    -17.71310275 
   152,    -16.88306583 
 152.1,    -16.18460681 
 152.2,    -15.59988764 
 152.3,    -15.11546051 
 152.4,    -14.72116021 
 152.5,    -14.40931988 
 152.6,    -14.17422449 
 152.7,    -14.01173399 
 152.8,     -13.9190298 
 152.9,    -13.89445381 
   153,    -13.93742244 
 153.1,    -14.04840519 
 153.2,    -14.22896796 
 153.3,    -14.48188705 
 153.4,    -14.81135143 
 153.5,    -15.22328409 
 153.6,    -15.72583746 
 153.7,    -16.33015727 
 153.8,    -17.05158404 
 153.9,    -17.91160733 
   154,    -18.94119718 
 154.1,    -20.18684524 
 154.2,     -21.7224555 
 154.3,    -23.67550669 
 154.4,    -26.29463675 
 154.5,    -30.17494034 
 154.6,    -37.49234888 
 154.7,     -44.9377812 
 154.8,    -32.69318958 
 154.9,    -27.70983699 
   155,    -24.57898365 
 155.1,     -22.3105322 
 155.2,    -20.54686504 
 155.3,    -19.11801342 
 155.4,    -17.92977134 
 155.5,    -16.92445554 
 155.6,    -16.06418116 
 155.7,    -15.32273767 
 155.8,    -14.68125072 
 155.9,    -14.12569229 
   156,    -13.64536813 
 156.1,    -13.23195556 
 156.2,    -12.87886753 
 156.3,    -12.58081864 
 156.4,    -12.33352051 
 156.5,    -12.13346298 
 156.6,    -11.97775338 
 156.7,    -11.86399595 
 156.8,    -11.79019973 
 156.9,    -11.75470682 
   157,    -11.75613484 
 157.1,    -11.79332973 
 157.2,    -11.86532542 
 157.3,     -11.9713076 
 157.4,    -12.11057946 
 157.5,     -12.2825266 
 157.6,    -12.48657907 
 157.7,    -12.72216747 
 157.8,    -12.98866984 
 157.9,    -13.28534505 
   158,    -13.61124812 
 158.1,    -13.96512111 
 158.2,    -14.34525305 
 158.3,    -14.74930291 
 158.4,    -15.17407971 
 158.5,    -15.61528198 
 158.6,    -16.06720767 
 158.7,    -16.52246914 
 158.8,    -16.97177872 
 158.9,    -17.40391455 
   159,    -17.80601251 
 159.1,    -18.16433372 
 159.2,    -18.46557795 
 159.3,    -18.69862512 
 159.4,    -18.85633494 
 159.5,    -18.93685843 
 159.6,    -18.94398326 
 159.7,    -18.88637784 
 159.8,    -18.77602428 
 159.9,    -18.62638125 
   160,    -18.45077461 
 160.1,    -18.26129093 
 160.2,    -18.06820498 
 160.3,    -17.87982971 
 160.4,    -17.70263326 
 160.5,    -17.54148849 
 160.6,    -17.39996349 
 160.7,    -17.28060007 
 160.8,     -17.1851562 
 160.9,    -17.11480567 
   161,    -17.07029598 
 161.1,     -17.0520709 
 161.2,    -17.06036365 
 161.3,    -17.09526743 
 161.4,    -17.15678778 
 161.5,    -17.24488206 
 161.6,    -17.35948868 
 161.7,    -17.50054872 
 161.8,    -17.66802206 
 161.9,    -17.86189879 
   162,    -18.08220761 
 162.1,    -18.32902038 
 162.2,    -18.60245394 
 162.3,    -18.90266784 
 162.4,    -19.22985771 
 162.5,    -19.58424084 
 162.6,    -19.96603251 
 162.7,    -20.37540711 
 162.8,    -20.81243663 
 162.9,    -21.27699659 
   163,    -21.76862206 
 163.1,    -22.28629206 
 163.2,    -22.82810986 
 163.3,    -23.39083919 
 163.4,    -23.96925076 
 163.5,     -24.5552442 
 163.6,    -25.13676081 
 163.7,    -25.69663684 
 163.8,    -26.21179973 
 163.9,    -26.65357919 
   164,    -26.99015975 
 164.1,    -27.19181249 
 164.2,    -27.23802459 
 164.3,    -27.12358992 
 164.4,    -26.86022099 
 164.5,    -26.47266564 
 164.6,    -25.99171247 
 164.7,    -25.44764669 
 164.8,    -24.86624044 
 164.9,    -24.26736126 
   165,    -23.66526649 
 165.1,    -23.06962988 
 165.2,    -22.48669382 
 165.3,    -21.92027172 
 165.4,     -21.3725236 
 165.5,    -20.84451874 
 165.6,    -20.33662712 
 165.7,    -19.84878486 
 165.8,      -19.380671 
 165.9,    -18.93182253 
   166,    -18.50170831 
 166.1,    -18.08977549 
 166.2,    -17.69547735 
 166.3,    -17.31828931 
 166.4,    -16.95771767 
 166.5,    -16.61330304 
 166.6,    -16.28462097 
 166.7,    -15.97128102 
 166.8,    -15.67292459 
 166.9,     -15.3892226 
   167,    -15.11987276 
 167.1,    -14.86459726 
 167.2,    -14.62314033 
 167.3,    -14.39526636 
 167.4,    -14.18075787 
 167.5,     -13.9794141 
 167.6,    -13.79104981 
 167.7,    -13.61549393 
 167.8,    -13.45258895 
 167.9,    -13.30219012 
   168,    -13.16416498 
 168.1,    -13.03839293 
 168.2,    -12.92476499 
 168.3,     -12.8231837 
 168.4,    -12.73356307 
 168.5,    -12.65582862 
 168.6,    -12.58991757 
 168.7,    -12.53577904 
 168.8,    -12.49337439 
 168.9,    -12.46267757 
   169,    -12.44367567 
 169.1,    -12.43636946 
 169.2,    -12.44077406 
 169.3,    -12.45691964 
 169.4,    -12.48485242 
 169.5,     -12.5246355 
 169.6,    -12.57635017 
 169.7,    -12.64009708 
 169.8,    -12.71599774 
 169.9,    -12.80419612 
   170,    -12.90486068 
 170.1,    -13.01818639 
 170.2,    -13.14439729 
 170.3,    -13.28374929 
 170.4,    -13.43653337 
 170.5,    -13.60307932 
 170.6,    -13.78376021 
 170.7,     -13.9789972 
 170.8,    -14.18926547 
 170.9,    -14.41510102 
   171,    -14.65710867 
 171.1,    -14.91597154 
 171.2,    -15.19246217 
 171.3,    -15.48745591 
 171.4,    -15.80194689 
 171.5,    -16.13706738 
 171.6,    -16.49411104 
 171.7,     -16.8745617 
 171.8,    -17.28012859 
 171.9,    -17.71279015 
   172,    -18.17484865 
 172.1,    -18.66899971 
 172.2,    -19.19842011 
 172.3,     -19.7668817 
 172.4,    -20.37889831 
 172.5,    -21.03991902 
 172.6,    -21.75658259 
 172.7,    -22.53705439 
 172.8,    -23.39147076 
 172.9,    -24.33251295 
   173,    -25.37610283 
 173.1,    -26.54209271 
 173.2,     -27.8544007 
 173.3,    -29.33862957 
 173.4,    -31.01051151 
 173.5,    -32.83393476 
 173.6,    -34.59687845 
 173.7,    -35.71414561 
 173.8,    -35.50914922 
 173.9,    -34.17782268 
   174,    -32.46540403 
 174.1,      -30.804405 
 174.2,    -29.31939193 
 174.3,    -28.01864709 
 174.4,    -26.88019979 
 174.5,    -25.87839262 
 174.6,    -24.99067873 
 174.7,    -24.19866465 
 174.8,    -23.48765248 
 174.9,    -22.84591693 
   175,    -22.26404948 
 175.1,    -21.73443437 
 175.2,    -21.25084665 
 175.3,    -20.80814876 
 175.4,    -20.40206066 
 175.5,    -20.02898555 
 175.6,    -19.68587616 
 175.7,    -19.37013153 
 175.8,    -19.07951638 
 175.9,    -18.81209784 
   176,    -18.56619481 
 176.1,    -18.34033785 
 176.2,    -18.13323626 
 176.3,    -17.94375171 
 176.4,     -17.7708763 
 176.5,    -17.61371459 
 176.6,    -17.47146855 
 176.7,    -17.34342502 
 176.8,    -17.22894517 
 176.9,    -17.12745539 
   177,    -17.03843982 
 177.1,     -16.9614336 
 177.2,    -16.89601732 
 177.3,    -16.84181207 
 177.4,    -16.79847495 
 177.5,    -16.76569552 
 177.6,    -16.74319214 
 177.7,    -16.73070913 
 177.8,     -16.7280137 
 177.9,    -16.73489364 
   178,    -16.75115469 
 178.1,    -16.77661825 
 178.2,     -16.8111192 
 178.3,    -16.85450351 
 178.4,    -16.90662604 
 178.5,    -16.96734816 
 178.6,    -17.03653508 
 178.7,     -17.1140533 
 178.8,     -17.1997676 
 178.9,    -17.29353769 
   179,    -17.39521459 
 179.1,    -17.50463639 
 179.2,    -17.62162368 
 179.3,    -17.74597392 
 179.4,     -17.8774556 
 179.5,    -18.01580098 
 179.6,    -18.16069826 
 179.7,    -18.31178254 
 179.8,     -18.4686255 
 179.9,    -18.63072426 
   180,    -18.79748856 
 180.1,    -18.96822742 
 180.2,    -19.14213452 
 180.3,    -19.31827319 
 180.4,    -19.49556184 
 180.5,    -19.67275999 
 180.6,    -19.84845712 
 180.7,    -20.02106494 
 180.8,    -20.18881597 
 180.9,    -20.34977037 
   181,    -20.50183316 
 181.1,     -20.6427853 
 181.2,    -20.77032902 
 181.3,    -20.88214946 
 181.4,    -20.97599082 
 181.5,    -21.04974439 
 181.6,    -21.10154293 
 181.7,    -21.12985335 
 181.8,    -21.13355953 
 181.9,    -21.11202524 
   182,    -21.06512997 
 182.1,    -20.99327336 
 182.2,    -20.89734757 
 182.3,    -20.77868052 
 182.4,    -20.63895805 
 182.5,    -20.48013238 
 182.6,    -20.30432761 
 182.7,    -20.11374913 
 182.8,    -19.91060367 
 182.9,     -19.6970337 
   183,    -19.47506735 
 183.1,    -19.24658368 
 183.2,     -19.0132919 
 183.3,    -18.77672193 
 183.4,    -18.53822368 
 183.5,    -18.29897321 
 183.6,    -18.05998319 
 183.7,    -17.82211611 
 183.8,    -17.58609881 
 183.9,    -17.35253739 
   184,    -17.12193185 
 184.1,    -16.89468976 
 184.2,    -16.67113938 
 184.3,    -16.45154083 
 184.4,    -16.23609689 
 184.5,    -16.02496199 
 184.6,    -15.81825048 
 184.7,     -15.6160436 
 184.8,    -15.41839579 
 184.9,    -15.22533988 
   185,     -15.0368919 
 185.1,    -14.85305474 
 185.2,    -14.67382192 
 185.3,    -14.49918021 
 185.4,    -14.32911229 
 185.5,     -14.1635988 
 185.6,    -14.00262014 
 185.7,    -13.84615809 
 185.8,    -13.69419695 
 185.9,    -13.54672474 
   186,    -13.40373406 
 186.1,    -13.26522283 
 186.2,    -13.13119482 
 186.3,    -13.00166026 
 186.4,    -12.87663604 
 186.5,    -12.75614616 
 186.6,    -12.64022172 
 186.7,    -12.52890117 
 186.8,    -12.42223028 
 186.9,    -12.32026209 
   187,    -12.22305693 
 187.1,    -12.13068218 
 187.2,    -12.04321214 
 187.3,    -11.96072782 
 187.4,    -11.88331664 
 187.5,    -11.81107221 
 187.6,    -11.74409393 
 187.7,    -11.68248665 
 187.8,    -11.62636032 
 187.9,    -11.57582943 
   188,     -11.5310127 
 188.1,    -11.49203244 
 188.2,    -11.45901401 
 188.3,    -11.43208529 
 188.4,    -11.41137583 
 188.5,    -11.39701631 
 188.6,    -11.38913752 
 188.7,     -11.3878695 
 188.8,     -11.3933405 
 188.9,    -11.40567577 
   189,    -11.42499617 
 189.1,     -11.4514167 
 189.2,    -11.48504467 
 189.3,    -11.52597773 
 189.4,    -11.57430151 
 189.5,    -11.63008696 
 189.6,    -11.69338735 
 189.7,    -11.76423469 
 189.8,    -11.84263582 
 189.9,    -11.92856773 
   190,    -12.02197246 
 190.1,    -12.12275118 
 190.2,    -12.23075759 
 190.3,     -12.3457907 
 190.4,    -12.46758652 
 190.5,    -12.59580946 
 190.6,    -12.73004285 
 190.7,    -12.86977918 
 190.8,    -13.01441001 
 190.9,    -13.16321652 
   191,    -13.31536061 
 191.1,    -13.46987789 
 191.2,    -13.62567328 
 191.3,    -13.78152039 
 191.4,    -13.93606632 
 191.5,     -14.0878429 
 191.6,    -14.23528619 
 191.7,    -14.37676494 
 191.8,    -14.51061901 
 191.9,    -14.63520716 
   192,    -14.74896315 
 192.1,    -14.85045748 
 192.2,    -14.93846083 
 192.3,    -15.01200449 
 192.4,    -15.07043238 
 192.5,    -15.11343929 
 192.6,    -15.14109151 
 192.7,    -15.15382719 
 192.8,    -15.15243612 
 192.9,    -15.13802101 
   193,    -15.11194408 
 193.1,    -15.07576359 
 193.2,    -15.03116583 
 193.3,    -14.97989751 
 193.4,    -14.92370231 
 193.5,     -14.8642644 
 193.6,    -14.80316069 
 193.7,    -14.74182129 
 193.8,     -14.6814986 
 193.9,    -14.62324344 
   194,    -14.56788654 
 194.1,    -14.51602494 
 194.2,    -14.46801099 
 194.3,    -14.42394392 
 194.4,    -14.38366311 
 194.5,    -14.34674312 
 194.6,    -14.31249111 
 194.7,    -14.27994766 
 194.8,    -14.24789298 
 194.9,     -14.2148602 
   195,    -14.17915872 
 195.1,    -14.13890975 
 195.2,    -14.09209658 
 195.3,    -14.03663019 
 195.4,    -13.97043055 
 195.5,    -13.89152025 
 195.6,    -13.79812578 
 195.7,    -13.68877891 
 195.8,    -13.56240875 
 195.9,    -13.41841492 
   196,    -13.25671351 
 196.1,    -13.07775017 
 196.2,    -12.88247881 
 196.3,    -12.67230937 
 196.4,    -12.44903091 
 196.5,    -12.21471936 
 196.6,    -11.97163966 
 196.7,    -11.72215118 
 196.8,    -11.46862321 
 196.9,    -11.21336477 
   197,    -10.95857066 
 197.1,    -10.70628356 
 197.2,    -10.45837061 
 197.3,    -10.21651209 
 197.4,    -9.982199657 
 197.5,    -9.756741394 
 197.6,    -9.541271715 
 197.7,    -9.336763884 
 197.8,    -9.144044027 
 197.9,    -8.963805326 
   198,    -8.796621737 
 198.1,    -8.642960724 
 198.2,    -8.503194744 
 198.3,     -8.37761121 
 198.4,    -8.266421068 
 198.5,    -8.169765877 
 198.6,    -8.087723469 
 198.7,    -8.020312346 
 198.8,    -7.967494901 
 198.9,    -7.929179557 
   199,    -7.905222042 
 199.1,    -7.895425861 
 199.2,    -7.899542162 
 199.3,    -7.917269237 
 199.4,    -7.948251751 
 199.5,    -7.992079959 
 199.6,    -8.048289177 
 199.7,    -8.116359794 
 199.8,    -8.195718089 
 199.9,    -8.285737999 
   200,    -8.385744578 
 200.1,    -8.495018819 
 200.2,    -8.612804616 
 200.3,    -8.738317534 
 200.4,    -8.870755725 
 200.5,    -9.009312367 
 200.6,    -9.153189561 
 200.7,    -9.301612681 
 200.8,     -9.45384411 
 200.9,     -9.60919529 
   201,    -9.767035229 
 201.1,    -9.926793844 
 201.2,    -10.08795845 
 201.3,    -10.25006149 
 201.4,    -10.41265823 
 201.5,    -10.57529312 
 201.6,    -10.73745469 
 201.7,     -10.8985189 
 201.8,     -11.0576825 
 201.9,    -11.21388906 
   202,    -11.36575219 
 202.1,    -11.51148277 
 202.2,     -11.6488299 
 202.3,    -11.77504847 
 202.4,    -11.88690886 
 202.5,     -11.9807658 
 202.6,    -12.05270096 
 202.7,    -12.09874682 
 202.8,    -12.11518584 
 202.9,    -12.09889984 
   203,    -12.04772537 
 203.1,     -11.9607564 
 203.2,    -11.83853744 
 203.3,    -11.68310623 
 203.4,    -11.49787744 
 203.5,    -11.28739242 
 203.6,    -11.05698535 
 203.7,    -10.81242545 
 203.8,    -10.55958723 
 203.9,    -10.30418349 
   204,    -10.05157611 
 204.1,    -9.806662715 
 204.2,    -9.573827715 
 204.3,    -9.356941556 
 204.4,    -9.159392232 
 204.5,    -8.984135528 
 204.6,    -8.833753333 
 204.7,    -8.710512721 
 204.8,    -8.616420529 
 204.9,    -8.553270351 
   205,    -8.522679084 
 205.1,    -8.526110978 
 205.2,    -8.564886144 
 205.3,    -8.640169644 
 205.4,    -8.752935276 
 205.5,    -8.903894976 
 205.6,    -9.093381098 
 205.7,    -9.321163065 
 205.8,    -9.586173767 
 205.9,    -9.886114721 
   206,    -10.21690708 
 206.1,    -10.57196667 
 206.2,    -10.94132255 
 206.3,      -11.310699 
 206.4,    -11.66086706 
 206.5,    -11.96783486 
 206.6,    -12.20463581 
 206.7,    -12.34525481 
 206.8,      -12.370241 
 206.9,    -12.27205733 
   207,    -12.05749484 
 207.1,    -11.74575624 
 207.2,    -11.36333142 
 207.3,    -10.93829761 
 207.4,    -10.49615452 
 207.5,    -10.05781253 
 207.6,    -9.639269029 
 207.7,    -9.252209075 
 207.8,     -8.90493118 
 207.9,    -8.603263605 
   208,    -8.351334739 
 208.1,    -8.152169726 
 208.2,     -8.00813291 
 208.3,    -7.921247935 
 208.4,    -7.893426257 
 208.5,     -7.92662699 
 208.6,     -8.02296186 
 208.7,    -8.184749143 
 208.8,    -8.414506118 
 208.9,    -8.714851474 
   209,    -9.088256069 
 209.1,    -9.536526267 
 209.2,    -10.05980987 
 209.3,    -10.65476304 
 209.4,     -11.3113104 
 209.5,    -12.00729798 
 209.6,    -12.70081526 
 209.7,    -13.32245943 
 209.8,    -13.77595527 
 209.9,    -13.96120531 
   210,    -13.82117326 
 210.1,    -13.37780151 
 210.2,    -12.71777029 
 210.3,     -11.9445588 
 210.4,    -11.14223013 
 210.5,     -10.3658218 
 210.6,    -9.646658252 
 210.7,    -9.000638368 
 210.8,    -8.434761715 
 210.9,    -7.951305097 
   211,    -7.550259471 
 211.1,    -7.230685822 
 211.2,     -6.99144432 
 211.3,    -6.831568735 
 211.4,    -6.750436028 
 211.5,    -6.747805367 
 211.6,    -6.823752057 
 211.7,    -6.978483421 
 211.8,    -7.211982901 
 211.9,    -7.523374523 
   212,    -7.909821746 
 212.1,    -8.364668531 
 212.2,    -8.874434514 
 212.3,    -9.414353338 
 212.4,    -9.942863033 
 212.5,    -10.39767606 
 212.6,    -10.69993652 
 212.7,    -10.77424442 
 212.8,    -10.58126755 
 212.9,    -10.13945517 
   213,    -9.514463514 
 213.1,    -8.787141992 
 213.2,    -8.027228694 
 213.3,    -7.283862827 
 213.4,    -6.587424666 
 213.5,    -5.954931431 
 213.6,    -5.395007588 
 213.7,    -4.911404628 
 213.8,    -4.505222474 
 213.9,    -4.176226741 
   214,    -3.923592756 
 214.1,    -3.746296962 
 214.2,    -3.643285119 
 214.3,    -3.613484161 
 214.4,    -3.655680744 
 214.5,    -3.768254843 
 214.6,    -3.948725927 
 214.7,    -4.193037466 
 214.8,    -4.494479351 
 214.9,    -4.842148726 
   215,    -5.218940606 
 215.1,    -5.599360163 
 215.2,    -5.948114794 
 215.3,    -6.221418117 
 215.4,    -6.373381724 
 215.5,    -6.367927126 
 215.6,    -6.191642669 
 215.7,    -5.859336637 
 215.8,    -5.408023646 
 215.9,    -4.883943729 
   216,    -4.330834695 
 216.1,    -3.783792866 
 216.2,    -3.268134347 
 216.3,    -2.800865482 
 216.4,    -2.392870419 
 216.5,    -2.050893812 
 216.6,    -1.779044313 
 216.7,    -1.579831953 
 216.8,    -1.454835651 
 216.9,    -1.405093998 
   217,    -1.431281367 
 217.1,    -1.533694836 
 217.2,    -1.712037473 
 217.3,     -1.96493931 
 217.4,    -2.289104236 
 217.5,    -2.677914586 
 217.6,    -3.119297858 
 217.7,    -3.592765318 
 217.8,    -4.066013641 
 217.9,    -4.492694365 
   218,     -4.81485508 
 218.1,    -4.974244159 
 218.2,    -4.931989238 
 218.3,     -4.68604119 
 218.4,    -4.272364765 
 218.5,    -3.748814482 
 218.6,    -3.174987265 
 218.7,    -2.599748424 
 218.8,    -2.057955926 
 218.9,    -1.572382749 
   219,    -1.157123085 
 219.1,   -0.8206762894 
 219.2,   -0.5682195228 
 219.3,   -0.4031285014 
 219.4,   -0.3279381789 
 219.5,   -0.3449122485 
 219.6,   -0.4563262635 
 219.7,   -0.6644970789 
 219.8,   -0.9715090624 
 219.9,    -1.378471855 
   220,    -1.883962823 
 220.1,    -2.481021279 
 220.2,    -3.151709164 
 220.3,    -3.858232655 
 220.4,    -4.531467174 
 220.5,    -5.064675889 
 220.6,    -5.331838005 
 220.7,    -5.244566115 
 220.8,    -4.811215891 
 220.9,    -4.131025095 
   221,    -3.330751072 
 221.1,    -2.512803232 
 221.2,    -1.742031019 
 221.3,    -1.053759465 
 221.4,   -0.4651714414 
 221.5,   0.01629028976 
 221.6,    0.3878355514 
 221.7,    0.6484838964 
 221.8,    0.7975196477 
 221.9,     0.833649251 
   222,     0.754533169 
 222.1,    0.5565374013 
 222.2,    0.2346761586 
 222.3,   -0.2171435001 
 222.4,   -0.8052241232 
 222.5,    -1.533670829 
 222.6,    -2.398528924 
 222.7,    -3.374451779 
 222.8,    -4.387739825 
 222.9,    -5.276485521 
   223,    -5.782339734 
 223.1,    -5.678650784 
 223.2,    -4.982479951 
 223.3,    -3.936470082 
 223.4,    -2.791803147 
 223.5,    -1.699326041 
 223.6,    -0.726241871 
 223.7,     0.104541192 
 223.8,    0.7892338819 
 223.9,     1.330907741 
   224,      1.73408872 
 224.1,     2.002462731 
 224.2,     2.137897298 
 224.3,     2.139974823 
 224.4,     2.005681949 
 224.5,     1.729103796 
 224.6,     1.301088908 
 224.7,    0.7089910721 
 224.8,  -0.06307577647 
 224.9,     -1.03208748 
   225,    -2.207892394 
 225.1,    -3.566979507 
 225.2,    -4.980447998 
 225.3,    -6.081632421 
 225.4,    -6.295796252 
 225.5,    -5.434242598 
 225.6,    -3.975184618 
 225.7,    -2.426014821 
 225.8,    -1.018326992 
 225.9,    0.1840931441 
   226,     1.178703043 
 226.1,     1.979520025 
 226.2,     2.602124913 
 226.3,     3.059214686 
 226.4,     3.359543456 
 226.5,     3.507814507 
 226.6,     3.504698707 
 226.7,     3.346681296 
 226.8,     3.025596217 
 226.9,     2.527736667 
   227,     1.832436314 
 227.1,    0.9101333889 
 227.2,   -0.2793525385 
 227.3,    -1.784164938 
 227.4,    -3.633575144 
 227.5,    -5.703061585 
 227.6,    -7.277942457 
 227.7,    -7.026432808 
 227.8,    -5.144693443 
 227.9,    -2.962843195 
   228,    -1.050348346 
 228.1,    0.5147095217 
 228.2,     1.768432369 
 228.3,     2.756994006 
 228.4,     3.517078796 
 228.5,     4.074560666 
 228.6,     4.446235612 
 228.7,     4.641439147 
 228.8,     4.662985858 
 228.9,     4.507364289 
   229,     4.164119086 
 229.1,      3.61419103 
 229.2,     2.826684952 
 229.3,     1.753003658 
 229.4,    0.3164614096 
 229.5,    -1.604403256 
 229.6,    -4.184538541 
 229.7,    -7.451174252 
 229.8,    -9.536202637 
 229.9,    -7.194827855 
   230,    -3.755897432 
 230.1,    -1.012281493 
 230.2,     1.074239979 
 230.3,     2.677149826 
 230.4,     3.915906044 
 230.5,     4.865443207 
 230.6,     5.572669849 
 230.7,     6.066629315 
 230.8,     6.364136265 
 230.9,     6.472719671 
   231,     6.391850959 
 231.1,     6.112846608 
 231.2,     5.617400985 
 231.3,     4.874235923 
 231.4,     3.832613202 
 231.5,     2.410123362 
 231.6,    0.4705906206 
 231.7,    -2.201793145 
 231.8,    -5.735602332 
 231.9,      -8.0194132 
   232,     -5.13123599 
 232.1,     -1.39861897 
 232.2,     1.455649071 
 232.3,     3.598575761 
 232.4,     5.238677303 
 232.5,     6.505833071 
 232.6,     7.478559242 
 232.7,     8.205051346 
 232.8,     8.714696722 
 232.9,     9.024149235 
   233,      9.14038993 
 233.1,     9.061916503 
 233.2,     8.778474293 
 233.3,     8.269224317 
 233.4,     7.498657525 
 233.5,     6.408560786 
 233.6,     4.902330479 
 233.7,       2.8147506 
 233.8,   -0.1280530681 
 233.9,     -4.03464631 
   234,    -5.435769603 
 234.1,    -1.481399338 
 234.2,     2.284313004 
 234.3,     5.053782594 
 234.4,     7.126785054 
 234.5,     8.715989662 
 234.6,     9.944955967 
 234.7,     10.88684162 
 234.8,     11.58586747 
 234.9,     12.06823997 
   235,     12.34768193 
 235.1,     12.42800899 
 235.2,     12.30377232 
 235.3,     11.95919322 
 235.4,      11.3649395 
 235.5,     10.47128152 
 235.6,     9.193964731 
 235.7,     7.383476398 
 235.8,     4.753794554 
 235.9,    0.7517126413 
   236,     -4.03974876 
 236.1,   -0.6380940968 
 236.2,     4.417753134 
 236.3,      7.89300236 
 236.4,      10.3969182 
 236.5,     12.29161541 
 236.6,     13.76186551 
 236.7,     14.90928032 
 236.8,     15.79297842 
 236.9,     16.44777217 
   237,     16.89278377 
 237.1,      17.1354619 
 237.2,     17.17293602 
 237.3,     16.99128273 
 237.4,     16.56234782 
 237.5,     15.83651954 
 237.6,      14.7270489 
 237.7,     13.07326619 
 237.8,     10.53974427 
 237.9,     6.265588604 
   238,    -1.937816828 
 238.1,     3.545675556 
 238.2,     10.33658557 
 238.3,     14.44915908 
 238.4,     17.38463904 
 238.5,      19.6621808 
 238.6,     21.51282903 
 238.7,     23.05871232 
 238.8,     24.37206348 
 238.9,     25.49906413 
   239,     26.47095017 
 239.1,     27.30974659 
 239.2,     28.03146925 
 239.3,     28.64802402 
 239.4,     29.16838826 
 239.5,     29.59937373 
 239.6,     29.94613298 
 239.7,     30.21250154 
 239.8,     30.40123012 
 239.9,     30.51413977 
   240,     30.55221985 
 240.1,      30.5156806 
 240.2,     30.40396614 
 240.3,      30.2157296 
 240.4,     29.94876745 
 240.5,     29.59990571 
 240.6,     29.16482412 
 240.7,     28.63779539 
 240.8,     28.01130158 
 240.9,     27.27546465 
   241,     26.41718336 
 241.1,     25.41878511 
 241.2,       24.255834 
 241.3,     22.89338257 
 241.4,     21.27913574 
 241.5,     19.32990643 
 241.6,     16.90166418 
 241.7,     13.71257161 
 241.8,     9.100977414 
 241.9,     1.354132376 
   242,     1.688661208 
 242.1,      8.19281449 
 242.2,     11.72435231 
 242.3,     13.90594967 
 242.4,     15.34129024 
 242.5,     16.28833898 
 242.6,     16.87652546 
 242.7,     17.17682155 
 242.8,     17.22904137 
 242.9,     17.05379331 
   243,      16.6577936 
 243.1,     16.03562115 
 243.2,       15.168839 
 243.3,     14.02215828 
 243.4,     12.53491029 
 243.5,     10.60354646 
 243.6,      8.04659956 
 243.7,      4.55630949 
 243.8,   0.06801738301 
 243.9,    -1.056852574 
   244,      2.87775597 
 244.1,     6.184527941 
 244.2,     8.468727611 
 244.3,     10.06203753 
 244.4,     11.17234576 
 244.5,     11.91736162 
 244.6,     12.36536659 
 244.7,     12.55608235 
 244.8,     12.51092815 
 244.9,     12.23791388 
   245,     11.73346909 
 245.1,     10.98205848 
 245.2,     9.953626978 
 245.3,     8.598431235 
 245.4,     6.839390904 
 245.5,     4.570438253 
 245.6,     1.734393401 
 245.7,    -1.061421814 
 245.8,     -1.29922228 
 245.9,     1.129207235 
   246,     3.662518521 
 246.1,     5.631786507 
 246.2,     7.085759483 
 246.3,     8.131096058 
 246.4,     8.846138589 
 246.5,     9.281708854 
 246.6,     9.468903065 
 246.7,     9.424566241 
 246.8,     9.154302299 
 246.9,     8.653667515 
   247,     7.908000578 
 247.1,     6.891313431 
 247.2,     5.565567041 
 247.3,      3.88642873 
 247.4,     1.843325726 
 247.5,   -0.3556911387 
 247.6,    -1.796548747 
 247.7,    -1.278842018 
 247.8,    0.5388826574 
 247.9,     2.434983083 
   248,     4.000587079 
 248.1,     5.200199884 
 248.2,     6.074216531 
 248.3,     6.664944658 
 248.4,     7.003652117 
 248.5,     7.110289304 
 248.6,     6.995068552 
 248.7,     6.659708874 
 248.8,     6.098103535 
 248.9,     5.296808529 
   249,     4.236710763 
 249.1,     2.900328895 
 249.2,     1.299416037 
 249.3,   -0.4349880161 
 249.4,    -1.850353139 
 249.5,    -2.175337513 
 249.6,    -1.237642167 
 249.7,    0.2481727705 
 249.8,     1.695720015 
 249.9,     2.900145372 
   250,     3.827492339 
 250.1,     4.491429682 
 250.2,     4.912751497 
 250.3,     5.108379366 
 250.4,     5.089019338 
 250.5,     4.859130221 
 250.6,     4.417501698 
 250.7,     3.758371475 
 250.8,     2.874202058 
 250.9,     1.763544985 
   251,    0.4530657479 
 251.1,   -0.9469395085 
 251.2,    -2.143999533 
 251.3,    -2.661926244 
 251.4,    -2.245703427 
 251.5,    -1.203886619 
 251.6, -0.003069292021 
 251.7,     1.090002816 
 251.8,     1.979487618 
 251.9,     2.644740345 
   252,     3.089924222 
 252.1,      3.32456454 
 252.2,     3.356935504 
 252.3,     3.192212161 
 252.4,     2.832541972 
 252.5,     2.278444951 
 252.6,     1.532335252 
 252.7,    0.6066839799 
 252.8,   -0.4579181291 
 252.9,    -1.558026208 
   253,    -2.485060808 
 253.1,    -2.951190142 
 253.2,    -2.785639433 
 253.3,    -2.113865089 
 253.4,    -1.221382868 
 253.5,    -0.335106255 
 253.6,    0.4273570615 
 253.7,     1.019152183 
 253.8,     1.426677561 
 253.9,     1.649408249 
   254,     1.690971672 
 254.1,     1.555807792 
 254.2,     1.248664614 
 254.3,    0.7760947696 
 254.4,    0.1503493313 
 254.5,   -0.6029473584 
 254.6,    -1.431614735 
 254.7,    -2.239651714 
 254.8,    -2.880563142 
 254.9,    -3.196012544 
   255,    -3.109938426 
 255.1,    -2.689443687 
 255.2,     -2.08963133 
 255.3,    -1.457888158 
 255.4,   -0.8913636874 
 255.5,   -0.4418679483 
 255.6,   -0.1328383816 
 255.7,   0.02753246806 
 255.8,   0.03891669845 
 255.9,  -0.09441251258 
   256,   -0.3641519714 
 256.1,    -0.756512024 
 256.2,    -1.248897042 
 256.3,    -1.804975665 
 256.4,    -2.369678757 
 256.5,    -2.868804187 
 256.6,    -3.221165491 
 256.7,    -3.366760422 
 256.8,    -3.296346867 
 256.9,    -3.056036381 
   257,    -2.722081566 
 257.1,    -2.369694002 
 257.2,    -2.055979149 
 257.3,    -1.817355216 
 257.4,    -1.673494932 
 257.5,     -1.63200847 
 257.6,    -1.691698518 
 257.7,    -1.844120517 
 257.8,    -2.073839201 
 257.9,    -2.358038175 
   258,    -2.666466147 
 258.1,    -2.963117525 
 258.2,    -3.211053502 
 258.3,    -3.380468865 
 258.4,    -3.457331692 
 258.5,    -3.447845885 
 258.6,    -3.375718329 
 258.7,    -3.273970282 
 258.8,      -3.1759874 
 258.9,    -3.109298095 
   259,    -3.092675619 
 259.1,    -3.135411047 
 259.2,    -3.237434631 
 259.3,    -3.389555671 
 259.4,    -3.573824049 
 259.5,    -3.764686746 
 259.6,    -3.932034431 
 259.7,    -4.046930804 
 259.8,     -4.08928384 
 259.9,     -4.05450947 
   260,    -3.955555053 
 260.1,    -3.819076263 
 260.2,    -3.678178484 
 260.3,    -3.565453217 
 260.4,     -3.50849948 
 260.5,     -3.52794201 
 260.6,    -3.636813149 
 260.7,     -3.84004917 
 260.8,    -4.133141508 
 260.9,     -4.49937884 
   261,    -4.905844473 
 261.1,     -5.30008669 
 261.2,    -5.612533027 
 261.3,     -5.77165439 
 261.4,    -5.732027371 
 261.5,    -5.498453945 
 261.6,    -5.124379266 
 261.7,    -4.686346975 
 261.8,    -4.257247249 
 261.9,    -3.893297099 
   262,    -3.633184908 
 262.1,     -3.50233286 
 262.2,    -3.517567802 
 262.3,    -3.690391717 
 262.4,    -4.028321524 
 262.5,    -4.533748145 
 262.6,    -5.198867592 
 262.7,     -5.99366734 
 262.8,    -6.843231201 
 262.9,    -7.598822985 
   263,    -8.041650988 
 263.1,    -7.990003017 
 263.2,    -7.456428749 
 263.3,    -6.636504606 
 263.4,    -5.747416877 
 263.5,    -4.932854182 
 263.6,      -4.2660698 
 263.7,    -3.779573065 
 263.8,    -3.487386915 
 263.9,    -3.397238281 
   264,    -3.516692406 
 264.1,    -3.856266304 
 264.2,    -4.430879773 
 264.3,    -5.259370297 
 264.4,     -6.35884969 
 264.5,     -7.72245078 
 264.6,    -9.247433836 
 264.7,     -10.5663593 
 264.8,     -10.9791751 
 264.9,     -10.1568984 
   265,    -8.666325216 
 265.1,    -7.131642177 
 265.2,    -5.814511783 
 265.3,    -4.776144314 
 265.4,    -4.014375848 
 265.5,    -3.514597248 
 265.6,    -3.265255393 
 265.7,    -3.262438936 
 265.8,    -3.511802741 
 265.9,    -4.030644743 
   266,    -4.851446602 
 266.1,    -6.027819487 
 266.2,    -7.642361974 
 266.3,    -9.803184918 
 266.4,    -12.52013224 
 266.5,    -14.86750395 
 266.6,    -14.21613123 
 266.7,    -11.45464759 
 266.8,    -8.871376434 
 266.9,    -6.878312172 
   267,    -5.396026524 
 267.1,    -4.323715649 
 267.2,    -3.591764916 
 267.3,    -3.157759421 
 267.4,    -2.999588258 
 267.5,     -3.11160261 
 267.6,    -3.504014971 
 267.7,    -4.205879175 
 267.8,    -5.273555419 
 267.9,     -6.81034325 
   268,    -9.013951961 
 268.1,    -12.30539656 
 268.2,    -17.65168978 
 268.3,     -22.0406066 
 268.4,    -15.54884766 
 268.5,    -10.98464871 
 268.6,    -8.080123967 
 268.7,      -6.0875744 
 268.8,    -4.683185838 
 268.9,    -3.709015009 
   269,    -3.081278999 
 269.1,    -2.755334653 
 269.2,    -2.711093106 
 269.3,    -2.947421255 
 269.4,    -3.481943993 
 269.5,    -4.356203313 
 269.6,    -5.649737678 
 269.7,    -7.515203281 
 269.8,    -10.27841947 
 269.9,    -14.82254187 
   270,    -25.54164781 
 270.1,    -21.17145602 
 270.2,    -13.24640525 
 270.3,    -9.303776233 
 270.4,    -6.792699338 
 270.5,    -5.062212146 
 270.6,     -3.85105372 
 270.7,    -3.031847501 
 270.8,     -2.53726751 
 270.9,    -2.332740029 
   271,    -2.405343818 
 271.1,    -2.760066986 
 271.2,    -3.420903188 
 271.3,    -4.437263147 
 271.4,    -5.899411041 
 271.5,    -7.973141869 
 271.6,    -10.97530794 
 271.7,    -15.40008126 
 271.8,    -18.75603163 
 271.9,    -14.45601218 
   272,     -10.2624798 
 272.1,    -7.414553525 
 272.2,    -5.421585977 
 272.3,    -4.000913256 
 272.4,    -3.003422315 
 272.5,    -2.346854592 
 272.6,    -1.985585098 
 272.7,    -1.896918001 
 272.8,    -2.075078875 
 272.9,    -2.529485345 
   273,    -3.286188025 
 273.1,    -4.392443883 
 273.2,    -5.923961775 
 273.3,    -7.985438234 
 273.4,    -10.62519472 
 273.5,    -13.18235093 
 273.6,    -13.10546236 
 273.7,     -10.4708862 
 273.8,    -7.798961785 
 273.9,     -5.70651254 
   274,    -4.138635751 
 274.1,    -2.990211896 
 274.2,    -2.185194305 
 274.3,     -1.67521586 
 274.4,    -1.432013226 
 274.5,    -1.442277368 
 274.6,    -1.704999797 
 274.7,     -2.23060022 
 274.8,    -3.041020636 
 274.9,    -4.168798228 
   275,    -5.647382456 
 275.1,    -7.460980807 
 275.2,    -9.345759215 
 275.3,    -10.38271246 
 275.4,    -9.616960787 
 275.5,    -7.752187261 
 275.6,    -5.838304632 
 275.7,    -4.235832427 
 275.8,    -2.984945917 
 275.9,    -2.054228986 
   276,    -1.407850465 
 276.1,    -1.019038999 
 276.2,   -0.8712761366 
 276.3,   -0.9572608939 
 276.4,    -1.277798434 
 276.5,    -1.840630664 
 276.6,    -2.657917564 
 276.7,    -3.738245175 
 276.8,    -5.060881854 
 276.9,    -6.501287778 
   277,    -7.680847823 
 277.1,    -7.968322004 
 277.2,    -7.137506436 
 277.3,    -5.714115767 
 277.4,    -4.246603712 
 277.5,     -2.97319998 
 277.6,    -1.954559403 
 277.7,    -1.190877171 
 277.8,   -0.6680675113 
 277.9,   -0.3724454036 
   278,   -0.2947567493 
 278.1,   -0.4308055304 
 278.2,   -0.7807584278 
 278.3,    -1.347097007 
 278.4,    -2.129445163 
 278.5,    -3.111399045 
 278.6,    -4.228811353 
 278.7,    -5.307742047 
 278.8,    -6.011557393 
 278.9,    -5.986865706 
   279,    -5.231978543 
 279.1,    -4.098537999 
 279.2,    -2.923101648 
 279.3,    -1.879397593 
 279.4,      -1.0306864 
 279.5,   -0.3918305822 
 279.6,   0.03905519846 
 279.7,    0.2676976044 
 279.8,     0.299000069 
 279.9,    0.1358611029 
   280,   -0.2200963764 
 280.1,   -0.7656931575 
 280.2,    -1.489432453 
 280.3,    -2.356734121 
 280.4,    -3.281563238 
 280.5,    -4.088887273 
 280.6,    -4.520332553 
 280.7,    -4.378158815 
 280.8,    -3.713693192 
 280.9,    -2.772408887 
   281,    -1.788504405 
 281.1,   -0.8989701888 
 281.2,   -0.1649103826 
 281.3,    0.3920302616 
 281.4,    0.7670886624 
 281.5,     0.961535227 
 281.6,    0.9781576684 
 281.7,      0.81997509 
 281.8,    0.4910360917 
 281.9, -0.0005189638367 
   282,   -0.6357843164 
 282.1,    -1.372465972 
 282.2,    -2.125225129 
 282.3,    -2.748714224 
 282.4,    -3.059713824 
 282.5,    -2.934830621 
 282.6,    -2.410846785 
 282.7,    -1.651746435 
 282.8,     -0.83093123 
 282.9,    -0.066063456 
   283,    0.5800867464 
 283.1,     1.079022682 
 283.2,     1.419847378 
 283.3,     1.599746319 
 283.4,     1.619442792 
 283.5,     1.481656312 
 283.6,     1.191670845 
 283.7,    0.7600589792 
 283.8,    0.2083692241 
 283.9,    -0.421143428 
   284,    -1.052560656 
 284.1,    -1.568920917 
 284.2,    -1.833097996 
 284.3,    -1.752803526 
 284.4,    -1.344768877 
 284.5,   -0.7216133299 
 284.6,  -0.01857978662 
 284.7,    0.6598931431 
 284.8,     1.250146113 
 284.9,     1.718687892 
   285,     2.049899434 
 285.1,     2.237699829 
 285.2,     2.281031133 
 285.3,     2.182031862 
 285.4,     1.946191769 
 285.5,     1.584382998 
 285.6,     1.117135632 
 285.7,    0.5815381342 
 285.8,   0.03965470924 
 285.9,   -0.4175152222 
   286,   -0.6838534608 
 286.1,   -0.6793309797 
 286.2,   -0.3964278369 
 286.3,   0.09515177137 
 286.4,    0.6910120779 
 286.5,     1.296925528 
 286.6,     1.847117931 
 286.7,     2.302266522 
 286.8,     2.641302676 
 286.9,     2.854206318 
   287,     2.937424494 
 287.1,     2.891607362 
 287.2,     2.721158247 
 287.3,     2.435386188 
 287.4,     2.051348307 
 287.5,     1.598479164 
 287.6,     1.124259633 
 287.7,    0.6975459753 
 287.8,    0.4019795838 
 287.9,    0.3119477172 
   288,    0.4581961192 
 288.1,    0.8105093605 
 288.2,      1.29520157 
 288.3,     1.829545638 
 288.4,     2.345775776 
 288.5,     2.797662342 
 288.6,     3.157216958 
 288.7,     3.409090529 
 288.8,     3.546021298 
 288.9,     3.566052537 
   289,     3.471366361 
 289.1,      3.26851671 
 289.2,     2.969996734 
 289.3,     2.597136154 
 289.4,     2.183974804 
 289.5,     1.780511922 
 289.6,      1.45135798 
 289.7,     1.264177855 
 289.8,     1.266911502 
 289.9,     1.465689991 
   290,     1.821870778 
 290.1,     2.271021583 
 290.2,     2.747188847 
 290.3,     3.197484242 
 290.4,     3.585433863 
 290.5,     3.888411942 
 290.6,     4.093739852 
 290.7,     4.195519662 
 290.8,     4.192719469 
 290.9,     4.088472767 
   291,     3.890478723 
 291.1,     3.612430098 
 291.2,     3.276319557 
 291.3,     2.915037092 
 291.4,     2.573623891 
 291.5,     2.306120832 
 291.6,      2.16490076 
 291.7,     2.183751516 
 291.8,      2.36383708 
 291.9,     2.673364988 
   292,     3.061255264 
 292.1,     3.474203819 
 292.2,     3.867727622 
 292.3,     4.209621393 
 292.4,     4.478857206 
 292.5,     4.663033201 
 292.6,     4.756049287 
 292.7,     4.756595308 
 292.8,      4.66754389 
 292.9,     4.496197161 
   293,     4.255298467 
 293.1,     3.964608466 
 293.2,     3.652497851 
 293.3,     3.356327217 
 293.4,     3.119619289 
 293.5,     2.984260681 
 293.6,      2.97872539 
 293.7,     3.107869148 
 293.8,     3.351163526 
 293.9,     3.670710168 
   294,      4.02333195 
 294.1,     4.370072623 
 294.2,     4.680605745 
 294.3,     4.933715976 
 294.4,     5.115956142 
 294.5,     5.219977315 
 294.6,     5.243245279 
 294.7,     5.187375621 
 294.8,     5.058108839 
 294.9,     4.865855795 
   295,      4.62664075 
 295.1,     4.363048194 
 295.2,     4.104390859 
 295.3,     3.884897276 
 295.4,     3.738799803 
 295.5,     3.692565177 
 295.6,     3.757056567 
 295.7,     3.923958739 
 295.8,     4.168803116 
 295.9,     4.458615983 
   296,     4.759875352 
 296.1,     5.043753377 
 296.2,     5.288197293 
 296.3,     5.477900525 
 296.4,      5.60338017 
 296.5,     5.659965997 
 296.6,     5.647088653 
 296.7,     5.567997148 
 296.8,     5.429899949 
 296.9,     5.244428396 
   297,     5.028190884 
 297.1,     4.802978914 
 297.2,     4.594941608 
 297.3,     4.431973554 
 297.4,     4.339045506 
 297.5,     4.332454994 
 297.6,      4.41534392 
 297.7,     4.576875574 
 297.8,     4.795557595 
 297.9,     5.044850683 
   298,     5.298466088 
 298.1,     5.533794912 
 298.2,     5.733341099 
 298.3,     5.884809083 
 298.4,     5.980583468 
 298.5,     6.017114499 
 298.6,      5.99447789 
 298.7,     5.916206758 
 298.8,     5.789384359 
 298.9,     5.624896622 
   299,     5.437634482 
 299.1,     5.246299242 
 299.2,     5.072353114 
 299.3,     4.937719113 
 299.4,     4.861256841 
 299.5,     4.854823427 
 299.6,     4.920415026 
 299.7,     5.049747312 
 299.8,     5.226493803 
 299.9,     5.430083826 
   300,     5.639490989 
 300.1,     5.835947984 
 300.2,     6.004346835 
 300.3,     6.133630424 
 300.4,     6.216631544 
 300.5,     6.249731517 
 300.6,     6.232564442 
 300.7,     6.167867269 
 300.8,     6.061482967 
 300.9,     5.922446859 
   301,      5.76300562 
 301.1,      5.59833396 
 301.2,     5.445660017 
 301.3,     5.322568674 
 301.4,     5.244513631 
 301.5,     5.222024155 
 301.6,     5.258507092 
 301.7,     5.349540247 
 301.8,     5.483975542 
 301.9,      5.64636474 
   302,     5.819757963 
 302.1,       5.9880417 
 302.2,     6.137437417 
 302.3,     6.257203501 
 302.4,      6.33979222 
 302.5,     6.380734332 
 302.6,     6.378454139 
 302.7,     6.334129966 
 302.8,      6.25163859 
 302.9,     6.137558241 
   303,     6.001145142 
 303.1,     5.854140322 
 303.2,     5.710221333 
 303.3,     5.583926204 
 303.4,     5.488997894 
 303.5,     5.436346177 
 303.6,     5.432118841 
 303.7,     5.476519067 
 303.8,     5.563824776 
 303.9,     5.683602447 
   304,     5.822649448 
 304.1,     5.967026816 
 304.2,     6.103695669 
 304.3,     6.221565647 
 304.4,     6.312008191 
 304.5,      6.36900334 
 304.6,      6.38909771 
 304.7,     6.371307016 
 304.8,     6.317039181 
 304.9,     6.230060379 
   305,     6.116478172 
 305.1,     5.984670561 
 305.2,     5.845048443 
 305.3,     5.709516329 
 305.4,     5.590519505 
 305.5,     5.499667798 
 305.6,     5.446109037 
 305.7,     5.435024767 
 305.8,      5.46670675 
 305.9,     5.536539408 
   306,      5.63589394 
 306.1,     5.753616788 
 306.2,     5.877653452 
 306.3,     5.996428053 
 306.4,     6.099796507 
 306.5,     6.179575776 
 306.6,     6.229755929 
 306.7,     6.246527202 
 306.8,     6.228232799 
 306.9,     6.175319303 
   307,     6.090316588 
 307.1,     5.977841409 
 307.2,     5.844582742 
 307.3,     5.699191645 
 307.4,     5.551969815 
 307.5,     5.414246808 
 307.6,     5.297380727 
 307.7,     5.211431141 
 307.8,     5.163718625 
 307.9,     5.157628075 
   308,     5.192026077 
 308.1,     5.261492315 
 308.2,     5.357282235 
 308.3,     5.468702491 
 308.4,     5.584513887 
 308.5,      5.69407493 
 308.6,     5.788106941 
 308.7,     5.859103343 
 308.8,      5.90147954 
 308.9,      5.91157401 
   309,     5.887591697 
 309.1,     5.829549687 
 309.2,     5.739254552 
 309.3,     5.620312764 
 309.4,     5.478148882 
 309.5,     5.319979152 
 309.6,     5.154662039 
 309.7,     4.992331172 
 309.8,     4.843727133 
 309.9,      4.71920336 
   310,     4.627495144 
 310.1,     4.574480205 
 310.2,      4.56225151 
 310.3,     4.588788845 
 310.4,     4.648338497 
 310.5,     4.732373312 
 310.6,     4.830837772 
 310.7,     4.933359892 
 310.8,     5.030210883 
 310.9,     5.112932613 
   311,     5.174662705 
 311.1,     5.210241101 
 311.2,     5.216189969 
 311.3,     5.190641805 
 311.4,     5.133265584 
 311.5,     5.045216737 
 311.6,     4.929116318 
 311.7,       4.7890463 
 311.8,     4.630530729 
 311.9,      4.46045556 
   312,     4.286867231 
 312.1,     4.118588537 
 312.2,     3.964611976 
 312.3,      3.83328387 
 312.4,     3.731373493 
 312.5,     3.663203449 
 312.6,     3.630054587 
 312.7,     3.630013867 
 312.8,     3.658310683 
 312.9,     3.708041768 
   313,     3.771087712 
 313.1,     3.839012819 
 313.2,     3.903799867 
 313.3,     3.958357124 
 313.4,     3.996806829 
 313.5,     4.014604016 
 313.6,     4.008545689 
 313.7,     3.976722782 
 313.8,     3.918452744 
 313.9,     3.834214959 
   314,      3.72559726 
 314.1,     3.595250622 
 314.2,     3.446839246 
 314.3,     3.284965405 
 314.4,     3.115042693 
 314.5,      2.94309026 
 314.6,     2.775427062 
 314.7,     2.618262148 
 314.8,     2.477205027 
 314.9,     2.356753502 
   315,     2.259843491 
 315.1,     2.187551646 
 315.2,     2.139018041 
 315.3,     2.111607168 
 315.4,     2.101269025 
 315.5,     2.103020341 
 315.6,     2.111453254 
 315.7,     2.121193322 
 315.8,     2.127259661 
 315.9,     2.125312011 
   316,     2.111793341 
 316.1,       2.0839895 
 316.2,     2.040030479 
 316.3,     1.978854959 
 316.4,     1.900154422 
 316.5,      1.80430705 
 316.6,     1.692306471 
 316.7,     1.565686395 
 316.8,     1.426439763 
 316.9,     1.276929548 
   317,     1.119788606 
 317.1,    0.9578071523 
 317.2,    0.7938088174 
 317.3,    0.6305195034 
 317.4,    0.4704366425 
 317.5,    0.3157089178 
 317.6,    0.1680381765 
 317.7,   0.02861378492 
 317.8,    -0.101913363 
 317.9,   -0.2234153701 
   318,    -0.336234098 
 318.1,   -0.4410993403 
 318.2,   -0.5390305513 
 318.3,   -0.6312352294 
 318.4,   -0.7190156843 
 318.5,    -0.803692821 
 318.6,   -0.8865518947 
 318.7,   -0.9688115123 
 318.8,    -1.051613908 
 318.9,    -1.136032707 
   319,    -1.223092569 
 319.1,     -1.31379501 
 319.2,    -1.409144801 
 319.3,    -1.510172021 
 319.4,    -1.617945829 
 319.5,    -1.733577359 
 319.6,    -1.858210159 
 319.7,    -1.992997888 
 319.8,    -2.139069586 
 319.9,    -2.297483404 
   320,    -2.469170074 
 320.1,    -2.654867087 
 320.2,    -2.855044786 
 320.3,    -3.069825463 
 320.4,    -3.298897021 
 320.5,    -3.541423986 
 320.6,    -3.795960596 
 320.7,    -4.060374077 
 320.8,    -4.331790704 
 320.9,    -4.606582594 
   321,    -4.880417795 
 321.1,    -5.148398513 
 321.2,    -5.405307854 
 321.3,    -5.645971746 
 321.4,    -5.865717945 
 321.5,    -6.060881585 
 321.6,    -6.229277589 
 321.7,    -6.370547836 
 321.8,    -6.486306589 
 321.9,    -6.580052034 
   322,    -6.656867329 
 322.1,    -6.722982286 
 322.2,    -6.785287357 
 322.3,    -6.850883036 
 322.4,    -6.926720392 
 322.5,    -7.019355565 
 322.6,    -7.134814657 
 322.7,     -7.27854971 
 322.8,    -7.455461029 
 322.9,    -7.669961781 
   323,    -7.926066022 
 323.1,    -8.227485586 
 323.2,    -8.577726382 
 323.3,    -8.980176787 
 323.4,    -9.438182583 
 323.5,    -9.955100796 
 323.6,     -10.5343209 
 323.7,    -11.17923296 
 323.8,    -11.89310467 
 323.9,    -12.67879929 
   324,    -13.53821147 
 324.1,    -14.47120563 
 324.2,     -15.4736935 
 324.3,    -16.53430032 
 324.4,     -17.6289874 
 324.5,    -18.71358916 
 324.6,    -19.71684526 
 324.7,    -20.54241408 
 324.8,    -21.09273494 
 324.9,    -21.31371555 
   325,    -21.22602437 
 325.1,    -20.90899474 
 325.2,    -20.45527464 
 325.3,     -19.9376662 
 325.4,     -19.4007027 
 325.5,    -18.86604747 
 325.6,    -18.34082398 
 325.7,     -17.8244756 
 325.8,    -17.31346977 
 325.9,    -16.80423973 
   326,    -16.29481997 
 326.1,    -15.78551295 
 326.2,    -15.27886179 
 326.3,    -14.77918698 
 326.4,    -14.29193139 
 326.5,    -13.82300611 
 326.6,    -13.37825894 
 326.7,    -12.96311374 
 326.8,    -12.58237502 
 326.9,    -12.24016356 
   327,    -11.93994048 
 327.1,    -11.68458145 
 327.2,    -11.47647161 
 327.3,    -11.31760054 
 327.4,     -11.2096431 
 327.5,    -11.15401608 
 327.6,      -11.151901 
 327.7,    -11.20422124 
 327.8,    -11.31155635 
 327.9,    -11.47396658 
   328,    -11.69068662 
 328.1,    -11.95962915 
 328.2,    -12.27661734 
 328.3,    -12.63425391 
 328.4,    -13.02036632 
 328.5,     -13.4161092 
 328.6,    -13.79418405 
 328.7,    -14.11833007 
 328.8,    -14.34601389 
 328.9,    -14.43604605 
   329,    -14.36018229 
 329.1,    -14.11329488 
 329.2,    -13.71531386 
 329.3,     -13.2034808 
 329.4,    -12.62044015 
 329.5,    -12.00479327 
 329.6,    -11.38669606 
 329.7,    -10.78742901 
 329.8,    -10.22088761 
 329.9,    -9.695524851 
   330,    -9.216063787 
 330.1,    -8.784792545 
 330.2,    -8.402468793 
 330.3,    -8.068922342 
 330.4,    -7.783444558 
 330.5,    -7.545032731 
 330.6,     -7.35253784 
 330.7,    -7.204748407 
 330.8,    -7.100430665 
 330.9,    -7.038337983 
   331,    -7.017196886 
 331.1,    -7.035673106 
 331.2,    -7.092318468 
 331.3,     -7.18549779 
 331.4,    -7.313293263 
 331.5,    -7.473383647 
 331.6,    -7.662896041 
 331.7,      -7.8782302 
 331.8,    -8.114861049 
 331.9,    -8.367134964 
   332,     -8.62809072 
 332.1,    -8.889358234 
 332.2,    -9.141211651 
 332.3,    -9.372868709 
 332.4,    -9.573116604 
 332.5,    -9.731284038 
 332.6,    -9.838462173 
 332.7,    -9.888735803 
 332.8,    -9.880094805 
 332.9,    -9.814736734 
   333,    -9.698656478 
 333.1,    -9.540661401 
 333.2,    -9.351117905 
 333.3,    -9.140751595 
 333.4,    -8.919719979 
 333.5,    -8.697034206 
 333.6,    -8.480296996 
 333.7,    -8.275672537 
 333.8,    -8.087996957 
 333.9,    -7.920956177 
   334,    -7.777281817 
 334.1,    -7.658936326 
 334.2,     -7.56727401 
 334.3,    -7.503173101 
 334.4,    -7.467139534 
 334.5,    -7.459385127 
 334.6,    -7.479883284 
 334.7,    -7.528405783 
 334.8,    -7.604543083 
 334.9,     -7.70771026 
   335,    -7.837140211 
 335.1,    -7.991864778 
 335.2,    -8.170685001 
 335.3,    -8.372130779 
 335.4,    -8.594411304 
 335.5,    -8.835358294 
 335.6,    -9.092365222 
 335.7,      -9.3623287 
 335.8,    -9.641600927 
 335.9,    -9.925966006 
   336,    -10.21065684 
 336.1,    -10.49043194 
 336.2,    -10.75973019 
 336.3,     -11.0129155 
 336.4,    -11.24460827 
 336.5,    -11.45007931 
 336.6,    -11.62565791 
 336.7,    -11.76908696 
 336.8,    -11.87975639 
 336.9,    -11.95876443 
   337,    -12.00879298 
 337.1,      -12.033825 
 337.2,      -12.038763 
 337.3,    -12.02901913 
 337.4,    -12.01013892 
 337.5,     -11.9874987 
 337.6,    -11.96609328 
 337.7,    -11.95041084 
 337.8,    -11.94438001 
 337.9,     -11.9513707 
   338,    -11.97422967 
 338.1,     -12.0153356 
 338.2,    -12.07666292 
 338.3,    -12.15984608 
 338.4,    -12.26624014 
 338.5,    -12.39697534 
 338.6,    -12.55300414 
 338.7,    -12.73514115 
 338.8,    -12.94409585 
 338.9,    -13.18049881 
   339,    -13.44492202 
 339.1,    -13.73789323 
 339.2,     -14.0599051 
 339.3,    -14.41141871 
 339.4,    -14.79286097 
 339.5,    -15.20461531 
 339.6,    -15.64700413 
 339.7,    -16.12026078 
 339.8,    -16.62448894 
 339.9,    -17.15960418 
   340,    -17.72525433 
 340.1,    -18.32071037 
 340.2,    -18.94472141 
 340.3,    -19.59532426 
 340.4,    -20.26959992 
 340.5,    -20.96337263 
 340.6,    -21.67085756 
 340.7,    -22.38428274 
 340.8,     -23.0935452 
 340.9,    -23.78601197 
   341,    -24.44662808 
 341.1,    -25.05852337 
 341.2,    -25.60425252 
 341.3,    -26.06761741 
 341.4,    -26.43571933 
 341.5,     -26.7006278 
 341.6,    -26.86005576 
 341.7,    -26.91680805 
 341.8,     -26.8772933 
 341.9,    -26.74975262 
   342,    -26.54281796 
 342.1,    -26.26471563 
 342.2,    -25.92309344 
 342.3,    -25.52523639 
 342.4,    -25.07839774 
 342.5,    -24.59003395 
 342.6,    -24.06785042 
 342.7,    -23.51966507 
 342.8,    -22.95315946 
 342.9,    -22.37560386 
   343,      -21.793624 
 343.1,     -21.2130446 
 343.2,    -20.63881893 
 343.3,    -20.07503013 
 343.4,    -19.52494534 
 343.5,     -18.9911009 
 343.6,    -18.47540158 
 343.7,    -17.97922149 
 343.8,     -17.5034986 
 343.9,     -17.0488195 
   344,    -16.61549199 
 344.1,    -16.20360616 
 344.2,    -15.81308451 
 344.3,    -15.44372254 
 344.4,     -15.0952213 
 344.5,    -14.76721294 
 344.6,     -14.4592808 
 344.7,    -14.17097512 
 344.8,    -13.90182482 
 344.9,    -13.65134673 
   345,    -13.41905224 
 345.1,    -13.20445232 
 345.2,    -13.00706104 
 345.3,    -12.82639788 
 345.4,    -12.66198927 
 345.5,    -12.51336936 
 345.6,    -12.38008025 
 345.7,    -12.26167172 
 345.8,    -12.15770068 
 345.9,    -12.06773031 
   346,    -11.99132895 
 346.1,    -11.92806884 
 346.2,    -11.87752463 
 346.3,    -11.83927189 
 346.4,    -11.81288539 
 346.5,    -11.79793743 
 346.6,    -11.79399602 
 346.7,      -11.800623 
 346.8,    -11.81737232 
 346.9,    -11.84378808 
   347,    -11.87940287 
 347.1,    -11.92373604 
 347.2,    -11.97629217 
 347.3,    -12.03655961 
 347.4,    -12.10400951 
 347.5,    -12.17809485 
 347.6,    -12.25825008 
 347.7,    -12.34389116 
 347.8,    -12.43441607 
 347.9,    -12.52920614 
   348,     -12.6276279 
 348.1,    -12.72903583 
 348.2,    -12.83277599 
 348.3,    -12.93819043 
 348.4,    -13.04462261 
 348.5,    -13.15142359 
 348.6,    -13.25795902 
 348.7,    -13.36361687 
 348.8,    -13.46781548 
 348.9,    -13.57001195 
   349,     -13.6697105 
 349.1,    -13.76647039 
 349.2,    -13.85991331 
 349.3,    -13.94972961 
 349.4,    -14.03568347 
 349.5,    -14.11761637 
 349.6,    -14.19544884 
 349.7,    -14.26918059 
 349.8,    -14.33888866 
 349.9,    -14.40472386 
   350,    -14.46690584 
 350.1,    -14.52571642 
 350.2,    -14.58149248 
 350.3,    -14.63461749 
 350.4,    -14.68551308 
 350.5,    -14.73463046 
 350.6,    -14.78244176 
 350.7,     -14.8294321 
 350.8,    -14.87609216 
 350.9,    -14.92291137 
   351,    -14.97037215 
 351.1,    -15.01894486 
 351.2,    -15.06908365 
 351.3,    -15.12122307 
 351.4,    -15.17577568 
 351.5,    -15.23312994 
 351.6,    -15.29364914 
 351.7,    -15.35767047 
 351.8,    -15.42550487 
 351.9,    -15.49743677 
   352,    -15.57372448 
 352.1,    -15.65460056 
 352.2,    -15.74027226 
 352.3,    -15.83092209 
 352.4,    -15.92670822 
 352.5,    -16.02776516 
 352.6,    -16.13420377 
 352.7,    -16.24611168 
 352.8,    -16.36355307 
 352.9,    -16.48656859 
   353,    -16.61517469 
 353.1,    -16.74936291 
 353.2,    -16.88909877 
 353.3,    -17.03432027 
 353.4,    -17.18493606 
 353.5,    -17.34082318 
 353.6,     -17.5018245 
 353.7,    -17.66774554 
 353.8,    -17.83835103 
 353.9,     -18.0133609 
   354,    -18.19244597 
 354.1,    -18.37522313 
 354.2,    -18.56125054 
 354.3,     -18.7500222 
 354.4,    -18.94096298 
 354.5,    -19.13342355 
 354.6,     -19.3266761 
 354.7,    -19.51991075 
 354.8,    -19.71223336 
 354.9,    -19.90266544 
   355,    -20.09014651 
 355.1,    -20.27353922 
 355.2,    -20.45163919 
 355.3,    -20.62318824 
 355.4,    -20.78689308 
 355.5,    -20.94144861 
 355.6,    -21.08556629 
 355.7,    -21.21800612 
 355.8,    -21.33761182 
 355.9,    -21.44334697 
   356,    -21.53433057 
 356.1,    -21.60986879 
 356.2,     -21.6694813 
 356.3,    -21.71291984 
 356.4,    -21.74017716 
 356.5,    -21.75148579 
 356.6,    -21.74730698 
 356.7,    -21.72831027 
 356.8,    -21.69534559 
 356.9,    -21.64941062 
   357,    -21.59161474 
 357.1,    -21.52314299 
 357.2,    -21.44522158 
 357.3,    -21.35908631 
 357.4,    -21.26595544 
 357.5,    -21.16700756 
 357.6,    -21.06336391 
 357.7,    -20.95607596 
 357.8,     -20.8461167 
 357.9,    -20.73437638 
   358,    -20.62166023 
 358.1,    -20.50868977 
 358.2,    -20.39610488 
 358.3,    -20.28446773 
 358.4,    -20.17426741 
 358.5,    -20.06592493 
 358.6,     -19.9597984 
 358.7,    -19.85618854 
 358.8,    -19.75534348 
 358.9,    -19.65746359 
   359,      -19.562706 
 359.1,     -19.4711886 
 359.2,    -19.38299371 
 359.3,    -19.29817141 
 359.4,    -19.21674228 
 359.5,     -19.1387001 
 359.6,    -19.06401392 
 359.7,    -18.99263012 
 359.8,     -18.9244738 
 359.9,    -18.85945047 
   360,    -18.79744711 
