M5A_HWBC_BI_A60_E0_F3.txt
NTNU_FFI
Method: IGABEM CCBIE with 19456 elements (24324 degrees of freedom) and NURBS degree 4. Computational time for system assembly (4x6-core Xeon 2.67 GHz): 36.1022 hours.
60
0
3000
3601
     0,    -16.19197236 
   0.1,    -16.37152406 
   0.2,    -16.55491068 
   0.3,    -16.74229976 
   0.4,    -16.93386974 
   0.5,    -17.12981081 
   0.6,    -17.33032596 
   0.7,    -17.53563217 
   0.8,    -17.74596162 
   0.9,    -17.96156318 
     1,    -18.18270398 
   1.1,    -18.40967119 
   1.2,    -18.64277407 
   1.3,    -18.88234621 
   1.4,    -19.12874812 
   1.5,    -19.38237013 
   1.6,    -19.64363568 
   1.7,    -19.91300511 
   1.8,    -20.19097993 
   1.9,    -20.47810771 
     2,    -20.77498776 
   2.1,     -21.0822776 
   2.2,    -21.40070041 
   2.3,    -21.73105368 
   2.4,    -22.07421922 
   2.5,    -22.43117472 
   2.6,    -22.80300725 
   2.7,     -23.1909288 
   2.8,    -23.59629431 
   2.9,    -24.02062253 
     3,     -24.4656197 
   3.1,    -24.93320629 
   3.2,    -25.42554645 
   3.3,     -25.9450787 
   3.4,    -26.49454549 
   3.5,     -27.0770155 
   3.6,    -27.69588744 
   3.7,    -28.35485309 
   3.8,    -29.05777722 
   3.9,    -29.80841362 
     4,    -30.60980517 
   4.1,    -31.46308408 
   4.2,     -32.3651631 
   4.3,    -33.30447952 
   4.4,    -34.25371041 
   4.5,    -35.15913762 
   4.6,    -35.93065031 
   4.7,    -36.44676989 
   4.8,    -36.59523958 
   4.9,    -36.33883179 
     5,    -35.74239002 
   5.1,    -34.92735477 
   5.2,    -34.00847036 
   5.3,    -33.06479654 
   5.4,    -32.14122969 
   5.5,    -31.25959698 
   5.6,    -30.42843735 
   5.7,    -29.64930719 
   5.8,     -28.9203669 
   5.9,    -28.23829901 
     6,     -27.5992943 
   6.1,    -26.99953862 
   6.2,    -26.43543778 
   6.3,    -25.90370755 
   6.4,    -25.40139557 
   6.5,    -24.92587054 
   6.6,    -24.47479698 
   6.7,    -24.04610495 
   6.8,    -23.63795945 
   6.9,    -23.24873174 
     7,    -22.87697347 
   7.1,     -22.5213938 
   7.2,    -22.18083941 
   7.3,    -21.85427724 
   7.4,    -21.54077954 
   7.5,    -21.23951098 
   7.6,    -20.94971756 
   7.7,    -20.67071705 
   7.8,    -20.40189068 
   7.9,      -20.142676 
     8,    -19.89256062 
   8.1,    -19.65107688 
   8.2,    -19.41779705 
   8.3,    -19.19232926 
   8.4,    -18.97431384 
   8.5,    -18.76342021 
   8.6,    -18.55934402 
   8.7,    -18.36180471 
   8.8,    -18.17054331 
   8.9,    -17.98532051 
     9,    -17.80591493 
   9.1,    -17.63212159 
   9.2,     -17.4637505 
   9.3,    -17.30062551 
   9.4,     -17.1425831 
   9.5,    -16.98947149 
   9.6,    -16.84114969 
   9.7,     -16.6974867 
   9.8,    -16.55836083 
   9.9,      -16.423659 
    10,    -16.29327615 
  10.1,    -16.16711472 
  10.2,    -16.04508418 
  10.3,    -15.92710055 
  10.4,    -15.81308599 
  10.5,     -15.7029685 
  10.6,    -15.59668152 
  10.7,    -15.49416366 
  10.8,    -15.39535842 
  10.9,    -15.30021394 
    11,    -15.20868278 
  11.1,    -15.12072167 
  11.2,    -15.03629141 
  11.3,     -14.9553566 
  11.4,    -14.87788557 
  11.5,    -14.80385019 
  11.6,    -14.73322576 
  11.7,    -14.66599092 
  11.8,     -14.6021275 
  11.9,    -14.54162052 
    12,      -14.484458 
  12.1,    -14.43063102 
  12.2,    -14.38013355 
  12.3,     -14.3329625 
  12.4,    -14.28911761 
  12.5,    -14.24860147 
  12.6,     -14.2114195 
  12.7,    -14.17757992 
  12.8,    -14.14709376 
  12.9,    -14.11997487 
    13,    -14.09623996 
  13.1,    -14.07590858 
  13.2,    -14.05900321 
  13.3,    -14.04554926 
  13.4,    -14.03557516 
  13.5,    -14.02911239 
  13.6,    -14.02619561 
  13.7,    -14.02686268 
  13.8,    -14.03115484 
  13.9,    -14.03911672 
    14,    -14.05079657 
  14.1,    -14.06624631 
  14.2,    -14.08552175 
  14.3,    -14.10868271 
  14.4,    -14.13579324 
  14.5,     -14.1669218 
  14.6,    -14.20214151 
  14.7,    -14.24153038 
  14.8,    -14.28517159 
  14.9,    -14.33315379 
    15,    -14.38557141 
  15.1,    -14.44252505 
  15.2,    -14.50412186 
  15.3,    -14.57047596 
  15.4,    -14.64170894 
  15.5,    -14.71795037 
  15.6,    -14.79933838 
  15.7,    -14.88602033 
  15.8,    -14.97815343 
  15.9,    -15.07590561 
    16,    -15.17945633 
  16.1,    -15.28899754 
  16.2,    -15.40473475 
  16.3,    -15.52688818 
  16.4,     -15.6556941 
  16.5,    -15.79140626 
  16.6,    -15.93429755 
  16.7,    -16.08466179 
  16.8,     -16.2428158 
  16.9,    -16.40910168 
    17,    -16.58388941 
  17.1,    -16.76757975 
  17.2,    -16.96060749 
  17.3,    -17.16344523 
  17.4,    -17.37660752 
  17.5,    -17.60065562 
  17.6,    -17.83620295 
  17.7,     -18.0839211 
  17.8,    -18.34454683 
  17.9,    -18.61888986 
    18,    -18.90784169 
  18.1,    -19.21238547 
  18.2,    -19.53360695 
  18.3,    -19.87270653 
  18.4,    -20.23101203 
  18.5,    -20.60999192 
  18.6,    -21.01126789 
  18.7,    -21.43662522 
  18.8,     -21.8880176 
  18.9,     -22.3675613 
    19,    -22.87750905 
  19.1,    -23.42018762 
  19.2,     -23.9978714 
  19.3,    -24.61254437 
  19.4,    -25.26547049 
  19.5,    -25.95643909 
  19.6,    -26.68247376 
  19.7,    -27.43569941 
  19.8,    -28.20002289 
  19.9,    -28.94653504 
    20,     -29.6286451 
  20.1,    -30.18060403 
  20.2,    -30.52633033 
  20.3,    -30.60333546 
  20.4,    -30.39209506 
  20.5,    -29.92688214 
  20.6,    -29.27727894 
  20.7,    -28.51822024 
  20.8,    -27.71028087 
  20.9,     -26.8945938 
    21,    -26.09588918 
  21.1,     -25.3275085 
  21.2,    -24.59566618 
  21.3,    -23.90239797 
  21.4,    -23.24741604 
  21.5,    -22.62921881 
  21.6,    -22.04573447 
  21.7,    -21.49468475 
  21.8,    -20.97378442 
  21.9,    -20.48084558 
    22,    -20.01382744 
  22.1,    -19.57085534 
  22.2,    -19.15022286 
  22.3,    -18.75038494 
  22.4,    -18.36994667 
  22.5,    -18.00765047 
  22.6,    -17.66236291 
  22.7,    -17.33306214 
  22.8,    -17.01882621 
  22.9,    -16.71882243 
    23,    -16.43229787 
  23.1,    -16.15857082 
  23.2,    -15.89702336 
  23.3,    -15.64709464 
  23.4,     -15.4082751 
  23.5,    -15.18010123 
  23.6,    -14.96215113 
  23.7,    -14.75404041 
  23.8,    -14.55541872 
  23.9,    -14.36596663 
    24,    -14.18539286 
  24.1,    -14.01343181 
  24.2,    -13.84984149 
  24.3,    -13.69440153 
  24.4,    -13.54691152 
  24.5,     -13.4071895 
  24.6,    -13.27507063 
  24.7,    -13.15040601 
  24.8,     -13.0330616 
  24.9,    -12.92291732 
    25,    -12.81986623 
  25.1,    -12.72381376 
  25.2,    -12.63467713 
  25.3,    -12.55238473 
  25.4,    -12.47687567 
  25.5,    -12.40809932 
  25.6,    -12.34601501 
  25.7,    -12.29059162 
  25.8,    -12.24180744 
  25.9,    -12.19964987 
    26,    -12.16411531 
  26.1,    -12.13520902 
  26.2,    -12.11294507 
  26.3,    -12.09734626 
  26.4,    -12.08844417 
  26.5,    -12.08627918 
  26.6,    -12.09090052 
  26.7,    -12.10236643 
  26.8,    -12.12074426 
  26.9,    -12.14611067 
    27,    -12.17855183 
  27.1,    -12.21816368 
  27.2,    -12.26505217 
  27.3,    -12.31933355 
  27.4,    -12.38113472 
  27.5,    -12.45059354 
  27.6,    -12.52785917 
  27.7,    -12.61309244 
  27.8,    -12.70646617 
  27.9,    -12.80816547 
    28,    -12.91838805 
  28.1,    -13.03734438 
  28.2,    -13.16525781 
  28.3,    -13.30236447 
  28.4,    -13.44891299 
  28.5,    -13.60516391 
  28.6,    -13.77138871 
  28.7,    -13.94786817 
  28.8,    -14.13489014 
  28.9,    -14.33274616 
    29,     -14.5417269 
  29.1,    -14.76211567 
  29.2,    -14.99417982 
  29.3,    -15.23815883 
  29.4,    -15.49424864 
  29.5,    -15.76258049 
  29.6,     -16.0431931 
  29.7,    -16.33599589 
  29.8,    -16.64072098 
  29.9,    -16.95686092 
    30,    -17.28358892 
  30.1,    -17.61965811 
  30.2,    -17.96327713 
  30.3,    -18.31196095 
  30.4,    -18.66236009 
  30.5,    -19.01007874 
  30.6,    -19.34950432 
  30.7,    -19.67368851 
  30.8,    -19.97434018 
  30.9,    -20.24200829 
    31,    -20.46653323 
  31.1,    -20.63781106 
  31.2,    -20.74683241 
  31.3,    -20.78683818 
  31.4,    -20.75432646 
  31.5,     -20.6496219 
  31.6,    -20.47682414 
  31.7,    -20.24315282 
  31.8,    -19.95789689 
  31.9,    -19.63126193 
    32,    -19.27336753 
  32.1,    -18.89353296 
  32.2,    -18.49987268 
  32.3,    -18.09914925 
  32.4,    -17.69680294 
  32.5,    -17.29708248 
  32.6,    -16.90321947 
  32.7,    -16.51760967 
  32.8,     -16.1419809 
  32.9,    -15.77753835 
    33,    -15.42508519 
  33.1,     -15.0851198 
  33.2,    -14.75791263 
  33.3,    -14.44356598 
  33.4,    -14.14206016 
  33.5,     -13.8532887 
  33.6,    -13.57708514 
  33.7,    -13.31324317 
  33.8,    -13.06153186 
  33.9,     -12.8217069 
    34,    -12.59351904 
  34.1,    -12.37672024 
  34.2,    -12.17106817 
  34.3,    -11.97632946 
  34.4,    -11.79228196 
  34.5,    -11.61871634 
  34.6,    -11.45543715 
  34.7,     -11.3022635 
  34.8,    -11.15902946 
  34.9,    -11.02558425 
    35,    -10.90179232 
  35.1,    -10.78753336 
  35.2,     -10.6827022 
  35.3,    -10.58720871 
  35.4,    -10.50097778 
  35.5,    -10.42394918 
  35.6,    -10.35607755 
  35.7,    -10.29733242 
  35.8,    -10.24769821 
  35.9,    -10.20717443 
    36,    -10.17577579 
  36.1,     -10.1535325 
  36.2,    -10.14049061 
  36.3,    -10.13671243 
  36.4,    -10.14227712 
  36.5,    -10.15728128 
  36.6,    -10.18183977 
  36.7,    -10.21608661 
  36.8,    -10.26017605 
  36.9,     -10.3142838 
    37,    -10.37860847 
  37.1,    -10.45337318 
  37.2,    -10.53882751 
  37.3,    -10.63524958 
  37.4,     -10.7429486 
  37.5,    -10.86226767 
  37.6,    -10.99358704 
  37.7,    -11.13732784 
  37.8,    -11.29395636 
  37.9,      -11.463989 
    38,    -11.64799789 
  38.1,    -11.84661744 
  38.2,    -12.06055184 
  38.3,    -12.29058377 
  38.4,    -12.53758444 
  38.5,     -12.8025251 
  38.6,    -13.08649048 
  38.7,    -13.39069407 
  38.8,     -13.7164957 
  38.9,    -14.06542139 
    39,    -14.43918553 
  39.1,    -14.83971484 
  39.2,    -15.26917326 
  39.3,    -15.72998514 
  39.4,    -16.22485217 
  39.5,    -16.75675502 
  39.6,    -17.32892251 
  39.7,     -17.9447367 
  39.8,    -18.60751538 
  39.9,    -19.32006391 
    40,    -20.08380059 
  40.1,    -20.89710911 
  40.2,    -21.75234684 
  40.3,     -22.6307153 
  40.4,     -23.4944131 
  40.5,    -24.27748977 
  40.6,    -24.88282867 
  40.7,      -25.200758 
  40.8,     -25.1571952 
  40.9,    -24.76008052 
    41,    -24.09392398 
  41.1,     -23.2689988 
  41.2,    -22.37749985 
  41.3,      -21.479927 
  41.4,    -20.61011637 
  41.5,    -19.78446098 
  41.6,    -19.00928815 
  41.7,     -18.2855544 
  41.8,    -17.61154874 
  41.9,     -16.9843708 
    42,    -16.40071097 
  42.1,    -15.85724716 
  42.2,    -15.35083496 
  42.3,    -14.87858816 
  42.4,    -14.43790219 
  42.5,    -14.02644904 
  42.6,    -13.64215888 
  42.7,    -13.28319637 
  42.8,    -12.94793608 
  42.9,    -12.63493888 
    43,    -12.34293035 
  43.1,    -12.07078151 
  43.2,    -11.81749195 
  43.3,    -11.58217497 
  43.4,    -11.36404493 
  43.5,    -11.16240614 
  43.6,    -10.97664345 
  43.7,    -10.80621407 
  43.8,    -10.65064066 
  43.9,    -10.50950531 
    44,    -10.38244453 
  44.1,    -10.26914492 
  44.2,    -10.16933955 
  44.3,    -10.08280495 
  44.4,    -10.00935861 
  44.5,    -9.948857053 
  44.6,    -9.901194204 
  44.7,    -9.866300336 
  44.8,    -9.844141315 
  44.9,    -9.834718269 
    45,    -9.838067625 
  45.1,     -9.85426154 
  45.2,    -9.883408723 
  45.3,    -9.925655682 
  45.4,    -9.981188427 
  45.5,    -10.05023466 
  45.6,    -10.13306653 
  45.7,    -10.23000403 
  45.8,    -10.34141907 
  45.9,    -10.46774047 
    46,     -10.6094599 
  46.1,    -10.76713896 
  46.2,    -10.94141781 
  46.3,    -11.13302541 
  46.4,     -11.3427919 
  46.5,    -11.57166365 
  46.6,     -11.8207215 
  46.7,    -12.09120316 
  46.8,    -12.38453078 
  46.9,    -12.70234535 
    47,    -13.04654973 
  47.1,    -13.41936338 
  47.2,    -13.82339235 
  47.3,    -14.26172034 
  47.4,    -14.73802857 
  47.5,    -15.25675616 
  47.6,    -15.82331869 
  47.7,      -16.444412 
  47.8,    -17.12844442 
  47.9,    -17.88616847 
    48,    -18.73163309 
  48.1,     -19.6836728 
  48.2,    -20.76834086 
  48.3,    -22.02310244 
  48.4,    -23.50455404 
  48.5,    -25.30387008 
  48.6,    -27.58120445 
  48.7,    -30.65325298 
  48.8,    -35.23705362 
  48.9,    -41.78906449 
    49,    -37.89877682 
  49.1,    -32.31629449 
  49.2,    -28.74038346 
  49.3,    -26.18609356 
  49.4,    -24.21433318 
  49.5,    -22.61582704 
  49.6,    -21.27669507 
  49.7,    -20.12854618 
  49.8,    -19.12722363 
  49.9,    -18.24261377 
    50,    -17.45328615 
  50.1,    -16.74346249 
  50.2,    -16.10119997 
  50.3,    -15.51724958 
  50.4,    -14.98430971 
  50.5,    -14.49652176 
  50.6,    -14.04911945 
  50.7,    -13.63817894 
  50.8,    -13.26043693 
  50.9,    -12.91315581 
    51,    -12.59402198 
  51.1,    -12.30106807 
  51.2,    -12.03261266 
  51.3,    -11.78721307 
  51.4,    -11.56362794 
  51.5,    -11.36078741 
  51.6,    -11.17776908 
  51.7,    -11.01377862 
  51.8,    -10.86813394 
  51.9,    -10.74025232 
    52,    -10.62963996 
  52.1,    -10.53588338 
  52.2,    -10.45864258 
  52.3,    -10.39764543 
  52.4,    -10.35268343 
  52.5,     -10.3236083 
  52.6,    -10.31032973 
  52.7,     -10.3128138 
  52.8,    -10.33108235 
  52.9,    -10.36521305 
    53,    -10.41534027 
  53.1,    -10.48165686 
  53.2,    -10.56441661 
  53.3,    -10.66393785 
  53.4,     -10.7806079 
  53.5,    -10.91488884 
  53.6,    -11.06732455 
  53.7,    -11.23854945 
  53.8,    -11.42929899 
  53.9,    -11.64042261 
    54,    -11.87289934 
  54.1,    -12.12785686 
  54.2,    -12.40659485 
  54.3,    -12.71061356 
  54.4,    -13.04164909 
  54.5,    -13.40171713 
  54.6,    -13.79316755 
  54.7,    -14.21875299 
  54.8,    -14.68171541 
  54.9,    -15.18589626 
    55,    -15.73587685 
  55.1,    -16.33715783 
  55.2,    -16.99638729 
  55.3,    -17.72164603 
  55.4,    -18.52278906 
  55.5,     -19.4118107 
  55.6,     -20.4031039 
  55.7,     -21.5132069 
  55.8,    -22.75883567 
  55.9,    -24.14975098 
    56,    -25.66701294 
  56.1,    -27.20527627 
  56.2,     -28.4643391 
  56.3,    -28.93695509 
  56.4,     -28.3501116 
  56.5,    -27.04318759 
  56.6,    -25.51017062 
  56.7,    -24.02007274 
  56.8,    -22.66196411 
  56.9,    -21.44893891 
    57,    -20.36961056 
  57.1,    -19.40708011 
  57.2,    -18.54505937 
  57.3,    -17.76949603 
  57.4,    -17.06871919 
  57.5,    -16.43315255 
  57.6,    -15.85494829 
  57.7,    -15.32765202 
  57.8,    -14.84592528 
  57.9,    -14.40532428 
    58,    -14.00212613 
  58.1,    -13.63319279 
  58.2,    -13.29586452 
  58.3,    -12.98787593 
  58.4,    -12.70728958 
  58.5,    -12.45244304 
  58.6,    -12.22190654 
  58.7,    -12.01444877 
  58.8,    -11.82900923 
  58.9,    -11.66467569 
    59,    -11.52066582 
  59.1,    -11.39631215 
  59.2,    -11.29104973 
  59.3,    -11.20440614 
  59.4,    -11.13599325 
  59.5,    -11.08550068 
  59.6,    -11.05269053 
  59.7,    -11.03739339 
  59.8,    -11.03950529 
  59.9,    -11.05898569 
    60,    -11.09585623 
  60.1,    -11.15020041 
  60.2,    -11.22216396 
  60.3,    -11.31195599 
  60.4,     -11.4198509 
  60.5,    -11.54619105 
  60.6,    -11.69139019 
  60.7,    -11.85593764 
  60.8,    -12.04040323 
  60.9,    -12.24544302 
    61,    -12.47180565 
  61.1,    -12.72033914 
  61.2,    -12.99199794 
  61.3,     -13.2878496 
  61.4,    -13.60908015 
  61.5,    -13.95699665 
  61.6,     -14.3330244 
  61.7,    -14.73869445 
  61.8,    -15.17561477 
  61.9,    -15.64541358 
    62,    -16.14963699 
  62.1,    -16.68957111 
  62.2,    -17.26594183 
  62.3,    -17.87841793 
  62.4,    -18.52480649 
  62.5,    -19.19978621 
  62.6,    -19.89300399 
  62.7,    -20.58644515 
  62.8,    -21.25137179 
  62.9,    -21.84609965 
    63,     -22.3174785 
  63.1,    -22.60981754 
  63.2,    -22.68181481 
  63.3,    -22.52368886 
  63.4,    -22.16177585 
  63.5,    -21.64662235 
  63.6,    -21.03441212 
  63.7,     -20.3734464 
  63.8,    -19.69915184 
  63.9,    -19.03481691 
    64,    -18.39446278 
  64.1,    -17.78578169 
  64.2,     -17.2124253 
  64.3,    -16.67558587 
  64.4,    -16.17502226 
  64.5,    -15.70970195 
  64.6,    -15.27819338 
  64.7,    -14.87890074 
  64.8,    -14.51020141 
  64.9,    -14.17052369 
    65,    -13.85838844 
  65.1,    -13.57242893 
  65.2,    -13.31139796 
  65.3,    -13.07416754 
  65.4,    -12.85972457 
  65.5,    -12.66716444 
  65.6,    -12.49568386 
  65.7,    -12.34457356 
  65.8,    -12.21321122 
  65.9,    -12.10105505 
    66,    -12.00763779 
  66.1,    -11.93256155 
  66.2,    -11.87549313 
  66.3,    -11.83616001 
  66.4,    -11.81434686 
  66.5,    -11.80989264 
  66.6,    -11.82268798 
  66.7,    -11.85267311 
  66.8,    -11.89983593 
  66.9,    -11.96421045 
    67,    -12.04587523 
  67.1,    -12.14495192 
  67.2,    -12.26160356 
  67.3,     -12.3960326 
  67.4,    -12.54847826 
  67.5,    -12.71921297 
  67.6,    -12.90853731 
  67.7,    -13.11677289 
  67.8,    -13.34425218 
  67.9,    -13.59130414 
    68,     -13.8582339 
  68.1,    -14.14529427 
  68.2,    -14.45264583 
  68.3,    -14.78030147 
  68.4,     -15.1280499 
  68.5,    -15.49535069 
  68.6,    -15.88119232 
  68.7,     -16.2839027 
  68.8,    -16.70090228 
  68.9,    -17.12839319 
    69,     -17.5609882 
  69.1,    -17.99130655 
  69.2,    -18.40960477 
  69.3,    -18.80357275 
  69.4,    -19.15849782 
  69.5,    -19.45804041 
  69.6,    -19.68580041 
  69.7,    -19.82760565 
  69.8,    -19.87404843 
  69.9,    -19.82244769 
    70,    -19.67744709 
  70.1,    -19.44998595 
  70.2,    -19.15508944 
  70.3,    -18.80932856 
  70.4,    -18.42870153 
  70.5,    -18.02729202 
  70.6,    -17.61668496 
  70.7,    -17.20592725 
  70.8,     -16.8017942 
  70.9,    -16.40917823 
    71,    -16.03148848 
  71.1,    -15.67100654 
  71.2,    -15.32917939 
  71.3,    -15.00684939 
  71.4,    -14.70442948 
  71.5,     -14.4220338 
  71.6,    -14.15957365 
  71.7,    -13.91682735 
  71.8,    -13.69349061 
  71.9,    -13.48921248 
    72,    -13.30362095 
  72.1,    -13.13634092 
  72.2,    -12.98700667 
  72.3,    -12.85527043 
  72.4,    -12.74080807 
  72.5,    -12.64332276 
  72.6,     -12.5625472 
  72.7,    -12.49824479 
  72.8,    -12.45021005 
  72.9,    -12.41826846 
    73,    -12.40227595 
  73.1,    -12.40211798 
  73.2,    -12.41770831 
  73.3,    -12.44898756 
  73.4,    -12.49592127 
  73.5,    -12.55849764 
  73.6,     -12.6367247 
  73.7,    -12.73062678 
  73.8,    -12.84024001 
  73.9,    -12.96560674 
    74,    -13.10676826 
  74.1,    -13.26375555 
  74.2,    -13.43657733 
  74.3,    -13.62520473 
  74.4,     -13.8295515 
  74.5,    -14.04944863 
  74.6,    -14.28461184 
  74.7,     -14.5346002 
  74.8,    -14.79876389 
  74.9,    -15.07617885 
    75,    -15.36556641 
  75.1,    -15.66519641 
  75.2,    -15.97277405 
  75.3,    -16.28531356 
  75.4,    -16.59900704 
  75.5,    -16.90910462 
  75.6,    -17.20983273 
  75.7,    -17.49438988 
  75.8,    -17.75506925 
  75.9,    -17.98355876 
    76,    -18.17145122 
  76.1,    -18.31095244 
  76.2,    -18.39570708 
  76.3,    -18.42159036 
  76.4,    -18.38727804 
  76.5,    -18.29443839 
  76.6,    -18.14748984 
  76.7,    -17.95299516 
  76.8,    -17.71885588 
  76.9,    -17.45349387 
    77,    -17.16516386 
  77.1,    -16.86146888 
  77.2,    -16.54908354 
  77.3,    -16.23364916 
  77.4,    -15.91978975 
  77.5,    -15.61119994 
  77.6,    -15.31076733 
  77.7,     -15.0207037 
  77.8,    -14.74266999 
  77.9,    -14.47788755 
    78,    -14.22723289 
  78.1,    -13.99131612 
  78.2,    -13.77054447 
  78.3,    -13.56517297 
  78.4,    -13.37534458 
  78.5,    -13.20112146 
  78.6,    -13.04250949 
  78.7,    -12.89947712 
  78.8,    -12.77196997 
  78.9,    -12.65992207 
    79,     -12.5632644 
  79.1,    -12.48193138 
  79.2,     -12.4158658 
  79.3,     -12.3650224 
  79.4,    -12.32937046 
  79.5,    -12.30889558 
  79.6,    -12.30360072 
  79.7,    -12.31350653 
  79.8,     -12.3386512 
  79.9,    -12.37908954 
    80,    -12.43489139 
  80.1,    -12.50613922 
  80.2,    -12.59292465 
  80.3,    -12.69534379 
  80.4,    -12.81349087 
  80.5,    -12.94744986 
  80.6,    -13.09728341 
  80.7,    -13.26301841 
  80.8,    -13.44462705 
  80.9,    -13.64200246 
    81,    -13.85492702 
  81.1,    -14.08303188 
  81.2,    -14.32574541 
  81.3,    -14.58222816 
  81.4,    -14.85129229 
  81.5,    -15.13130346 
  81.6,     -15.4200648 
  81.7,    -15.71468554 
  81.8,    -16.01144145 
  81.9,     -16.3056426 
    82,    -16.59153492 
  82.1,    -16.86227536 
  82.2,    -17.11003317 
  82.3,     -17.3262732 
  82.4,    -17.50226204 
  82.5,    -17.62979391 
  82.6,    -17.70206026 
  82.7,    -17.71450747 
  82.8,    -17.66547915 
  82.9,    -17.55646521 
    83,    -17.39188316 
  83.1,    -17.17845728 
  83.2,    -16.92436886 
  83.3,    -16.63838182 
  83.4,    -16.32910412 
  83.5,    -16.00446636 
  83.6,    -15.67142469 
  83.7,    -15.33584927 
  83.8,    -15.00254255 
  83.9,    -14.67533435 
    84,    -14.35721299 
  84.1,    -14.05046505 
  84.2,    -13.75680778 
  84.3,    -13.47750646 
  84.4,    -13.21347384 
  84.5,    -12.96535216 
  84.6,    -12.73357928 
  84.7,    -12.51844138 
  84.8,    -12.32011441 
  84.9,    -12.13869657 
    85,    -11.97423352 
  85.1,    -11.82673797 
  85.2,    -11.69620486 
  85.3,    -11.58262308 
  85.4,    -11.48598452 
  85.5,     -11.4062911 
  85.6,     -11.3435602 
  85.7,    -11.29782882 
  85.8,    -11.26915677 
  85.9,    -11.25762906 
    86,    -11.26335762 
  86.1,    -11.28648228 
  86.2,    -11.32717121 
  86.3,    -11.38562053 
  86.4,    -11.46205312 
  86.5,    -11.55671625 
  86.6,    -11.66987773 
  86.7,    -11.80182011 
  86.8,    -11.95283215 
  86.9,    -12.12319664 
    87,    -12.31317323 
  87.1,    -12.52297441 
  87.2,    -12.75273237 
  87.3,    -13.00245334 
  87.4,    -13.27195531 
  87.5,    -13.56078375 
  87.6,    -13.86809862 
  87.7,    -14.19252527 
  87.8,     -14.5319613 
  87.9,    -14.88333392 
    88,    -15.24230844 
  88.1,    -15.60296281 
  88.2,    -15.95746874 
  88.3,    -16.29586086 
  88.4,    -16.60602696 
  88.5,    -16.87409663 
  88.6,    -17.08539978 
  88.7,    -17.22605377 
  88.8,    -17.28499035 
  88.9,    -17.25592845 
    89,    -17.13863304 
  89.1,    -16.93896788 
  89.2,    -16.66772028 
  89.3,     -16.3386613 
  89.4,    -15.96650129 
  89.5,    -15.56525659 
  89.6,    -15.14724031 
  89.7,    -14.72263382 
  89.8,    -14.29947157 
  89.9,    -13.88386006 
    90,    -13.48029352 
  90.1,    -13.09198102 
  90.2,    -12.72114181 
  90.3,    -12.36925236 
  90.4,    -12.03724362 
  90.5,     -11.7256538 
  90.6,    -11.43474439 
  90.7,    -11.16458695 
  90.8,    -10.91512749 
  90.9,    -10.68623388 
    91,    -10.47773056 
  91.1,      -10.289424 
  91.2,    -10.12112118 
  91.3,    -9.972643172 
  91.4,    -9.843835054 
  91.5,    -9.734573242 
  91.6,    -9.644770998 
  91.7,    -9.574382628 
  91.8,    -9.523406817 
  91.9,    -9.491889357 
    92,    -9.479925496 
  92.1,     -9.48766203 
  92.2,    -9.515299206 
  92.3,    -9.563092471 
  92.4,    -9.631353981 
  92.5,    -9.720453774 
  92.6,    -9.830820367 
  92.7,    -9.962940408 
  92.8,    -10.11735683 
  92.9,    -10.29466471 
    93,    -10.49550347 
  93.1,    -10.72054384 
  93.2,    -10.97046662 
  93.3,    -11.24592955 
  93.4,    -11.54751647 
  93.5,    -11.87566052 
  93.6,    -12.23052939 
  93.7,    -12.61185608 
  93.8,     -13.0186921 
  93.9,    -13.44905374 
    94,    -13.89942741 
  94.1,    -14.36410404 
  94.2,    -14.83433863 
  94.3,    -15.29740427 
  94.4,    -15.73576092 
  94.5,    -16.12680257 
  94.6,    -16.44390262 
  94.7,    -16.65947958 
  94.8,    -16.75013821 
  94.9,     -16.7025193 
    95,    -16.51723049 
  95.1,    -16.20866072 
  95.2,    -15.80078852 
  95.3,     -15.3213015 
  95.4,     -14.7965963 
  95.5,    -14.24889556 
  95.6,    -13.69533947 
  95.7,    -13.14831045 
  95.8,    -12.61628753 
  95.9,    -12.10478952 
    96,    -11.61720245 
  96.1,    -11.15543068 
  96.2,     -10.7203789 
  96.3,    -10.31229616 
  96.4,    -9.931015505 
  96.5,    -9.576118392 
  96.6,    -9.247046078 
  96.7,    -8.943174354 
  96.8,    -8.663863156 
  96.9,    -8.408489123 
    97,    -8.176466648 
  97.1,    -7.967261238 
  97.2,    -7.780397799 
  97.3,    -7.615465628 
  97.4,    -7.472121348 
  97.5,     -7.35009063 
  97.6,    -7.249169271 
  97.7,     -7.16922406 
  97.8,    -7.110193705 
  97.9,    -7.072090037 
    98,    -7.054999634 
  98.1,    -7.059086005 
  98.2,    -7.084592405 
  98.3,    -7.131845352 
  98.4,     -7.20125892 
  98.5,    -7.293339804 
  98.6,    -7.408693151 
  98.7,     -7.54802908 
  98.8,    -7.712169697 
  98.9,    -7.902056237 
    99,    -8.118755682 
  99.1,    -8.363465722 
  99.2,    -8.637516181 
  99.3,    -8.942363709 
  99.4,    -9.279574577 
  99.5,    -9.650786996 
  99.6,     -10.0576389 
  99.7,     -10.5016383 
  99.8,    -10.98393888 
  99.9,     -11.5049611 
   100,    -12.06376564 
 100.1,    -12.65704075 
 100.2,    -13.27752151 
 100.3,    -13.91166228 
 100.4,    -14.53657133 
 100.5,    -15.11685929 
 100.6,    -15.60345454 
 100.7,    -15.93818445 
 100.8,    -16.06746094 
 100.9,    -15.96201982 
   101,      -15.630365 
 101.1,      -15.114673 
 101.2,    -14.47277269 
 101.3,    -13.75999536 
 101.4,    -13.01959657 
 101.5,    -12.28121154 
 101.6,    -11.56326498 
 101.7,    -10.87623607 
 101.8,    -10.22543164 
 101.9,    -9.612973492 
   102,    -9.039108701 
 102.1,     -8.50303488 
 102.2,      -8.0034054 
 102.3,    -7.538632211 
 102.4,    -7.107063527 
 102.5,    -6.707085162 
 102.6,    -6.337175769 
 102.7,    -5.995934536 
 102.8,    -5.682092681 
 102.9,    -5.394515667 
   103,    -5.132200319 
 103.1,    -4.894269427 
 103.2,    -4.679965333 
 103.3,     -4.48864344 
 103.4,    -4.319766176 
 103.5,     -4.17289772 
 103.6,    -4.047699661 
 103.7,    -3.943927714 
 103.8,    -3.861429529 
 103.9,    -3.800143666 
   104,    -3.760099768 
 104.1,    -3.741420014 
 104.2,    -3.744321923 
 104.3,    -3.769122636 
 104.4,    -3.816244823 
 104.5,    -3.886224409 
 104.6,    -3.979720381 
 104.7,    -4.097526965 
 104.8,    -4.240588577 
 104.9,    -4.410017978 
   105,     -4.60711819 
 105.1,    -4.833408748 
 105.2,    -5.090656935 
 105.3,    -5.380914531 
 105.4,    -5.706560379 
 105.5,    -6.070348331 
 105.6,    -6.475458606 
 105.7,    -6.925547302 
 105.8,    -7.424782075 
 105.9,    -7.977838362 
   106,    -8.589802819 
 106.1,    -9.265874512 
 106.2,    -10.01064063 
 106.3,    -10.82647737 
 106.4,    -11.71019953 
 106.5,    -12.64639234 
 106.6,    -13.59526069 
 106.7,    -14.47457385 
 106.8,    -15.14603364 
 106.9,    -15.43979188 
   107,    -15.24573846 
 107.1,     -14.6014083 
 107.2,    -13.65973852 
 107.3,    -12.58283579 
 107.4,    -11.48191323 
 107.5,    -10.41652358 
 107.6,    -9.412884544 
 107.7,    -8.479428007 
 107.8,    -7.616075074 
 107.9,     -6.81907843 
   108,    -6.083392028 
 108.1,    -5.403776595 
 108.2,     -4.77528272 
 108.3,    -4.193434333 
 108.4,    -3.654271766 
 108.5,    -3.154332197 
 108.6,    -2.690605206 
 108.7,    -2.260481372 
 108.8,    -1.861702092 
 108.9,    -1.492314036 
   109,    -1.150629328 
 109.1,   -0.8351914481 
 109.2,   -0.5447464427 
 109.3,   -0.2782188175 
 109.4,  -0.03469151015 
 109.5,    0.1866106226 
 109.6,    0.3863342827 
 109.7,    0.5650085923 
 109.8,    0.7230536493 
 109.9,    0.8607870524 
   110,     0.978428568 
 110.1,     1.076103086 
 110.2,     1.153841939 
 110.3,     1.211582594 
 110.4,     1.249166706 
 110.5,     1.266336427 
 110.6,     1.262728828 
 110.7,     1.237868182 
 110.8,      1.19115582 
 110.9,      1.12185709 
   111,     1.029084845 
 111.1,    0.9117787098 
 111.2,    0.7686790446 
 111.3,    0.5982942888 
 111.4,    0.3988598077 
 111.5,    0.1682857616 
 111.6,  -0.09590940113 
 111.7,   -0.3966845186 
 111.8,   -0.7375869107 
 111.9,    -1.122898411 
   112,    -1.557829392 
 112.1,    -2.048779658 
 112.2,    -2.603693392 
 112.3,    -3.232546962 
 112.4,    -3.948023102 
 112.5,    -4.766437662 
 112.6,    -5.708971437 
 112.7,    -6.803122611 
 112.8,    -8.083658202 
 112.9,    -9.589716462 
   113,    -11.34417834 
 113.1,    -13.26283495 
 113.2,    -14.86890303 
 113.3,    -15.09602735 
 113.4,    -13.61626743 
 113.5,    -11.45427297 
 113.6,    -9.342109243 
 113.7,     -7.46776583 
 113.8,    -5.831544671 
 113.9,    -4.396024675 
   114,    -3.123790468 
 114.1,    -1.984402598 
 114.2,     -0.95425046 
 114.3,  -0.01513670137 
 114.4,    0.8470671218 
 114.5,     1.643462602 
 114.6,     2.382888837 
 114.7,     3.072475781 
 114.8,     3.718045924 
 114.9,     4.324408512 
   115,     4.895577594 
 115.1,     5.434935645 
 115.2,     5.945357875 
 115.3,     6.429307827 
 115.4,     6.888911715 
 115.5,     7.326016882 
 115.6,     7.742238196 
 115.7,     8.138995258 
 115.8,     8.517542476 
 115.9,     8.878993577 
   116,     9.224341747 
 116.1,     9.554476287 
 116.2,     9.870196483 
 116.3,     10.17222323 
 116.4,     10.46120882 
 116.5,     10.73774524 
 116.6,     11.00237126 
 116.7,     11.25557846 
 116.8,     11.49781643 
 116.9,     11.72949729 
   117,     11.95099955 
 117.1,     12.16267149 
 117.2,     12.36483417 
 117.3,     12.55778396 
 117.4,     12.74179485 
 117.5,     12.91712046 
 117.6,     13.08399578 
 117.7,      13.2426388 
 117.8,     13.39325184 
 117.9,     13.53602284 
   118,     13.67112648 
 118.1,      13.7987251 
 118.2,     13.91896968 
 118.3,     14.03200055 
 118.4,     14.13794816 
 118.5,     14.23693373 
 118.6,     14.32906975 
 118.7,     14.41446059 
 118.8,     14.49320291 
 118.9,      14.5653861 
   119,     14.63109266 
 119.1,     14.69039851 
 119.2,     14.74337333 
 119.3,     14.79008081 
 119.4,     14.83057891 
 119.5,     14.86492002 
 119.6,     14.89315124 
 119.7,     14.91531444 
 119.8,      14.9314465 
 119.9,     14.94157935 
   120,     14.94574013 
 120.1,     14.94395121 
 120.2,     14.93623034 
 120.3,     14.92259061 
 120.4,     14.90304052 
 120.5,     14.87758397 
 120.6,     14.84622028 
 120.7,     14.80894414 
 120.8,     14.76574558 
 120.9,     14.71660988 
   121,     14.66151753 
 121.1,     14.60044412 
 121.2,     14.53336019 
 121.3,     14.46023113 
 121.4,     14.38101697 
 121.5,     14.29567225 
 121.6,     14.20414575 
 121.7,     14.10638028 
 121.8,      14.0023124 
 121.9,     13.89187211 
   122,     13.77498252 
 122.1,     13.65155944 
 122.2,     13.52151101 
 122.3,     13.38473716 
 122.4,     13.24112914 
 122.5,      13.0905689 
 122.6,     12.93292846 
 122.7,     12.76806916 
 122.8,     12.59584086 
 122.9,     12.41608105 
   123,      12.2286138 
 123.1,     12.03324866 
 123.2,     11.82977937 
 123.3,     11.61798241 
 123.4,     11.39761541 
 123.5,     11.16841531 
 123.6,     10.93009631 
 123.7,     10.68234748 
 123.8,     10.42483013 
 123.9,      10.1571747 
   124,     9.878977299 
 124.1,     9.589795635 
 124.2,     9.289144349 
 124.3,      8.97648961 
 124.4,     8.651242799 
 124.5,     8.312753128 
 124.6,     7.960298958 
 124.7,     7.593077525 
 124.8,     7.210192743 
 124.9,       6.8106406 
   125,     6.393291602 
 125.1,     5.956869484 
 125.2,      5.49992525 
 125.3,     5.020805232 
 125.4,     4.517611501 
 125.5,     3.988152321 
 125.6,     3.429879586 
 125.7,     2.839808994 
 125.8,     2.214417072 
 125.9,     1.549506813 
   126,    0.8400302324 
 126.1,   0.07985106207 
 126.2,   -0.7385764706 
 126.3,    -1.624647293 
 126.4,    -2.590211751 
 126.5,    -3.650410767 
 126.6,    -4.824801111 
 126.7,    -6.138752225 
 126.8,    -7.624691675 
 126.9,    -9.321085806 
   127,    -11.26024251 
 127.1,    -13.40998401 
 127.2,    -15.46394683 
 127.3,    -16.50170591 
 127.4,    -15.75057125 
 127.5,    -13.95562731 
 127.6,    -12.05107199 
 127.7,      -10.354456 
 127.8,    -8.901169805 
 127.9,    -7.659488466 
   128,     -6.59091481 
 128.1,    -5.662892941 
 128.2,    -4.849942978 
 128.3,    -4.132433283 
 128.4,    -3.495179539 
 128.5,    -2.926312294 
 128.6,    -2.416435652 
 128.7,    -1.958016467 
 128.8,    -1.544941484 
 128.9,    -1.172193889 
   129,   -0.8356144834 
 129.1,   -0.5317231888 
 129.2,   -0.2575839827 
 129.3,  -0.01070147206 
 129.4,     0.211059214 
 129.5,    0.4095351398 
 129.6,     0.586315144 
 129.7,     0.742779405 
 129.8,    0.8801312751 
 129.9,    0.9994230927 
   130,     1.101577259 
 130.1,     1.187403552 
 130.2,     1.257613428 
 130.3,     1.312831888 
 130.4,     1.353607365 
 130.5,     1.380419974 
 130.6,     1.393688422 
 130.7,     1.393775774 
 130.8,     1.380994282 
 130.9,     1.355609392 
   131,     1.317843048 
 131.1,     1.267876396 
 131.2,     1.205851932 
 131.3,     1.131875179 
 131.4,     1.046015905 
 131.5,    0.9483089383 
 131.6,    0.8387545829 
 131.7,    0.7173186499 
 131.8,    0.5839321091 
 131.9,    0.4384903518 
   132,    0.2808520488 
 132.1,    0.1108375787 
 132.2,  -0.07177300749 
 132.3,   -0.2672425357 
 132.4,    -0.475879831 
 132.5,    -0.698043489 
 132.6,    -0.934146395 
 132.7,    -1.184661107 
 132.8,     -1.45012625 
 132.9,    -1.731154109 
   133,    -2.028439636 
 133.1,    -2.342771156 
 133.2,     -2.67504312 
 133.3,    -3.026271335 
 133.4,    -3.397611191 
 133.5,    -3.790379586 
 133.6,    -4.206081347 
 133.7,    -4.646441193 
 133.8,     -5.11344251 
 133.9,    -5.609374458 
   134,     -6.13688921 
 134.1,    -6.699071267 
 134.2,     -7.29952069 
 134.3,    -7.942451208 
 134.4,    -8.632801499 
 134.5,    -9.376351254 
 134.6,    -10.17981777 
 134.7,    -11.05087209 
 134.8,     -11.9979295 
 134.9,    -13.02937557 
   135,    -14.15144713 
 135.1,    -15.36301199 
 135.2,    -16.64358447 
 135.3,    -17.92862576 
 135.4,    -19.07079476 
 135.5,     -19.8227813 
 135.6,    -19.94269242 
 135.7,    -19.40887581 
 135.8,    -18.44335286 
 135.9,    -17.30364346 
   136,    -16.15254308 
 136.1,    -15.06428914 
 136.2,    -14.06396369 
 136.3,    -13.15456755 
 136.4,    -12.33049281 
 136.5,    -11.58346114 
 136.6,    -10.90496085 
 136.7,    -10.28715642 
 136.8,     -9.72315388 
 136.9,    -9.207006015 
   137,    -8.733622566 
 137.1,     -8.29865488 
 137.2,     -7.89838305 
 137.3,    -7.529615547 
 137.4,    -7.189603694 
 137.5,    -6.875970282 
 137.6,    -6.586650545 
 137.7,     -6.31984355 
 137.8,    -6.073972153 
 137.9,    -5.847649975 
   138,    -5.639654074 
 138.1,     -5.44890226 
 138.2,    -5.274434177 
 138.3,     -5.11539548 
 138.4,    -4.971024537 
 138.5,     -4.84064121 
 138.6,    -4.723637366 
 138.7,     -4.61946881 
 138.8,     -4.52764842 
 138.9,    -4.447740283 
   139,    -4.379354678 
 139.1,    -4.322143778 
 139.2,     -4.27579797 
 139.3,    -4.240042695 
 139.4,    -4.214635755 
 139.5,    -4.199365007 
 139.6,    -4.194046414 
 139.7,    -4.198522409 
 139.8,    -4.212660523 
 139.9,    -4.236352281 
   140,    -4.269512321 
 140.1,    -4.312077726 
 140.2,    -4.364007563 
 140.3,    -4.425282616 
 140.4,    -4.495905312 
 140.5,    -4.575899831 
 140.6,    -4.665312416 
 140.7,    -4.764211874 
 140.8,    -4.872690298 
 140.9,    -4.990864001 
   141,    -5.118874694 
 141.1,    -5.256890942 
 141.2,    -5.405109904 
 141.3,    -5.563759416 
 141.4,    -5.733100456 
 141.5,    -5.913430045 
 141.6,    -6.105084664 
 141.7,    -6.308444263 
 141.8,    -6.523936977 
 141.9,    -6.752044675 
   142,    -6.993309516 
 142.1,    -7.248341701 
 142.2,    -7.517828696 
 142.3,    -7.802546242 
 142.4,    -8.103371575 
 142.5,    -8.421299392 
 142.6,    -8.757461252 
 142.7,    -9.113149348 
 142.8,    -9.489845842 
 142.9,    -9.889259403 
   143,    -10.31337117 
 143.1,    -10.76449319 
 143.2,    -11.24534361 
 143.3,    -11.75914472 
 143.4,    -12.30975276 
 143.5,     -12.9018326 
 143.6,    -13.54109727 
 143.7,    -14.23464374 
 143.8,    -14.99143508 
 143.9,    -15.82301328 
   144,    -16.74458895 
 144.1,    -17.77677578 
 144.2,    -18.94848941 
 144.3,    -20.30209605 
 144.4,    -21.90329708 
 144.5,    -23.86217761 
 144.6,    -26.38507726 
 144.7,    -29.93472845 
 144.8,    -35.97852022 
 144.9,    -55.53642386 
   145,    -35.90403241 
 145.1,    -29.98479699 
 145.2,    -26.51594198 
 145.3,     -24.0626312 
 145.4,    -22.16875052 
 145.5,    -20.63015721 
 145.6,    -19.33769166 
 145.7,    -18.22609965 
 145.8,    -17.25324902 
 145.9,    -16.39035133 
   146,    -15.61686147 
 146.1,      -14.917603 
 146.2,    -14.28104668 
 146.3,     -13.6982281 
 146.4,    -13.16203937 
 146.5,    -12.66674957 
 146.6,    -12.20767084 
 146.7,    -11.78091989 
 146.8,    -11.38324411 
 146.9,    -11.01189225 
   147,    -10.66451675 
 147.1,     -10.3390987 
 147.2,    -10.03388955 
 147.3,    -9.747365264 
 147.4,    -9.478189729 
 147.5,    -9.225185456 
 147.6,    -8.987309757 
 147.7,    -8.763635263 
 147.8,     -8.55333388 
 147.9,    -8.355663461 
   148,    -8.169956662 
 148.1,    -7.995611584 
 148.2,    -7.832083847 
 148.3,    -7.678879865 
 148.4,    -7.535551089 
 148.5,    -7.401689074 
 148.6,    -7.276921226 
 148.7,     -7.16090712 
 148.8,    -7.053335309 
 148.9,     -6.95392053 
   149,    -6.862401284 
 149.1,    -6.778537691 
 149.2,    -6.702109622 
 149.3,     -6.63291505 
 149.4,     -6.57076859 
 149.5,    -6.515500216 
 149.6,     -6.46695412 
 149.7,    -6.424987705 
 149.8,    -6.389470692 
 149.9,    -6.360284327 
   150,    -6.337320683 
 150.1,    -6.320482034 
 150.2,    -6.309680317 
 150.3,    -6.304836643 
 150.4,    -6.305880879 
 150.5,    -6.312751282 
 150.6,     -6.32539418 
 150.7,    -6.343763702 
 150.8,    -6.367821553 
 150.9,    -6.397536825 
   151,    -6.432885851 
 151.1,     -6.47385209 
 151.2,    -6.520426056 
 151.3,    -6.572605274 
 151.4,    -6.630394269 
 151.5,    -6.693804596 
 151.6,    -6.762854897 
 151.7,    -6.837570991 
 151.8,    -6.917986007 
 151.9,    -7.004140537 
   152,    -7.096082844 
 152.1,    -7.193869091 
 152.2,    -7.297563624 
 152.3,    -7.407239284 
 152.4,    -7.522977778 
 152.5,    -7.644870085 
 152.6,    -7.773016924 
 152.7,    -7.907529267 
 152.8,    -8.048528923 
 152.9,    -8.196149177 
   153,    -8.350535506 
 153.1,    -8.511846363 
 153.2,    -8.680254053 
 153.3,    -8.855945688 
 153.4,    -9.039124245 
 153.5,    -9.230009723 
 153.6,    -9.428840415 
 153.7,    -9.635874289 
 153.8,    -9.851390503 
 153.9,    -10.07569104 
   154,    -10.30910246 
 154.1,    -10.55197783 
 154.2,    -10.80469866 
 154.3,    -11.06767706 
 154.4,    -11.34135785 
 154.5,    -11.62622072 
 154.6,    -11.92278224 
 154.7,    -12.23159767 
 154.8,    -12.55326226 
 154.9,    -12.88841174 
   155,    -13.23772157 
 155.1,    -13.60190419 
 155.2,    -13.98170322 
 155.3,    -14.37788319 
 155.4,    -14.79121252 
 155.5,    -15.22243657 
 155.6,    -15.67223622 
 155.7,    -16.14116515 
 155.8,    -16.62955637 
 155.9,    -17.13738448 
   156,    -17.66406518 
 156.1,    -18.20816783 
 156.2,    -18.76701173 
 156.3,    -19.33611688 
 156.4,    -19.90849361 
 156.5,    -20.47380014 
 156.6,    -21.01749833 
 156.7,    -21.52031804 
 156.8,    -21.95857715 
 156.9,    -22.30604938 
   157,    -22.53780827 
 157.1,    -22.63551654 
 157.2,    -22.59229026 
 157.3,     -22.4147294 
 157.4,     -22.1209621 
 157.5,    -21.73581436 
 157.6,    -21.28550675 
 157.7,    -20.79377236 
 157.8,    -20.27995192 
 157.9,    -19.75864994 
   158,    -19.24025945 
 158.1,    -18.73180383 
 158.2,    -18.23778103 
 158.3,    -17.76087702 
 158.4,    -17.30251819 
 158.5,     -16.8632776 
 158.6,    -16.44316444 
 158.7,      -16.041826 
 158.8,    -15.65868638 
 158.9,    -15.29304074 
   159,    -14.94411844 
 159.1,    -14.61112483 
 159.2,     -14.2932684 
 159.3,    -13.98977796 
 159.4,    -13.69991298 
 159.5,    -13.42296943 
 159.6,    -13.15828257 
 159.7,    -12.90522771 
 159.8,    -12.66321972 
 159.9,    -12.43171168 
   160,     -12.2101931 
 160.1,    -11.99818781 
 160.2,    -11.79525186 
 160.3,    -11.60097131 
 160.4,    -11.41496007 
 160.5,    -11.23685791 
 160.6,     -11.0663285 
 160.7,    -10.90305761 
 160.8,    -10.74675141 
 160.9,    -10.59713497 
   161,    -10.45395076 
 161.1,    -10.31695736 
 161.2,    -10.18592826 
 161.3,    -10.06065071 
 161.4,    -9.940924733 
 161.5,    -9.826562177 
 161.6,    -9.717385857 
 161.7,    -9.613228774 
 161.8,    -9.513933396 
 161.9,    -9.419350995 
   162,    -9.329341047 
 162.1,    -9.243770672 
 162.2,    -9.162514129 
 162.3,     -9.08545234 
 162.4,    -9.012472467 
 162.5,    -8.943467508 
 162.6,    -8.878335937 
 162.7,    -8.816981361 
 162.8,    -8.759312216 
 162.9,    -8.705241472 
   163,    -8.654686374 
 163.1,    -8.607568193 
 163.2,    -8.563812001 
 163.3,     -8.52334646 
 163.4,    -8.486103625 
 163.5,    -8.452018767 
 163.6,    -8.421030204 
 163.7,    -8.393079146 
 163.8,    -8.368109548 
 163.9,     -8.34606798 
   164,    -8.326903499 
 164.1,    -8.310567536 
 164.2,    -8.297013787 
 164.3,    -8.286198112 
 164.4,    -8.278078442 
 164.5,    -8.272614697 
 164.6,    -8.269768698 
 164.7,    -8.269504098 
 164.8,    -8.271786312 
 164.9,    -8.276582449 
   165,    -8.283861257 
 165.1,    -8.293593065 
 165.2,     -8.30574973 
 165.3,    -8.320304595 
 165.4,    -8.337232439 
 165.5,    -8.356509443 
 165.6,    -8.378113148 
 165.7,    -8.402022425 
 165.8,    -8.428217441 
 165.9,    -8.456679636 
   166,     -8.48739169 
 166.1,     -8.52033751 
 166.2,    -8.555502203 
 166.3,    -8.592872062 
 166.4,     -8.63243455 
 166.5,    -8.674178286 
 166.6,    -8.718093038 
 166.7,    -8.764169711 
 166.8,    -8.812400344 
 166.9,    -8.862778104 
   167,    -8.915297285 
 167.1,    -8.969953309 
 167.2,    -9.026742729 
 167.3,    -9.085663231 
 167.4,    -9.146713646 
 167.5,    -9.209893952 
 167.6,    -9.275205293 
 167.7,    -9.342649987 
 167.8,    -9.412231543 
 167.9,    -9.483954681 
   168,    -9.557825351 
 168.1,    -9.633850757 
 168.2,     -9.71203938 
 168.3,    -9.792401012 
 168.4,     -9.87494678 
 168.5,    -9.959689186 
 168.6,    -10.04664214 
 168.7,      -10.135821 
 168.8,    -10.22724262 
 168.9,    -10.32092539 
   169,     -10.4168893 
 169.1,    -10.51515597 
 169.2,    -10.61574873 
 169.3,    -10.71869268 
 169.4,    -10.82401475 
 169.5,    -10.93174377 
 169.6,    -11.04191055 
 169.7,    -11.15454798 
 169.8,    -11.26969109 
 169.9,    -11.38737715 
   170,     -11.5076458 
 170.1,    -11.63053911 
 170.2,    -11.75610174 
 170.3,    -11.88438102 
 170.4,    -12.01542714 
 170.5,    -12.14929321 
 170.6,    -12.28603547 
 170.7,    -12.42571345 
 170.8,     -12.5683901 
 170.9,    -12.71413198 
   171,    -12.86300949 
 171.1,    -13.01509704 
 171.2,    -13.17047325 
 171.3,    -13.32922123 
 171.4,    -13.49142881 
 171.5,    -13.65718875 
 171.6,    -13.82659911 
 171.7,    -13.99976343 
 171.8,    -14.17679113 
 171.9,    -14.35779778 
   172,    -14.54290542 
 172.1,    -14.73224297 
 172.2,    -14.92594652 
 172.3,    -15.12415974 
 172.4,    -15.32703424 
 172.5,    -15.53472991 
 172.6,    -15.74741533 
 172.7,    -15.96526808 
 172.8,    -16.18847504 
 172.9,    -16.41723267 
   173,    -16.65174718 
 173.1,    -16.89223455 
 173.2,    -17.13892056 
 173.3,    -17.39204037 
 173.4,    -17.65183806 
 173.5,    -17.91856566 
 173.6,     -18.1924817 
 173.7,    -18.47384918 
 173.8,     -18.7629326 
 173.9,    -19.05999388 
   174,    -19.36528689 
 174.1,    -19.67904988 
 174.2,    -20.00149557 
 174.3,    -20.33279785 
 174.4,    -20.67307427 
 174.5,    -21.02236311 
 174.6,     -21.3805934 
 174.7,    -21.74754611 
 174.8,    -22.12280424 
 174.9,    -22.50568928 
   175,    -22.89518139 
 175.1,      -23.289821 
 175.2,    -23.68759053 
 175.3,    -24.08577742 
 175.4,    -24.48082446 
 175.5,    -24.86818081 
 175.6,    -25.24217897 
 175.7,    -25.59597744 
 175.8,    -25.92162394 
 175.9,    -26.21030272 
   176,    -26.45281915 
 176.1,    -26.64033424 
 176.2,    -26.76528595 
 176.3,    -26.82234142 
 176.4,    -26.80915785 
 176.5,    -26.72673953 
 176.6,    -26.57928183 
 176.7,    -26.37355071 
 176.8,    -26.11797888 
 176.9,    -25.82170849 
   177,    -25.49376892 
 177.1,    -25.14248996 
 177.2,    -24.77516421 
 177.3,    -24.39791767 
 177.4,    -24.01572599 
 177.5,    -23.63251689 
 177.6,     -23.2513125 
 177.7,    -22.87438094 
 177.8,    -22.50337941 
 177.9,    -22.13948038 
   178,    -21.78347787 
 178.1,    -21.43587448 
 178.2,    -21.09695117 
 178.3,     -20.7668223 
 178.4,    -20.44547863 
 178.5,    -20.13282056 
 178.6,    -19.82868373 
 178.7,    -19.53285853 
 178.8,    -19.24510491 
 178.9,    -18.96516363 
   179,    -18.69276464 
 179.1,    -18.42763332 
 179.2,    -18.16949513 
 179.3,    -17.91807893 
 179.4,    -17.67311938 
 179.5,    -17.43435863 
 179.6,    -17.20154739 
 179.7,    -16.97444568 
 179.8,    -16.75282319 
 179.9,    -16.53645942 
   180,    -16.32514373 
 180.1,    -16.11867511 
 180.2,    -15.91686203 
 180.3,     -15.7195221 
 180.4,    -15.52648179 
 180.5,    -15.33757602 
 180.6,    -15.15264784 
 180.7,    -14.97154804 
 180.8,    -14.79413477 
 180.9,    -14.62027321 
   181,    -14.44983518 
 181.1,    -14.28269881 
 181.2,    -14.11874824 
 181.3,    -13.95787327 
 181.4,    -13.79996908 
 181.5,    -13.64493595 
 181.6,    -13.49267899 
 181.7,    -13.34310788 
 181.8,    -13.19613664 
 181.9,     -13.0516834 
   182,     -12.9096702 
 182.1,    -12.77002275 
 182.2,    -12.63267032 
 182.3,    -12.49754546 
 182.4,    -12.36458392 
 182.5,    -12.23372445 
 182.6,    -12.10490869 
 182.7,    -11.97808096 
 182.8,    -11.85318821 
 182.9,    -11.73017985 
   183,    -11.60900764 
 183.1,     -11.4896256 
 183.2,    -11.37198989 
 183.3,    -11.25605872 
 183.4,    -11.14179225 
 183.5,    -11.02915253 
 183.6,    -10.91810337 
 183.7,    -10.80861034 
 183.8,     -10.7006406 
 183.9,    -10.59416292 
   184,    -10.48914756 
 184.1,    -10.38556625 
 184.2,    -10.28339208 
 184.3,    -10.18259949 
 184.4,    -10.08316421 
 184.5,     -9.98506319 
 184.6,    -9.888274579 
 184.7,    -9.792777662 
 184.8,    -9.698552824 
 184.9,    -9.605581514 
   185,    -9.513846199 
 185.1,    -9.423330336 
 185.2,    -9.334018329 
 185.3,    -9.245895505 
 185.4,    -9.158948073 
 185.5,    -9.073163102 
 185.6,    -8.988528488 
 185.7,    -8.905032928 
 185.8,    -8.822665894 
 185.9,    -8.741417606 
   186,     -8.66127901 
 186.1,    -8.582241756 
 186.2,    -8.504298174 
 186.3,    -8.427441251 
 186.4,    -8.351664616 
 186.5,    -8.276962516 
 186.6,    -8.203329799 
 186.7,    -8.130761895 
 186.8,    -8.059254801 
 186.9,     -7.98880506 
   187,     -7.91940975 
 187.1,    -7.851066466 
 187.2,    -7.783773301 
 187.3,    -7.717528839 
 187.4,    -7.652332135 
 187.5,    -7.588182705 
 187.6,     -7.52508051 
 187.7,    -7.463025944 
 187.8,    -7.402019822 
 187.9,    -7.342063368 
   188,    -7.283158202 
 188.1,     -7.22530633 
 188.2,    -7.168510131 
 188.3,    -7.112772348 
 188.4,    -7.058096073 
 188.5,    -7.004484741 
 188.6,    -6.951942118 
 188.7,    -6.900472289 
 188.8,    -6.850079651 
 188.9,    -6.800768897 
   189,    -6.752545014 
 189.1,    -6.705413267 
 189.2,    -6.659379189 
 189.3,    -6.614448577 
 189.4,    -6.570627472 
 189.5,     -6.52792216 
 189.6,    -6.486339153 
 189.7,    -6.445885185 
 189.8,    -6.406567195 
 189.9,    -6.368392325 
   190,    -6.331367899 
 190.1,    -6.295501423 
 190.2,    -6.260800563 
 190.3,    -6.227273142 
 190.4,    -6.194927122 
 190.5,    -6.163770594 
 190.6,    -6.133811767 
 190.7,    -6.105058949 
 190.8,    -6.077520541 
 190.9,    -6.051205013 
   191,    -6.026120897 
 191.1,    -6.002276768 
 191.2,    -5.979681223 
 191.3,    -5.958342871 
 191.4,    -5.938270308 
 191.5,    -5.919472101 
 191.6,    -5.901956764 
 191.7,    -5.885732741 
 191.8,    -5.870808375 
 191.9,    -5.857191891 
   192,    -5.844891365 
 192.1,    -5.833914698 
 192.2,    -5.824269584 
 192.3,    -5.815963483 
 192.4,    -5.809003581 
 192.5,    -5.803396759 
 192.6,    -5.799149556 
 192.7,    -5.796268122 
 192.8,    -5.794758182 
 192.9,    -5.794624986 
   193,    -5.795873261 
 193.1,    -5.798507158 
 193.2,    -5.802530198 
 193.3,    -5.807945213 
 193.4,    -5.814754278 
 193.5,    -5.822958654 
 193.6,    -5.832558708 
 193.7,     -5.84355384 
 193.8,    -5.855942404 
 193.9,    -5.869721623 
   194,    -5.884887497 
 194.1,    -5.901434707 
 194.2,    -5.919356516 
 194.3,    -5.938644662 
 194.4,    -5.959289242 
 194.5,    -5.981278597 
 194.6,    -6.004599185 
 194.7,    -6.029235448 
 194.8,    -6.055169679 
 194.9,    -6.082381872 
   195,    -6.110849577 
 195.1,     -6.14054774 
 195.2,    -6.171448544 
 195.3,    -6.203521238 
 195.4,    -6.236731967 
 195.5,    -6.271043593 
 195.6,    -6.306415519 
 195.7,    -6.342803499 
 195.8,    -6.380159458 
 195.9,     -6.41843131 
   196,    -6.457562766 
 196.1,    -6.497493166 
 196.2,    -6.538157297 
 196.3,    -6.579485233 
 196.4,    -6.621402176 
 196.5,    -6.663828324 
 196.6,    -6.706678743 
 196.7,    -6.749863272 
 196.8,    -6.793286446 
 196.9,    -6.836847462 
   197,    -6.880440166 
 197.1,    -6.923953092 
 197.2,    -6.967269546 
 197.3,     -7.01026774 
 197.4,    -7.052820985 
 197.5,     -7.09479795 
 197.6,    -7.136062985 
 197.7,    -7.176476525 
 197.8,    -7.215895564 
 197.9,    -7.254174214 
   198,    -7.291164351 
 198.1,    -7.326716337 
 198.2,    -7.360679832 
 198.3,    -7.392904691 
 198.4,    -7.423241925 
 198.5,    -7.451544749 
 198.6,    -7.477669677 
 198.7,    -7.501477679 
 198.8,    -7.522835369 
 198.9,    -7.541616218 
   199,    -7.557701772 
 199.1,    -7.570982849 
 199.2,    -7.581360713 
 199.3,    -7.588748183 
 199.4,    -7.593070667 
 199.5,    -7.594267105 
 199.6,    -7.592290784 
 199.7,    -7.587110035 
 199.8,    -7.578708766 
 199.9,    -7.567086845 
   200,    -7.552260307 
 200.1,    -7.534261392 
 200.2,     -7.51313841 
 200.3,    -7.488955425 
 200.4,     -7.46179179 
 200.5,    -7.431741517 
 200.6,    -7.398912516 
 200.7,    -7.363425705 
 200.8,    -7.325414025 
 200.9,    -7.285021364 
   201,    -7.242401426 
 201.1,    -7.197716551 
 201.2,    -7.151136521 
 201.3,    -7.102837362 
 201.4,    -7.053000161 
 201.5,    -7.001809921 
 201.6,    -6.949454456 
 201.7,    -6.896123348 
 201.8,    -6.842006977 
 201.9,    -6.787295612 
   202,    -6.732178601 
 202.1,    -6.676843627 
 202.2,     -6.62147606 
 202.3,    -6.566258386 
 202.4,     -6.51136972 
 202.5,    -6.456985399 
 202.6,    -6.403276645 
 202.7,    -6.350410305 
 202.8,    -6.298548647 
 202.9,     -6.24784922 
   203,     -6.19846477 
 203.1,    -6.150543195 
 203.2,    -6.104227548 
 203.3,    -6.059656072 
 203.4,    -6.016962272 
 203.5,    -5.976275004 
 203.6,    -5.937718589 
 203.7,    -5.901412942 
 203.8,    -5.867473717 
 203.9,    -5.836012451 
   204,    -5.807136719 
 204.1,    -5.780950291 
 204.2,    -5.757553277 
 204.3,    -5.737042281 
 204.4,    -5.719510531 
 204.5,    -5.705048013 
 204.6,    -5.693741579 
 204.7,    -5.685675044 
 204.8,    -5.680929266 
 204.9,    -5.679582202 
   205,    -5.681708935 
 205.1,    -5.687381681 
 205.2,    -5.696669759 
 205.3,    -5.709639527 
 205.4,    -5.726354282 
 205.5,    -5.746874112 
 205.6,    -5.771255703 
 205.7,    -5.799552088 
 205.8,    -5.831812339 
 205.9,    -5.868081193 
   206,    -5.908398591 
 206.1,    -5.952799148 
 206.2,    -6.001311518 
 206.3,    -6.053957655 
 206.4,    -6.110751958 
 206.5,    -6.171700288 
 206.6,    -6.236798828 
 206.7,    -6.306032797 
 206.8,    -6.379374975 
 206.9,    -6.456784039 
   207,    -6.538202681 
 207.1,    -6.623555501 
 207.2,    -6.712746652 
 207.3,    -6.805657225 
 207.4,     -6.90214236 
 207.5,     -7.00202809 
 207.6,    -7.105107901 
 207.7,    -7.211139049 
 207.8,    -7.319838634 
 207.9,    -7.430879512 
   208,    -7.543886099 
 208.1,    -7.658430178 
 208.2,    -7.774026865 
 208.3,    -7.890130908 
 208.4,    -8.006133571 
 208.5,    -8.121360388 
 208.6,    -8.235070136 
 208.7,    -8.346455418 
 208.8,    -8.454645297 
 208.9,    -8.558710401 
   209,    -8.657670955 
 209.1,    -8.750508062 
 209.2,    -8.836178496 
 209.3,    -8.913633057 
 209.4,     -8.98183827 
 209.5,    -9.039800961 
 209.6,    -9.086594865 
 209.7,    -9.121388111 
 209.8,    -9.143470163 
 209.9,    -9.152276602 
   210,    -9.147410107 
 210.1,    -9.128656153 
 210.2,     -9.09599222 
 210.3,    -9.049589818 
 210.4,    -8.989809164 
 210.5,    -8.917186928 
 210.6,    -8.832418003 
 210.7,     -8.73633265 
 210.8,    -8.629870598 
 210.9,    -8.514053743 
   211,    -8.389958998 
 211.1,    -8.258692589 
 211.2,    -8.121366825 
 211.3,    -7.979079993 
 211.4,     -7.83289975 
 211.5,     -7.68385007 
 211.6,    -7.532901609 
 211.7,    -7.380965183 
 211.8,     -7.22888797 
 211.9,    -7.077451996 
   212,    -6.927374462 
 212.1,    -6.779309499 
 212.2,    -6.633850986 
 212.3,    -6.491536094 
 212.4,    -6.352849299 
 212.5,    -6.218226651 
 212.6,    -6.088060119 
 212.7,      -5.9627019 
 212.8,    -5.842468584 
 212.9,    -5.727645131 
   213,    -5.618488595 
 213.1,    -5.515231601 
 213.2,    -5.418085539 
 213.3,    -5.327243488 
 213.4,    -5.242882877 
 213.5,    -5.165167886 
 213.6,    -5.094251609 
 213.7,    -5.030277989 
 213.8,    -4.973383533 
 213.9,     -4.92369884 
   214,    -4.881349924 
 214.1,    -4.846459371 
 214.2,    -4.819147323 
 214.3,    -4.799532287 
 214.4,    -4.787731786 
 214.5,    -4.783862835 
 214.6,     -4.78804224 
 214.7,    -4.800386707 
 214.8,    -4.821012738 
 214.9,    -4.850036289 
   215,    -4.887572155 
 215.1,    -4.933733037 
 215.2,    -4.988628222 
 215.3,    -5.052361826 
 215.4,    -5.125030476 
 215.5,     -5.20672035 
 215.6,    -5.297503415 
 215.7,    -5.397432703 
 215.8,    -5.506536427 
 215.9,     -5.62481068 
   216,    -5.752210439 
 216.1,    -5.888638546 
 216.2,    -6.033932258 
 216.3,    -6.187846969 
 216.4,     -6.35003663 
 216.5,    -6.520030425 
 216.6,     -6.69720531 
 216.7,    -6.880754159 
 216.8,    -7.069649544 
 216.9,    -7.262603654 
   217,    -7.458025599 
 217.1,     -7.65397843 
 217.2,    -7.848139719 
 217.3,    -8.037771406 
 217.4,    -8.219706774 
 217.5,    -8.390364428 
 217.6,    -8.545800384 
 217.7,    -8.681808845 
 217.8,     -8.79407881 
 217.9,    -8.878406364 
   218,    -8.930951576 
 218.1,    -8.948515796 
 218.2,    -8.928803694 
 218.3,    -8.870628993 
 218.4,    -8.774027419 
 218.5,    -8.640255405 
 218.6,    -8.471674823 
 218.7,    -8.271545624 
 218.8,    -8.043763121 
 218.9,    -7.792580899 
   219,    -7.522354855 
 219.1,    -7.237332208 
 219.2,    -6.941496348 
 219.3,      -6.6384674 
 219.4,    -6.331451271 
 219.5,    -6.023226563 
 219.6,    -5.716158252 
 219.7,    -5.412228292 
 219.8,    -5.113075362 
 219.9,    -4.820038058 
   220,    -4.534197758 
 220.1,    -4.256418849 
 220.2,    -3.987385082 
 220.3,    -3.727631587 
 220.4,    -3.477572513 
 220.5,    -3.237524563 
 220.6,    -3.007726824 
 220.7,    -2.788357338 
 220.8,    -2.579546878 
 220.9,    -2.381390355 
   221,    -2.193956237 
 221.1,    -2.017294336 
 221.2,    -1.851442228 
 221.3,    -1.696430585 
 221.4,    -1.552287605 
 221.5,    -1.419042717 
 221.6,    -1.296729731 
 221.7,    -1.185389514 
 221.8,    -1.085072334 
 221.9,    -0.995839927 
   222,   -0.9177673785 
 222.1,   -0.8509448639 
 222.2,   -0.7954793144 
 222.3,   -0.7514960423 
 222.4,   -0.7191403698 
 222.5,   -0.6985792971 
 222.6,   -0.6900032368 
 222.7,   -0.6936278492 
 222.8,   -0.7096960025 
 222.9,   -0.7384798761 
   223,   -0.7802832361 
 223.1,   -0.8354438944 
 223.2,   -0.9043363592 
 223.3,   -0.9873746858 
 223.4,    -1.085015504 
 223.5,      -1.1977612 
 223.6,    -1.326163175 
 223.7,    -1.470825082 
 223.8,    -1.632405839 
 223.9,    -1.811622139 
   224,        -2.00925 
 224.1,    -2.226124648 
 224.2,    -2.463137689 
 224.3,    -2.721229954 
 224.4,    -3.001377585 
 224.5,    -3.304567714 
 224.6,    -3.631758213 
 224.7,    -3.983813244 
 224.8,    -4.361402299 
 224.9,     -4.76484451 
   225,    -5.193871988 
 225.1,    -5.647275485 
 225.2,    -6.122384547 
 225.3,    -6.614327681 
 225.4,    -7.115030195 
 225.5,    -7.611968846 
 225.6,    -8.086865524 
 225.7,     -8.51482341 
 225.8,    -8.864859168 
 225.9,     -9.10305374 
   226,     -9.19892756 
 226.1,    -9.133614207 
 226.2,    -8.906024889 
 226.3,    -8.533235053 
 226.4,    -8.044836369 
 226.5,    -7.474768801 
 226.6,    -6.854613516 
 226.7,    -6.210074263 
 226.8,    -5.560204335 
 226.9,    -4.918166538 
   227,    -4.292522107 
 227.1,    -3.688497128 
 227.2,    -3.109015943 
 227.3,    -2.555469931 
 227.4,    -2.028260215 
 227.5,    -1.527168705 
 227.6,    -1.051606537 
 227.7,   -0.6007778457 
 227.8,   -0.1737862857 
 227.9,    0.2302967203 
   228,    0.6123890858 
 228.1,    0.9733718477 
 228.2,     1.314073863 
 228.3,     1.635263564 
 228.4,     1.937645219 
 228.5,     2.221858013 
 228.6,     2.488476821 
 228.7,     2.738013932 
 228.8,     2.970921245 
 228.9,     3.187592602 
   229,     3.388366062 
 229.1,     3.573525963 
 229.2,     3.743304698 
 229.3,     3.897884132 
 229.4,     4.037396616 
 229.5,     4.161925578 
 229.6,     4.271505643 
 229.7,     4.366122258 
 229.8,     4.445710786 
 229.9,     4.510155016 
   230,     4.559285039 
 230.1,     4.592874412 
 230.2,     4.610636517 
 230.3,     4.612220004 
 230.4,     4.597203168 
 230.5,     4.565087071 
 230.6,     4.515287183 
 230.7,     4.447123245 
 230.8,     4.359806974 
 230.9,     4.252427133 
   231,     4.123931351 
 231.1,     3.973103902 
 231.2,     3.798538391 
 231.3,     3.598604007 
 231.4,     3.371403521 
 231.5,     3.114720651 
 231.6,     2.825953539 
 231.7,     2.502029973 
 231.8,     2.139298368 
 231.9,     1.733386313 
   232,     1.279015438 
 232.1,    0.7697573817 
 232.2,    0.1977107973 
 232.3,   -0.4469249607 
 232.4,     -1.17640259 
 232.5,    -2.006105374 
 232.6,     -2.95525002 
 232.7,    -4.047157786 
 232.8,    -5.307445507 
 232.9,    -6.754523554 
   233,    -8.364270215 
 233.1,    -9.961736232 
 233.2,    -11.02082926 
 233.3,    -10.82209101 
 233.4,    -9.411185502 
 233.5,    -7.523096632 
 233.6,    -5.648330803 
 233.7,     -3.94162706 
 233.8,     -2.42064964 
 233.9,    -1.065491343 
   234,    0.1495411806 
 234.1,     1.247518607 
 234.2,     2.247388139 
 234.3,     3.164319228 
 234.4,     4.010414308 
 234.5,     4.795378413 
 234.6,     5.527060754 
 234.7,     6.211871452 
 234.8,     6.855097139 
 234.9,     7.461139518 
   235,     8.033696534 
 235.1,     8.575900984 
 235.2,     9.090427525 
 235.3,     9.579576055 
 235.4,     10.04533729 
 235.5,     10.48944482 
 235.6,     10.91341676 
 235.7,     11.31858943 
 235.8,     11.70614469 
 235.9,     12.07713239 
   236,     12.43248889 
 236.1,     12.77305244 
 236.2,     13.09957606 
 236.3,     13.41273834 
 236.4,     13.71315256 
 236.5,      14.0013745 
 236.6,     14.27790904 
 236.7,     14.54321587 
 236.8,     14.79771438 
 236.9,     15.04178789 
   237,     15.27578732 
 237.1,     15.50003444 
 237.2,     15.71482461 
 237.3,     15.92042928 
 237.4,     16.11709812 
 237.5,     16.30506093 
 237.6,     16.48452934 
 237.7,     16.65569827 
 237.8,     16.81874726 
 237.9,     16.97384166 
   238,     17.12113366 
 238.1,     17.26076324 
 238.2,     17.39285896 
 238.3,     17.51753875 
 238.4,     17.63491057 
 238.5,     17.74507296 
 238.6,     17.84811562 
 238.7,     17.94411985 
 238.8,     18.03315897 
 238.9,     18.11529873 
   239,     18.19059757 
 239.1,     18.25910698 
 239.2,     18.32087173 
 239.3,     18.37593005 
 239.4,     18.42431388 
 239.5,     18.46604898 
 239.6,      18.5011551 
 239.7,     18.52964603 
 239.8,     18.55152973 
 239.9,     18.56680833 
   240,     18.57547822 
 240.1,     18.57752996 
 240.2,     18.57294836 
 240.3,     18.56171235 
 240.4,     18.54379494 
 240.5,     18.51916312 
 240.6,     18.48777773 
 240.7,      18.4495933 
 240.8,     18.40455787 
 240.9,     18.35261278 
   241,      18.2936924 
 241.1,     18.22772388 
 241.2,     18.15462676 
 241.3,      18.0743127 
 241.4,     17.98668497 
 241.5,     17.89163804 
 241.6,     17.78905703 
 241.7,     17.67881716 
 241.8,     17.56078305 
 241.9,     17.43480802 
   242,     17.30073326 
 242.1,      17.1583869 
 242.2,     17.00758299 
 242.3,     16.84812034 
 242.4,      16.6797812 
 242.5,     16.50232982 
 242.6,     16.31551077 
 242.7,     16.11904705 
 242.8,     15.91263799 
 242.9,      15.6959568 
   243,     15.46864782 
 243.1,     15.23032332 
 243.2,     14.98055989 
 243.3,     14.71889424 
 243.4,      14.4448183 
 243.5,     14.15777363 
 243.6,     13.85714477 
 243.7,     13.54225152 
 243.8,     13.21233979 
 243.9,     12.86657079 
   244,     12.50400811 
 244.1,     12.12360217 
 244.2,     11.72417152 
 244.3,     11.30437997 
 244.4,     10.86270861 
 244.5,     10.39742109 
 244.6,     9.906520329 
 244.7,     9.387693835 
 244.8,     8.838243934 
 244.9,       8.2549977 
   245,     7.634189065 
 245.1,     6.971302314 
 245.2,     6.260860921 
 245.3,     5.496137549 
 245.4,     4.668747889 
 245.5,     3.768069346 
 245.6,     2.780389112 
 245.7,     1.687623555 
 245.8,    0.4653432284 
 245.9,    -0.920340318 
   246,    -2.517708244 
 246.1,    -4.396813408 
 246.2,    -6.656743906 
 246.3,    -9.403367323 
 246.4,    -12.47918925 
 246.5,     -14.2052457 
 246.6,    -12.53582253 
 246.7,    -9.726515188 
 246.8,    -7.287759054 
 246.9,    -5.330481599 
   247,    -3.746140259 
 247.1,    -2.438008044 
 247.2,    -1.338127107 
 247.3,   -0.3996793775 
 247.4,    0.4102117024 
 247.5,     1.115248983 
 247.6,     1.732967494 
 247.7,     2.276643685 
 247.8,     2.756535495 
 247.9,       3.1807087 
   248,     3.555601566 
 248.1,     3.886419783 
 248.2,     4.177418625 
 248.3,       4.4321084 
 248.4,      4.65340661 
 248.5,     4.843752367 
 248.6,     5.005193561 
 248.7,     5.139454045 
 248.8,      5.24798592 
 248.9,     5.332010537 
   249,     5.392550843 
 249.1,     5.430456971 
 249.2,     5.446426483 
 249.3,     5.441020313 
 249.4,     5.414675182 
 249.5,     5.367713062 
 249.6,     5.300348109 
 249.7,     5.212691369 
 249.8,     5.104753447 
 249.9,     4.976445266 
   250,     4.827576944 
 250.1,     4.657854762 
 250.2,     4.466876104 
 250.3,     4.254122189 
 250.4,     4.018948299 
 250.5,      3.76057111 
 250.6,     3.478052588 
 250.7,     3.170279738 
 250.8,     2.835939265 
 250.9,       2.4734859 
   251,     2.081102759 
 251.1,     1.656651565 
 251.2,     1.197609847 
 251.3,     0.700991293 
 251.4,    0.1632441842 
 251.5,   -0.4198788098 
 251.6,    -1.053488102 
 251.7,    -1.743772591 
 251.8,    -2.498274668 
 251.9,    -3.326233363 
   252,    -4.238987788 
 252.1,    -5.250377557 
 252.2,    -6.376908537 
 252.3,    -7.636955234 
 252.4,     -9.04681269 
 252.5,    -10.60722837 
 252.6,    -12.26352278 
 252.7,     -13.8098436 
 252.8,    -14.77998307 
 252.9,    -14.68445597 
   253,    -13.63043837 
 253.1,    -12.16381893 
 253.2,    -10.67215688 
 253.3,    -9.302708025 
 253.4,    -8.086872862 
 253.5,    -7.016846046 
 253.6,    -6.074957705 
 253.7,    -5.243203895 
 253.8,    -4.505869798 
 253.9,    -3.849909994 
   254,    -3.264669976 
 254.1,    -2.741471798 
 254.2,    -2.273225605 
 254.3,    -1.854106999 
 254.4,    -1.479300857 
 254.5,    -1.144801328 
 254.6,   -0.8472564304 
 254.7,   -0.5838471427 
 254.8,   -0.3521929409 
 254.9,   -0.1502776117 
   255,   0.02360934274 
 255.1,    0.1709192259 
 255.2,     0.292881245 
 255.3,    0.3905321774 
 255.4,    0.4647401239 
 255.5,    0.5162234942 
 255.6,    0.5455660926 
 255.7,    0.5532289729 
 255.8,    0.5395595557 
 255.9,    0.5047983838 
   256,    0.4490837826 
 256.1,    0.3724546129 
 256.2,     0.274851221 
 256.3,    0.1561146363 
 256.4,   0.01598399387 
 256.5,   -0.1459078938 
 256.6,   -0.3300409683 
 256.7,   -0.5370165718 
 256.8,     -0.76756862 
 256.9,    -1.022577692 
   257,    -1.303088563 
 257.1,    -1.610331823 
 257.2,    -1.945750419 
 257.3,    -2.311032106 
 257.4,    -2.708149038 
 257.5,     -3.13940591 
 257.6,    -3.607498157 
 257.7,    -4.115581637 
 257.8,    -4.667354484 
 257.9,    -5.267149818 
   258,    -5.920033012 
 258.1,    -6.631885777 
 258.2,    -7.409433615 
 258.3,     -8.26011575 
 258.4,    -9.191568515 
 258.5,    -10.21020792 
 258.6,    -11.31777659 
 258.7,    -12.50347488 
 258.8,    -13.72740983 
 258.9,    -14.89135658 
   259,    -15.80870794 
 259.1,    -16.23585962 
 259.2,    -16.03161987 
 259.3,    -15.29520364 
 259.4,    -14.26620192 
 259.5,    -13.14837691 
 259.6,    -12.05538443 
 259.7,    -11.03576318 
 259.8,    -10.10430308 
 259.9,    -9.260881079 
   260,    -8.499622678 
 260.1,    -7.812973527 
 260.2,    -7.193395371 
 260.3,    -6.634004248 
 260.4,    -6.128751781 
 260.5,    -5.672417781 
 260.6,    -5.260532565 
 260.7,     -4.88928033 
 260.8,    -4.555404825 
 260.9,    -4.256125183 
   261,    -3.989063889 
 261.1,    -3.752186428 
 261.2,    -3.543751305 
 261.3,    -3.362268893 
 261.4,    -3.206467666 
 261.5,    -3.075266573 
 261.6,    -2.967752501 
 261.7,    -2.883161958 
 261.8,    -2.820866303 
 261.9,    -2.780359985 
   262,    -2.761251344 
 262.1,    -2.763255672 
 262.2,    -2.786190282 
 262.3,    -2.829971428 
 262.4,    -2.894612966 
 262.5,    -2.980226713 
 262.6,    -3.087024542 
 262.7,    -3.215322263 
 262.8,     -3.36554545 
 262.9,    -3.538237429 
   263,    -3.734069725 
 263.1,    -3.953855372 
 263.2,    -4.198565618 
 263.3,    -4.469350729 
 263.4,    -4.767565767 
 263.5,      -5.0948025 
 263.6,    -5.452928927 
 263.7,    -5.844138262 
 263.8,    -6.271009757 
 263.9,    -6.736584265 
   264,    -7.244457944 
 264.1,    -7.798897829 
 264.2,    -8.404982337 
 264.3,    -9.068766886 
 264.4,    -9.797465913 
 264.5,    -10.59961935 
 264.6,     -11.4851527 
 264.7,    -12.46509324 
 264.8,    -13.55034052 
 264.9,    -14.74798875 
   265,    -16.05157947 
 265.1,    -17.41751462 
 265.2,    -18.71718442 
 265.3,    -19.68168569 
 265.4,    -19.96655467 
 265.5,    -19.45032411 
 265.6,    -18.38016626 
 265.7,    -17.09564189 
 265.8,     -15.8083802 
 265.9,    -14.60706583 
   266,     -13.5169155 
 266.1,     -12.5374022 
 266.2,    -11.65928257 
 266.3,    -10.87137154 
 266.4,    -10.16300621 
 266.5,     -9.52480184 
 266.6,    -8.948759628 
 266.7,    -8.428148804 
 266.8,     -7.95732792 
 266.9,    -7.531567198 
   267,    -7.146892324 
 267.1,    -6.799953908 
 267.2,    -6.487920889 
 267.3,    -6.208394404 
 267.4,    -5.959338479 
 267.5,    -5.739024293 
 267.6,    -5.545985359 
 267.7,    -5.378981442 
 267.8,     -5.23696954 
 267.9,    -5.119080574 
   268,    -5.024600782 
 268.1,    -4.952957004 
 268.2,    -4.903705264 
 268.3,    -4.876522187 
 268.4,     -4.87119893 
 268.5,    -4.887637395 
 268.6,    -4.925848599 
 268.7,    -4.985953146 
 268.8,    -5.068183843 
 268.9,     -5.17289059 
   269,    -5.300547758 
 269.1,    -5.451764397 
 269.2,    -5.627297765 
 269.3,    -5.828070817 
 269.4,    -6.055194596 
 269.5,    -6.309996715 
 269.6,    -6.594057627 
 269.7,    -6.909256971 
 269.8,    -7.257833188 
 269.9,    -7.642460893 
   270,    -8.066352406 
 270.1,    -8.533392818 
 270.2,    -9.048322428 
 270.3,    -9.616987703 
 270.4,    -10.24669374 
 270.5,    -10.94671139 
 270.6,    -11.72902751 
 270.7,    -12.60949224 
 270.8,    -13.60964261 
 270.9,    -14.75974002 
   271,    -16.10412518 
 271.1,    -17.71134497 
 271.2,    -19.69505352 
 271.3,    -22.26197287 
 271.4,    -25.83268924 
 271.5,    -31.20681706 
 271.6,     -34.1487303 
 271.7,    -28.29326407 
 271.8,    -23.95608174 
 271.9,    -20.98835724 
   272,    -18.77585452 
 272.1,    -17.02723252 
 272.2,    -15.59100127 
 272.3,     -14.3796815 
 272.4,      -13.338519 
 272.5,    -12.43108399 
 272.6,    -11.63196651 
 272.7,    -10.92276886 
 272.8,    -10.28976404 
 272.9,    -9.722455273 
   273,    -9.212651415 
 273.1,      -8.7538519 
 273.2,    -8.340825055 
 273.3,    -7.969311375 
 273.4,    -7.635810025 
 273.5,    -7.337422236 
 273.6,    -7.071734508 
 273.7,    -6.836730258 
 273.8,    -6.630722182 
 273.9,     -6.45229999 
   274,    -6.300289721 
 274.1,    -6.173721959 
 274.2,    -6.071806992 
 274.3,    -5.993915489 
 274.4,    -5.939563668 
 274.5,    -5.908402182 
 274.6,    -5.900208184 
 274.7,    -5.914880201 
 274.8,    -5.952435554 
 274.9,    -6.013010217 
   275,    -6.096861064 
 275.1,    -6.204370601 
 275.2,    -6.336054352 
 275.3,    -6.492571189 
 275.4,    -6.674737032 
 275.5,    -6.883542512 
 275.6,    -7.120175365 
 275.7,    -7.386048595 
 275.8,    -7.682835767 
 275.9,    -8.012515173 
   276,    -8.377425174 
 276.1,    -8.780333642 
 276.2,    -9.224525232 
 276.3,    -9.713911051 
 276.4,    -10.25316598 
 276.5,    -10.84789883 
 276.6,     -11.5048578 
 276.7,    -12.23216465 
 276.8,      -13.039544 
 276.9,    -13.93844253 
   277,    -14.94174433 
 277.1,    -16.06229494 
 277.2,    -17.30816451 
 277.3,    -18.66941653 
 277.4,    -20.08487796 
 277.5,    -21.37549054 
 277.6,    -22.18739336 
 277.7,    -22.15562853 
 277.8,    -21.30037403 
 277.9,    -20.00066365 
   278,    -18.59727214 
 278.1,    -17.25642693 
 278.2,    -16.03305002 
 278.3,    -14.93471467 
 278.4,    -13.95262243 
 278.5,    -13.07380602 
 278.6,    -12.28546176 
 278.7,    -11.57627499 
 278.8,     -10.9366516 
 278.9,    -10.35858233 
   279,    -9.835410341 
 279.1,    -9.361598533 
 279.2,    -8.932526666 
 279.3,    -8.544323812 
 279.4,    -8.193733195 
 279.5,    -7.878004198 
 279.6,    -7.594806296 
 279.7,    -7.342160406 
 279.8,    -7.118383983 
 279.9,    -6.922046966 
   280,    -6.751936322 
 280.1,    -6.607027414 
 280.2,    -6.486460859 
 280.3,    -6.389523811 
 280.4,    -6.315634842 
 280.5,    -6.264331791 
 280.6,     -6.23526207 
 280.7,    -6.228175023 
 280.8,     -6.24291602 
 280.9,    -6.279422017 
   281,    -6.337718348 
 281.1,    -6.417916557 
 281.2,    -6.520213026 
 281.3,    -6.644888217 
 281.4,    -6.792306192 
 281.5,    -6.962914083 
 281.6,    -7.157240954 
 281.7,    -7.375895327 
 281.8,    -7.619560242 
 281.9,     -7.88898422 
   282,    -8.184965646 
 282.1,    -8.508326899 
 282.2,    -8.859872684 
 282.3,    -9.240324283 
 282.4,    -9.650217421 
 282.5,    -10.08974556 
 282.6,     -10.5585225 
 282.7,    -11.05522773 
 282.8,    -11.57708713 
 282.9,    -12.11913515 
   283,    -12.67321703 
 283.1,    -13.22675141 
 283.2,    -13.76143604 
 283.3,    -14.25239815 
 283.4,    -14.66873549 
 283.5,    -14.97665643 
 283.6,    -15.14581164 
 283.7,    -15.15739938 
 283.8,    -15.01027725 
 283.9,    -14.72135438 
   284,    -14.32000429 
 284.1,    -13.83996651 
 284.2,    -13.31267863 
 284.3,    -12.76376207 
 284.4,    -12.21223489 
 284.5,     -11.6712545 
 284.6,    -11.14939308 
 284.7,    -10.65189559 
 284.8,    -10.18170863 
 284.9,    -9.740247169 
   285,    -9.327936438 
 285.1,    -8.944582943 
 285.2,    -8.589623071 
 285.3,    -8.262287154 
 285.4,    -7.961706256 
 285.5,    -7.686980639 
 285.6,    -7.437222809 
 285.7,    -7.211583788 
 285.8,    -7.009268407 
 285.9,    -6.829543443 
   286,    -6.671741155 
 286.1,    -6.535259886 
 286.2,    -6.419562836 
 286.3,    -6.324175728 
 286.4,    -6.248683798 
 286.5,    -6.192728401 
 286.6,     -6.15600337 
 286.7,    -6.138251193 
 286.8,    -6.139258984 
 286.9,    -6.158854191 
   287,    -6.196899907 
 287.1,    -6.253289606 
 287.2,    -6.327941052 
 287.3,    -6.420789071 
 287.4,    -6.531776764 
 287.5,    -6.660844627 
 287.6,    -6.807916901 
 287.7,    -6.972884296 
 287.8,    -7.155581993 
 287.9,    -7.355761602 
   288,    -7.573055408 
 288.1,     -7.80693097 
 288.2,    -8.056633855 
 288.3,     -8.32111616 
 288.4,    -8.598948669 
 288.5,      -8.8882153 
 288.6,    -9.186390399 
 288.7,    -9.490203011 
 288.8,     -9.79549837 
 288.9,    -10.09711603 
   289,    -10.38881635 
 289.1,    -10.66330041 
 289.2,    -10.91237854 
 289.3,    -11.12733968 
 289.4,    -11.29954795 
 289.5,    -11.42123669 
 289.6,    -11.48639097 
 289.7,    -11.49153852 
 289.8,     -11.4362471 
 289.9,    -11.32318525 
   290,     -11.1577283 
 290.1,    -10.94722469 
 290.2,    -10.70011754 
 290.3,    -10.42511363 
 290.4,    -10.13052955 
 290.5,    -9.823863972 
 290.6,    -9.511581265 
 290.7,    -9.199058149 
 290.8,    -8.890637465 
 290.9,    -8.589740685 
   291,    -8.299003926 
 291.1,    -8.020415174 
 291.2,    -7.755440359 
 291.3,    -7.505132861 
 291.4,    -7.270225124 
 291.5,    -7.051203359 
 291.6,     -6.84836733 
 291.7,    -6.661877552 
 291.8,    -6.491792137 
 291.9,    -6.338095308 
   292,    -6.200719258 
 292.1,    -6.079560758 
 292.2,    -5.974493621 
 292.3,    -5.885377887 
 292.4,    -5.812066415 
 292.5,    -5.754409389 
 292.6,    -5.712257112 
 292.7,    -5.685461372 
 292.8,     -5.67387555 
 292.9,    -5.677353583 
   293,    -5.695747819 
 293.1,    -5.728905758 
 293.2,    -5.776665584 
 293.3,    -5.838850385 
 293.4,    -5.915260862 
 293.5,    -6.005666306 
 293.6,    -6.109793549 
 293.7,    -6.227313551 
 293.8,    -6.357825252 
 293.9,    -6.500836258 
   294,     -6.65573999 
 294.1,    -6.821788926 
 294.2,    -6.998063729 
 294.3,    -7.183438346 
 294.4,    -7.376541553 
 294.5,    -7.575716197 
 294.6,    -7.778978336 
 294.7,    -7.983979918 
 294.8,    -8.187980342 
 294.9,    -8.387834216 
   295,    -8.580004453 
 295.1,    -8.760610991 
 295.2,     -8.92552491 
 295.3,    -9.070514641 
 295.4,    -9.191444412 
 295.5,    -9.284515117 
 295.6,    -9.346525912 
 295.7,    -9.375124071 
 295.8,    -9.369005263 
 295.9,    -9.328029717 
   296,    -9.253232807 
 296.1,    -9.146727953 
 296.2,     -9.01152002 
 296.3,    -8.851261876 
 296.4,     -8.66999208 
 296.5,    -8.471887752 
 296.6,    -8.261056606 
 296.7,     -8.04138019 
 296.8,    -7.816409848 
 296.9,    -7.589309712 
   297,    -7.362837282 
 297.1,    -7.139351283 
 297.2,    -6.920837318 
 297.3,    -6.708943653 
 297.4,    -6.505021402 
 297.5,    -6.310165169 
 297.6,    -6.125251694 
 297.7,    -5.950975095 
 297.8,    -5.787878103 
 297.9,    -5.636379125 
   298,    -5.496795328 
 298.1,    -5.369362056 
 298.2,    -5.254248979 
 298.3,    -5.151573378 
 298.4,     -5.06141097 
 298.5,    -4.983804609 
 298.6,    -4.918771176 
 298.7,     -4.86630692 
 298.8,    -4.826391446 
 298.9,    -4.798990527 
   299,    -4.784057864 
 299.1,    -4.781535877 
 299.2,    -4.791355575 
 299.3,    -4.813435538 
 299.4,    -4.847679983 
 299.5,    -4.893975889 
 299.6,     -4.95218909 
 299.7,    -5.022159259 
 299.8,    -5.103693634 
 299.9,    -5.196559356 
   300,    -5.300474214 
 300.1,    -5.415095654 
 300.2,    -5.540007804 
 300.3,    -5.674706402 
 300.4,    -5.818581453 
 300.5,    -5.970897618 
 300.6,    -6.130772439 
 300.7,     -6.29715278 
 300.8,    -6.468790209 
 300.9,    -6.644216519 
   301,    -6.821721264 
 301.1,    -6.999333936 
 301.2,    -7.174814287 
 301.3,    -7.345655171 
 301.4,    -7.509102893 
 301.5,    -7.662200133 
 301.6,    -7.801855742 
 301.7,    -7.924943618 
 301.8,    -8.028429348 
 301.9,    -8.109518507 
   302,     -8.16581505 
 302.1,    -8.195473538 
 302.2,    -8.197326379 
 302.3,    -8.170968344 
 302.4,    -8.116785586 
 302.5,    -8.035924659 
 302.6,    -7.930206341 
 302.7,    -7.801997229 
 302.8,    -7.654056948 
 302.9,    -7.489379761 
   303,    -7.311046731 
 303.1,    -7.122099794 
 303.2,    -6.925443723 
 303.3,    -6.723777142 
 303.4,    -6.519550293 
 303.5,    -6.314945239 
 303.6,    -6.111873397 
 303.7,     -5.91198544 
 303.8,    -5.716689233 
 303.9,    -5.527172302 
   304,    -5.344426258 
 304.1,    -5.169271309 
 304.2,    -5.002379703 
 304.3,     -4.84429736 
 304.4,    -4.695463356 
 304.5,     -4.55622715 
 304.6,    -4.426863571 
 304.7,    -4.307585712 
 304.8,    -4.198555922 
 304.9,     -4.09989507 
   305,    -4.011690304 
 305.1,    -3.934001488 
 305.2,    -3.866866481 
 305.3,    -3.810305417 
 305.4,    -3.764324101 
 305.5,    -3.728916657 
 305.6,    -3.704067469 
 305.7,    -3.689752522 
 305.8,    -3.685940178 
 305.9,    -3.692591404 
   306,    -3.709659499 
 306.1,    -3.737089289 
 306.2,    -3.774815794 
 306.3,    -3.822762335 
 306.4,    -3.880838024 
 306.5,    -3.948934606 
 306.6,     -4.02692254 
 306.7,    -4.114646264 
 306.8,    -4.211918527 
 306.9,    -4.318513675 
   307,    -4.434159778 
 307.1,    -4.558529475 
 307.2,     -4.69122943 
 307.3,    -4.831788315 
 307.4,    -4.979643297 
 307.5,     -5.13412506 
 307.6,    -5.294441573 
 307.7,    -5.459660925 
 307.8,    -5.628693861 
 307.9,    -5.800276941 
   308,    -5.972957683 
 308.1,      -6.1450835 
 308.2,    -6.314796761 
 308.3,    -6.480038797 
 308.4,    -6.638565944 
 308.5,     -6.78798075 
 308.6,    -6.925780948 
 308.7,    -7.049427612 
 308.8,    -7.156431919 
 308.9,    -7.244457244 
   309,    -7.311430219 
 309.1,    -7.355651433 
 309.2,    -7.375894487 
 309.3,    -7.371481871 
 309.4,    -7.342327952 
 309.5,    -7.288943303 
 309.6,    -7.212399764 
 309.7,    -7.114260973 
 309.8,    -6.996487353 
 309.9,    -6.861326897 
   310,    -6.711203245 
 310.1,    -6.548610932 
 310.2,    -6.376024823 
 310.3,    -6.195827723 
 310.4,    -6.010257214 
 310.5,    -5.821370713 
 310.6,    -5.631026308 
 310.7,    -5.440876353 
 310.8,    -5.252370643 
 310.9,    -5.066766302 
   311,    -4.885141929 
 311.1,    -4.708414086 
 311.2,    -4.537354664 
 311.3,    -4.372608128 
 311.4,    -4.214707952 
 311.5,     -4.06409185 
 311.6,    -3.921115591 
 311.7,    -3.786065315 
 311.8,    -3.659168398 
 311.9,      -3.5406029 
   312,    -3.430505743 
 312.1,     -3.32897972 
 312.2,    -3.236099464 
 312.3,    -3.151916505 
 312.4,    -3.076463522 
 312.5,    -3.009757892 
 312.6,    -2.951804633 
 312.7,    -2.902598809 
 312.8,    -2.862127475 
 312.9,    -2.830371206 
   313,    -2.807305274 
 313.1,    -2.792900482 
 313.2,    -2.787123715 
 313.3,    -2.789938202 
 313.4,    -2.801303518 
 313.5,    -2.821175327 
 313.6,     -2.84950486 
 313.7,    -2.886238139 
 313.8,    -2.931314904 
 313.9,    -2.984667259 
   314,    -3.046217981 
 314.1,    -3.115878479 
 314.2,    -3.193546356 
 314.3,    -3.279102533 
 314.4,    -3.372407887 
 314.5,    -3.473299344 
 314.6,     -3.58158537 
 314.7,    -3.697040812 
 314.8,    -3.819401021 
 314.9,    -3.948355213 
   315,    -4.083539051 
 315.1,    -4.224526425 
 315.2,    -4.370820475 
 315.3,    -4.521843958 
 315.4,    -4.676929123 
 315.5,    -4.835307382 
 315.6,      -4.9960992 
 315.7,    -5.158304785 
 315.8,    -5.320796378 
 315.9,    -5.482313136 
   316,    -5.641459837 
 316.1,    -5.796710814 
 316.2,    -5.946420623 
 316.3,    -6.088842936 
 316.4,    -6.222158884 
 316.5,    -6.344515589 
 316.6,    -6.454074776 
 316.7,    -6.549070275 
 316.8,    -6.627871873 
 316.9,    -6.689051656 
   317,    -6.731447859 
 317.1,    -6.754220635 
 317.2,    -6.756894298 
 317.3,    -6.739381613 
 317.4,    -6.701987439 
 317.5,    -6.645391341 
 317.6,    -6.570611066 
 317.7,    -6.478950828 
 317.8,    -6.371939559 
 317.9,    -6.251264784 
   318,    -6.118707364 
 318.1,    -5.976081408 
 318.2,    -5.825182346 
 318.3,    -5.667744822 
 318.4,    -5.505410831 
 318.5,    -5.339707649 
 318.6,    -5.172034437 
 318.7,    -5.003656119 
 318.8,    -4.835702991 
 318.9,    -4.669174628 
   319,    -4.504946782 
 319.1,    -4.343780196 
 319.2,    -4.186330474 
 319.3,    -4.033158351 
 319.4,     -3.88473989 
 319.5,    -3.741476273 
 319.6,    -3.603702985 
 319.7,    -3.471698274 
 319.8,    -3.345690825 
 319.9,    -3.225866645 
   320,    -3.112375186 
 320.1,     -3.00533475 
 320.2,     -2.90483722 
 320.3,    -2.810952192 
 320.4,    -2.723730558 
 320.5,    -2.643207607 
 320.6,    -2.569405689 
 320.7,    -2.502336503 
 320.8,    -2.442003055 
 320.9,    -2.388401314 
   321,    -2.341521625 
 321.1,    -2.301349889 
 321.2,     -2.26786855 
 321.3,    -2.241057407 
 321.4,    -2.220894279 
 321.5,    -2.207355526 
 321.6,    -2.200416453 
 321.7,    -2.200051599 
 321.8,    -2.206234922 
 321.9,    -2.218939896 
   322,    -2.238139497 
 322.1,    -2.263806119 
 322.2,    -2.295911379 
 322.3,    -2.334425847 
 322.4,    -2.379318661 
 322.5,    -2.430557058 
 322.6,    -2.488105776 
 322.7,    -2.551926353 
 322.8,    -2.621976278 
 322.9,    -2.698208009 
   323,    -2.780567821 
 323.1,    -2.868994474 
 323.2,    -2.963417675 
 323.3,    -3.063756325 
 323.4,    -3.169916498 
 323.5,    -3.281789152 
 323.6,    -3.399247528 
 323.7,    -3.522144211 
 323.8,    -3.650307819 
 323.9,    -3.783539305 
   324,    -3.921607844 
 324.1,    -4.064246277 
 324.2,    -4.211146147 
 324.3,    -4.361952306 
 324.4,     -4.51625716 
 324.5,    -4.673594622 
 324.6,    -4.833433898 
 324.7,    -4.995173283 
 324.8,     -5.15813422 
 324.9,    -5.321555951 
   325,    -5.484591183 
 325.1,    -5.646303294 
 325.2,    -5.805665698 
 325.3,    -5.961564065 
 325.4,    -6.112802137 
 325.5,    -6.258111899 
 325.6,    -6.396168736 
 325.7,    -6.525612048 
 325.8,    -6.645071478 
 325.9,    -6.753198446 
   326,    -6.848702181 
 326.1,    -6.930388779 
 326.2,    -6.997201291 
 326.3,    -7.048258294 
 326.4,    -7.082888217 
 326.5,    -7.100656656 
 326.6,     -7.10138439 
 326.7,    -7.085154449 
 326.8,    -7.052307611 
 326.9,    -7.003426732 
   327,    -6.939311311 
 327.1,    -6.860944499 
 327.2,    -6.769455207 
 327.3,    -6.666078105 
 327.4,    -6.552114102 
 327.5,    -6.428893456 
 327.6,    -6.297743098 
 327.7,    -6.159959134 
 327.8,    -6.016784932 
 327.9,     -5.86939473 
   328,    -5.718882364 
 328.1,    -5.566254501 
 328.2,    -5.412427634 
 328.3,    -5.258228116 
 328.4,    -5.104394485 
 328.5,    -4.951581468 
 328.6,     -4.80036511 
 328.7,    -4.651248586 
 328.8,    -4.504668332 
 328.9,    -4.361000246 
   329,    -4.220565752 
 329.1,      -4.0836376 
 329.2,    -3.950445311 
 329.3,    -3.821180211 
 329.4,    -3.696000051 
 329.5,    -3.575033187 
 329.6,    -3.458382345 
 329.7,     -3.34612799 
 329.8,     -3.23833132 
 329.9,    -3.135036923 
   330,    -3.036275117 
 330.1,    -2.942064006 
 330.2,    -2.852411292 
 330.3,    -2.767315851 
 330.4,    -2.686769111 
 330.5,    -2.610756255 
 330.6,    -2.539257265 
 330.7,    -2.472247827 
 330.8,    -2.409700117 
 330.9,    -2.351583478 
   331,    -2.297865005 
 331.1,    -2.248510053 
 331.2,    -2.203482664 
 331.3,     -2.16274594 
 331.4,    -2.126262362 
 331.5,    -2.093994053 
 331.6,     -2.06590301 
 331.7,    -2.041951296 
 331.8,    -2.022101194 
 331.9,    -2.006315343 
   332,    -1.994556843 
 332.1,    -1.986789344 
 332.2,    -1.982977109 
 332.3,    -1.983085065 
 332.4,    -1.987078839 
 332.5,    -1.994924778 
 332.6,    -2.006589958 
 332.7,    -2.022042183 
 332.8,    -2.041249973 
 332.9,     -2.06418254 
   333,     -2.09080976 
 333.1,    -2.121102131 
 333.2,    -2.155030725 
 333.3,    -2.192567132 
 333.4,    -2.233683397 
 333.5,    -2.278351944 
 333.6,    -2.326545494 
 333.7,    -2.378236978 
 333.8,    -2.433399431 
 333.9,    -2.492005882 
   334,    -2.554029239 
 334.1,    -2.619442148 
 334.2,    -2.688216853 
 334.3,    -2.760325035 
 334.4,    -2.835737641 
 334.5,    -2.914424697 
 334.6,    -2.996355097 
 334.7,    -3.081496389 
 334.8,    -3.169814523 
 334.9,    -3.261273593 
   335,    -3.355835549 
 335.1,    -3.453459882 
 335.2,    -3.554103287 
 335.3,      -3.6577193 
 335.4,    -3.764257893 
 335.5,    -3.873665051 
 335.6,    -3.985882302 
 335.7,    -4.100846221 
 335.8,    -4.218487888 
 335.9,    -4.338732314 
   336,    -4.461497819 
 336.1,    -4.586695373 
 336.2,    -4.714227901 
 336.3,    -4.843989536 
 336.4,    -4.975864843 
 336.5,    -5.109728004 
 336.6,    -5.245441972 
 336.7,    -5.382857601 
 336.8,    -5.521812756 
 336.9,    -5.662131422 
   337,     -5.80362282 
 337.1,    -5.946080544 
 337.2,    -6.089281746 
 337.3,    -6.232986395 
 337.4,    -6.376936629 
 337.5,    -6.520856242 
 337.6,     -6.66445034 
 337.7,    -6.807405208 
 337.8,    -6.949388437 
 337.9,    -7.090049349 
   338,    -7.229019781 
 338.1,    -7.365915275 
 338.2,    -7.500336707 
 338.3,    -7.631872413 
 338.4,    -7.760100835 
 338.5,    -7.884593707 
 338.6,    -8.004919777 
 338.7,    -8.120649065 
 338.8,    -8.231357592 
 338.9,    -8.336632525 
   339,    -8.436077655 
 339.1,    -8.529319048 
 339.2,    -8.616010771 
 339.3,    -8.695840484 
 339.4,    -8.768534745 
 339.5,    -8.833863829 
 339.6,    -8.891645891 
 339.7,    -8.941750304 
 339.8,    -8.984100041 
 339.9,       -9.018673 
   340,    -9.045502219 
 340.1,    -9.064674959 
 340.2,    -9.076330713 
 340.3,     -9.08065821 
 340.4,    -9.077891542 
 340.5,    -9.068305569 
 340.6,     -9.05221077 
 340.7,    -9.029947726 
 340.8,    -9.001881426 
 340.9,    -8.968395554 
   341,    -8.929886925 
 341.1,    -8.886760188 
 341.2,    -8.839422924 
 341.3,    -8.788281192 
 341.4,    -8.733735588 
 341.5,    -8.676177849 
 341.6,    -8.615987991 
 341.7,    -8.553531979 
 341.8,    -8.489159904 
 341.9,    -8.423204618 
   342,      -8.3559808 
 342.1,    -8.287784379 
 342.2,    -8.218892297 
 342.3,    -8.149562539 
 342.4,    -8.080034386 
 342.5,    -8.010528864 
 342.6,     -7.94124933 
 342.7,    -7.872382174 
 342.8,    -7.804097595 
 342.9,    -7.736550442 
   343,    -7.669881077 
 343.1,    -7.604216258 
 343.2,    -7.539670013 
 343.3,    -7.476344515 
 343.4,    -7.414330919 
 343.5,    -7.353710182 
 343.6,     -7.29455384 
 343.7,    -7.236924754 
 343.8,    -7.180877811 
 343.9,    -7.126460584 
   344,    -7.073713956 
 344.1,    -7.022672696 
 344.2,    -6.973365999 
 344.3,    -6.925817988 
 344.4,    -6.880048176 
 344.5,     -6.83607189 
 344.6,    -6.793900674 
 344.7,    -6.753542644 
 344.8,    -6.715002826 
 344.9,    -6.678283459 
   345,    -6.643384277 
 345.1,    -6.610302764 
 345.2,    -6.579034392 
 345.3,    -6.549572828 
 345.4,    -6.521910135 
 345.5,     -6.49603695 
 345.6,    -6.471942641 
 345.7,    -6.449615462 
 345.8,     -6.42904268 
 345.9,    -6.410210701 
   346,     -6.39310518 
 346.1,    -6.377711124 
 346.2,    -6.364012979 
 346.3,    -6.351994715 
 346.4,    -6.341639902 
 346.5,     -6.33293178 
 346.6,    -6.325853313 
 346.7,    -6.320387254 
 346.8,    -6.316516191 
 346.9,    -6.314222592 
   347,     -6.31348885 
 347.1,    -6.314297315 
 347.2,    -6.316630334 
 347.3,    -6.320470275 
 347.4,    -6.325799562 
 347.5,    -6.332600691 
 347.6,    -6.340856261 
 347.7,    -6.350548988 
 347.8,    -6.361661725 
 347.9,     -6.37417748 
   348,     -6.38807943 
 348.1,    -6.403350932 
 348.2,    -6.419975538 
 348.3,    -6.437937005 
 348.4,    -6.457219303 
 348.5,    -6.477806627 
 348.6,    -6.499683401 
 348.7,    -6.522834289 
 348.8,    -6.547244201 
 348.9,    -6.572898295 
   349,    -6.599781987 
 349.1,    -6.627880955 
 349.2,    -6.657181141 
 349.3,    -6.687668758 
 349.4,    -6.719330293 
 349.5,    -6.752152512 
 349.6,     -6.78612246 
 349.7,    -6.821227467 
 349.8,    -6.857455153 
 349.9,    -6.894793425 
   350,    -6.933230487 
 350.1,    -6.972754838 
 350.2,    -7.013355277 
 350.3,    -7.055020905 
 350.4,    -7.097741129 
 350.5,    -7.141505664 
 350.6,    -7.186304538 
 350.7,    -7.232128091 
 350.8,    -7.278966982 
 350.9,    -7.326812192 
   351,    -7.375655024 
 351.1,    -7.425487114 
 351.2,    -7.476300423 
 351.3,    -7.528087253 
 351.4,    -7.580840244 
 351.5,     -7.63455238 
 351.6,    -7.689216992 
 351.7,    -7.744827767 
 351.8,    -7.801378747 
 351.9,    -7.858864339 
   352,    -7.917279316 
 352.1,    -7.976618829 
 352.2,    -8.036878403 
 352.3,    -8.098053954 
 352.4,    -8.160141786 
 352.5,    -8.223138606 
 352.6,    -8.287041523 
 352.7,    -8.351848061 
 352.8,    -8.417556165 
 352.9,    -8.484164209 
   353,    -8.551671001 
 353.1,    -8.620075799 
 353.2,    -8.689378314 
 353.3,     -8.75957872 
 353.4,     -8.83067767 
 353.5,    -8.902676296 
 353.6,    -8.975576229 
 353.7,    -9.049379608 
 353.8,    -9.124089087 
 353.9,    -9.199707854 
   354,    -9.276239641 
 354.1,    -9.353688737 
 354.2,    -9.432060003 
 354.3,    -9.511358886 
 354.4,    -9.591591437 
 354.5,    -9.672764323 
 354.6,    -9.754884846 
 354.7,    -9.837960964 
 354.8,    -9.922001303 
 354.9,    -10.00701518 
   355,    -10.09301263 
 355.1,    -10.18000441 
 355.2,    -10.26800204 
 355.3,    -10.35701782 
 355.4,    -10.44706485 
 355.5,    -10.53815705 
 355.6,    -10.63030921 
 355.7,    -10.72353701 
 355.8,    -10.81785703 
 355.9,    -10.91328682 
   356,    -11.00984488 
 356.1,    -11.10755076 
 356.2,    -11.20642504 
 356.3,    -11.30648942 
 356.4,     -11.4077667 
 356.5,    -11.51028088 
 356.6,    -11.61405721 
 356.7,    -11.71912218 
 356.8,    -11.82550362 
 356.9,    -11.93323076 
   357,    -12.04233426 
 357.1,    -12.15284629 
 357.2,    -12.26480059 
 357.3,    -12.37823256 
 357.4,    -12.49317931 
 357.5,    -12.60967976 
 357.6,     -12.7277747 
 357.7,    -12.84750692 
 357.8,     -12.9689213 
 357.9,    -13.09206487 
   358,      -13.216987 
 358.1,    -13.34373944 
 358.2,    -13.47237652 
 358.3,    -13.60295524 
 358.4,    -13.73553545 
 358.5,    -13.87018001 
 358.6,    -14.00695493 
 358.7,     -14.1459296 
 358.8,    -14.28717699 
 358.9,    -14.43077384 
   359,    -14.57680091 
 359.1,    -14.72534325 
 359.2,    -14.87649049 
 359.3,     -15.0303371 
 359.4,    -15.18698277 
 359.5,    -15.34653273 
 359.6,    -15.50909818 
 359.7,    -15.67479669 
 359.8,     -15.8437527 
 359.9,    -16.01609801 
   360,    -16.19197236 
