M5A_HWBC_MS_AS_E0_F3.txt
NTNU_FFI
Method: IGABEM CCBIE with 19456 elements (24324 degrees of freedom) and NURBS degree 4. Computational time for system assembly (4x6-core Xeon 2.67 GHz): 36.2268 hours.
0, 360
0
3000
3601
     0,     1.327447095 
   0.1,     1.327084698 
   0.2,      1.32599732 
   0.3,     1.324184399 
   0.4,     1.321645005 
   0.5,     1.318377834 
   0.6,     1.314381218 
   0.7,     1.309653126 
   0.8,     1.304191172 
   0.9,     1.297992618 
     1,     1.291054383 
   1.1,     1.283373053 
   1.2,     1.274944886 
   1.3,     1.265765828 
   1.4,     1.255831522 
   1.5,      1.24513732 
   1.6,     1.233678301 
   1.7,     1.221449281 
   1.8,     1.208444835 
   1.9,     1.194659313 
     2,      1.18008686 
   2.1,     1.164721437 
   2.2,     1.148556846 
   2.3,     1.131586752 
   2.4,      1.11380471 
   2.5,     1.095204197 
   2.6,     1.075778635 
   2.7,     1.055521431 
   2.8,     1.034426009 
   2.9,     1.012485845 
     3,     0.989694508 
   3.1,     0.966045702 
   3.2,    0.9415333111 
   3.3,    0.9161514458 
   3.4,    0.8898944945 
   3.5,    0.8627571763 
   3.6,    0.8347345985 
   3.7,    0.8058223164 
   3.8,    0.7760163974 
   3.9,    0.7453134887 
     4,    0.7137108886 
   4.1,    0.6812066224 
   4.2,    0.6477995221 
   4.3,    0.6134893104 
   4.4,    0.5782766898 
   4.5,    0.5421634359 
   4.6,    0.5051524955 
   4.7,    0.4672480894 
   4.8,     0.428455821 
   4.9,    0.3887827885 
     5,    0.3482377033 
   5.1,    0.3068310129 
   5.2,    0.2645750286 
   5.3,    0.2214840579 
   5.4,    0.1775745416 
   5.5,    0.1328651952 
   5.6,   0.08737715402 
   5.7,   0.04113412121 
   5.8, -0.005837480588 
   5.9,  -0.05350835611 
     6,   -0.1018461836 
   6.1,   -0.1508154598 
   6.2,   -0.2003773473 
   6.3,   -0.2504895238 
   6.4,   -0.3011060361 
   6.5,   -0.3521771596 
   6.6,   -0.4036492665 
   6.7,   -0.4554647054 
   6.8,   -0.5075616924 
   6.9,   -0.5598742202 
     7,   -0.6123319855 
   7.1,   -0.6648603402 
   7.2,   -0.7173802678 
   7.3,   -0.7698083913 
   7.4,   -0.8220570155 
   7.5,   -0.8740342073 
   7.6,   -0.9256439197 
   7.7,   -0.9767861629 
   7.8,    -1.027357226 
   7.9,    -1.077249956 
     8,    -1.126354093 
   8.1,     -1.17455667 
   8.2,    -1.221742473 
   8.3,    -1.267794576 
   8.4,    -1.312594933 
   8.5,    -1.356025042 
   8.6,     -1.39796667 
   8.7,    -1.438302649 
   8.8,    -1.476917715 
   8.9,    -1.513699409 
     9,    -1.548539014 
   9.1,    -1.581332531 
   9.2,    -1.611981672 
   9.3,    -1.640394862 
   9.4,    -1.666488238 
   9.5,    -1.690186632 
   9.6,    -1.711424507 
   9.7,    -1.730146855 
   9.8,     -1.74631002 
   9.9,    -1.759882437 
    10,    -1.770845281 
  10.1,    -1.779193003 
  10.2,    -1.784933746 
  10.3,    -1.788089635 
  10.4,     -1.78869693 
  10.5,    -1.786806048 
  10.6,    -1.782481442 
  10.7,    -1.775801351 
  10.8,    -1.766857422 
  10.9,    -1.755754208 
    11,    -1.742608565 
  11.1,    -1.727548948 
  11.2,    -1.710714624 
  11.3,    -1.692254823 
  11.4,    -1.672327838 
  11.5,    -1.651100084 
  11.6,    -1.628745148 
  11.7,    -1.605442828 
  11.8,    -1.581378184 
  11.9,    -1.556740613 
    12,    -1.531722961 
  12.1,    -1.506520673 
  12.2,    -1.481331003 
  12.3,    -1.456352274 
  12.4,    -1.431783213 
  12.5,    -1.407822339 
  12.6,    -1.384667434 
  12.7,    -1.362515072 
  12.8,    -1.341560225 
  12.9,     -1.32199593 
    13,    -1.304013022 
  13.1,    -1.287799936 
  13.2,    -1.273542555 
  13.3,    -1.261424128 
  13.4,    -1.251625222 
  13.5,    -1.244323738 
  13.6,    -1.239694955 
  13.7,    -1.237911624 
  13.8,    -1.239144089 
  13.9,    -1.243560444 
    14,    -1.251326717 
  14.1,    -1.262607078 
  14.2,    -1.277564065 
  14.3,     -1.29635884 
  14.4,    -1.319151444 
  14.5,    -1.346101084 
  14.6,     -1.37736642 
  14.7,    -1.413105865 
  14.8,    -1.453477896 
  14.9,     -1.49864137 
    15,     -1.54875584 
  15.1,    -1.603981884 
  15.2,    -1.664481423 
  15.3,    -1.730418053 
  15.4,     -1.80195736 
  15.5,    -1.879267237 
  15.6,    -1.962518193 
  15.7,    -2.051883645 
  15.8,    -2.147540195 
  15.9,    -2.249667886 
    16,    -2.358450423 
  16.1,    -2.474075353 
  16.2,    -2.596734203 
  16.3,    -2.726622536 
  16.4,    -2.863939934 
  16.5,    -3.008889871 
  16.6,    -3.161679439 
  16.7,    -3.322518915 
  16.8,    -3.491621097 
  16.9,    -3.669200371 
    17,    -3.855471422 
  17.1,    -4.050647521 
  17.2,    -4.254938247 
  17.3,    -4.468546536 
  17.4,    -4.691664863 
  17.5,    -4.924470348 
  17.6,    -5.167118526 
  17.7,    -5.419735445 
  17.8,     -5.68240771 
  17.9,    -5.955169968 
    18,    -6.237989289 
  18.1,    -6.530745754 
  18.2,    -6.833208504 
  18.3,    -7.145006409 
  18.4,    -7.465592554 
  18.5,    -7.794201767 
  18.6,     -8.12980078 
  18.7,    -8.471031119 
  18.8,    -8.816145897 
  18.9,    -9.162943328 
    19,    -9.508702186 
  19.1,    -9.850127832 
  19.2,    -10.18332144 
  19.3,    -10.50378928 
  19.4,    -10.80651206 
  19.5,    -11.08609383 
  19.6,    -11.33700438 
  19.7,    -11.55391408 
  19.8,    -11.73209881 
  19.9,    -11.86786604 
    20,    -11.95893318 
  20.1,     -12.0046844 
  20.2,    -12.00625024 
  20.3,    -11.96639184 
  20.4,    -11.88921618 
  20.5,     -11.7797832 
  20.6,    -11.64367922 
  20.7,    -11.48662284 
  20.8,    -11.31414709 
  20.9,    -11.13137584 
    21,    -10.94289177 
  21.1,    -10.75268052 
  21.2,      -10.564131 
  21.3,    -10.38007227 
  21.4,    -10.20283086 
  21.5,    -10.03429677 
  21.6,     -9.87599026 
  21.7,    -9.729124656 
  21.8,    -9.594662773 
  21.9,    -9.473366052 
    22,    -9.365836404 
  22.1,    -9.272551298 
  22.2,    -9.193892874 
  22.3,    -9.130171899 
  22.4,     -9.08164742 
  22.5,    -9.048542835 
  22.6,    -9.031059065 
  22.7,    -9.029385373 
  22.8,    -9.043708298 
  22.9,    -9.074219127 
    23,    -9.121120184 
  23.1,    -9.184630233 
  23.2,    -9.264989192 
  23.3,    -9.362462328 
  23.4,    -9.477344072 
  23.5,    -9.609961554 
  23.6,    -9.760677921 
  23.7,    -9.929895489 
  23.8,    -10.11805873 
  23.9,    -10.32565704 
    24,    -10.55322724 
  24.1,    -10.80135564 
  24.2,     -11.0706793 
  24.3,    -11.36188633 
  24.4,    -11.67571437 
  24.5,    -12.01294651 
  24.6,    -12.37440333 
  24.7,    -12.76092908 
  24.8,    -13.17336921 
  24.9,    -13.61253524 
    25,     -14.0791509 
  25.1,     -14.5737711 
  25.2,     -15.0966615 
  25.3,    -15.64762181 
  25.4,    -16.22573014 
  25.5,    -16.82897986 
  25.6,     -17.4537777 
  25.7,    -18.09427899 
  25.8,     -18.7415677 
  25.9,    -19.38276861 
    26,    -20.00033532 
  26.1,    -20.57199044 
  26.2,    -21.07200855 
  26.3,    -21.47445191 
  26.4,    -21.75823328 
  26.5,    -21.91252694 
  26.6,    -21.94004563 
  26.7,    -21.85636382 
  26.8,    -21.68568316 
  26.9,    -21.45529664 
    27,    -21.19103834 
  27.1,    -20.91473021 
  27.2,     -20.6434277 
  27.3,    -20.38977235 
  27.4,    -20.16281578 
  27.5,     -19.9689202 
  27.6,    -19.81255285 
  27.7,    -19.69692051 
  27.8,    -19.62445172 
  27.9,    -19.59715612 
    28,    -19.61689334 
  28.1,    -19.68558004 
  28.2,     -19.8053581 
  28.3,    -19.97874173 
  28.4,    -20.20875752 
  28.5,    -20.49908765 
  28.6,    -20.85422306 
  28.7,    -21.27962716 
  28.8,    -21.78189766 
  28.9,    -22.36888392 
    29,    -23.04964493 
  29.1,    -23.83395967 
  29.2,    -24.73068319 
  29.3,    -25.74324766 
  29.4,    -26.85841252 
  29.5,    -28.02069447 
  29.6,    -29.08558416 
  29.7,    -29.78076999 
  29.8,    -29.80330669 
  29.9,    -29.09517457 
    30,    -27.91078525 
  30.1,    -26.55403946 
  30.2,    -25.20924487 
  30.3,    -23.95437487 
  30.4,     -22.8122879 
  30.5,    -21.78292428 
  30.6,    -20.85817352 
  30.7,    -20.02797707 
  30.8,    -19.28263604 
  30.9,    -18.61356691 
    31,    -18.01344686 
  31.1,    -17.47613572 
  31.2,    -16.99653094 
  31.3,    -16.57041648 
  31.4,    -16.19432784 
  31.5,    -15.86543869 
  31.6,    -15.58146911 
  31.7,    -15.34061282 
  31.8,    -15.14148086 
  31.9,    -14.98305896 
    32,    -14.86467682 
  32.1,    -14.78598752 
  32.2,    -14.74695595 
  32.3,    -14.74785569 
  32.4,    -14.78927377 
  32.5,    -14.87212319 
  32.6,    -14.99766319 
  32.7,    -15.16752736 
  32.8,    -15.38375897 
  32.9,    -15.64885246 
    33,    -15.96579761 
  33.1,    -16.33811837 
  33.2,    -16.76988975 
  33.3,    -17.26569692 
  33.4,    -17.83046412 
  33.5,    -18.46900454 
  33.6,    -19.18499076 
  33.7,    -19.97874786 
  33.8,      -20.842739 
  33.9,    -21.75287823 
    34,    -22.65375182 
  34.1,    -23.44030702 
  34.2,     -23.9552503 
  34.3,    -24.04151877 
  34.4,    -23.64667598 
  34.5,     -22.8673645 
  34.6,    -21.87091248 
  34.7,    -20.80011078 
  34.8,    -19.74236953 
  34.9,    -18.74105517 
    35,     -17.8136425 
  35.1,    -16.96443598 
  35.2,    -16.19167513 
  35.3,    -15.49114122 
  35.4,    -14.85789399 
  35.5,    -14.28706769 
  35.6,    -13.77420777 
  35.7,    -13.31538801 
  35.8,    -12.90722632 
  35.9,    -12.54685711 
    36,    -12.23188815 
  36.1,     -11.9603551 
  36.2,    -11.73067985 
  36.3,    -11.54163488 
  36.4,    -11.39231474 
  36.5,    -11.28211424 
  36.6,    -11.21071351 
  36.7,    -11.17806921 
  36.8,    -11.18441197 
  36.9,    -11.23024954 
    37,    -11.31637566 
  37.1,     -11.4438843 
  37.2,    -11.61418905 
  37.3,    -11.82904637 
  37.4,    -12.09058102 
  37.5,      -12.401309 
  37.6,    -12.76414972 
  37.7,    -13.18241042 
  37.8,    -13.65971047 
  37.9,     -14.1997832 
    38,    -14.80603609 
  38.1,    -15.48064359 
  38.2,     -16.2227541 
  38.3,    -17.02507995 
  38.4,    -17.86776649 
  38.5,    -18.70853873 
  38.6,    -19.47062778 
  38.7,    -20.03852442 
  38.8,    -20.28366759 
  38.9,    -20.12936433 
    39,    -19.60484478 
  39.1,    -18.82346766 
  39.2,    -17.91295583 
  39.3,    -16.96930355 
  39.4,    -16.04987786 
  39.5,    -15.18383737 
  39.6,    -14.38357057 
  39.7,    -13.65253373 
  39.8,     -12.9898014 
  39.9,     -12.3925146 
    40,    -11.85714224 
  40.1,    -11.38010703 
  40.2,     -10.9580802 
  40.3,    -10.58810674 
  40.4,    -10.26764614 
  40.5,    -9.994572988 
  40.6,    -9.767160508 
  40.7,    -9.584058996 
  40.8,    -9.444275267 
  40.9,    -9.347156229 
    41,    -9.292378209 
  41.1,    -9.279942942 
  41.2,    -9.310180862 
  41.3,     -9.38376233 
  41.4,    -9.501717569 
  41.5,    -9.665466239 
  41.6,    -9.876857788 
  41.7,    -10.13822376 
  41.8,    -10.45244301 
  41.9,     -10.8230196 
    42,    -11.25417045 
  42.1,    -11.75091277 
  42.2,     -12.3191261 
  42.3,      -12.965529 
  42.4,    -13.69743428 
  42.5,    -14.52197597 
  42.6,    -15.44412678 
  42.7,     -16.4620288 
  42.8,     -17.5566758 
  42.9,    -18.67131702 
    43,    -19.67947401 
  43.1,    -20.36734546 
  43.2,    -20.50818139 
  43.3,    -20.04171089 
  43.4,     -19.1355152 
  43.5,    -18.02809674 
  43.6,    -16.89014919 
  43.7,    -15.80849004 
  43.8,    -14.81743988 
  43.9,    -13.92567061 
    44,    -13.13094666 
  44.1,    -12.42707388 
  44.2,    -11.80694301 
  44.3,    -11.26377749 
  44.4,    -10.79158626 
  44.5,    -10.38527589 
  44.6,    -10.04062534 
  44.7,    -9.754213202 
  44.8,     -9.52333675 
  44.9,    -9.345938859 
    45,    -9.220549149 
  45.1,    -9.146241195 
  45.2,    -9.122606181 
  45.3,    -9.149743053 
  45.4,    -9.228265572 
  45.5,    -9.359327365 
  45.6,    -9.544666953 
  45.7,    -9.786675936 
  45.8,    -10.08849478 
  45.9,    -10.45414212 
    46,    -10.88868439 
  46.1,    -11.39845252 
  46.2,    -11.99130695 
  46.3,     -12.6769343 
  46.4,    -13.46710557 
  46.5,    -14.37567545 
  46.6,     -15.4176904 
  46.7,    -16.60584121 
  46.8,    -17.93947301 
  46.9,    -19.37428582 
    47,    -20.75254819 
  47.1,    -21.71346578 
  47.2,    -21.80774141 
  47.3,     -20.9756284 
  47.4,    -19.62927703 
  47.5,    -18.17093699 
  47.6,    -16.79431327 
  47.7,    -15.55984753 
  47.8,    -14.47387495 
  47.9,    -13.52532348 
    48,    -12.69937575 
  48.1,    -11.98200066 
  48.2,    -11.36118985 
  48.3,    -10.82707125 
  48.4,    -10.37168236 
  48.5,    -9.988677846 
  48.6,    -9.673061862 
  48.7,    -9.420969079 
  48.8,    -9.229495689 
  48.9,    -9.096575039 
    49,    -9.020891815 
  49.1,    -9.001829996 
  49.2,    -9.039451743 
  49.3,    -9.134506607 
  49.4,    -9.288472955 
  49.5,     -9.50363656 
  49.6,     -9.78321535 
  49.7,    -10.13154508 
  49.8,    -10.55434955 
  49.9,    -11.05913312 
    50,    -11.65575653 
  50.1,    -12.35729756 
  50.2,    -13.18136936 
  50.3,    -14.15220072 
  50.4,    -15.30402702 
  50.5,    -16.68678738 
  50.6,    -18.37579236 
  50.7,    -20.48671386 
  50.8,    -23.18265355 
  50.9,    -26.50209909 
    51,    -28.86909411 
  51.1,    -26.99049116 
  51.2,    -23.65317002 
  51.3,    -20.88501439 
  51.4,    -18.72556303 
  51.5,    -17.00898008 
  51.6,    -15.61291683 
  51.7,    -14.45768826 
  51.8,     -13.4907671 
  51.9,     -12.6764096 
    52,    -11.98952656 
  52.1,    -11.41205024 
  52.2,    -10.93071894 
  52.3,    -10.53568326 
  52.4,    -10.21960477 
  52.5,    -9.977060845 
  52.6,    -9.804147832 
  52.7,    -9.698218175 
  52.8,    -9.657713148 
  52.9,    -9.682068596 
    53,    -9.771681801 
  53.1,    -9.927935581 
  53.2,    -10.15328304 
  53.3,    -10.45140446 
  53.4,    -10.82745885 
  53.5,    -11.28846908 
  53.6,    -11.84390752 
  53.7,    -12.50659856 
  53.8,    -13.29414758 
  53.9,    -14.23129456 
    54,    -15.35399708 
  54.1,    -16.71700927 
  54.2,    -18.40926313 
  54.3,    -20.58913268 
  54.4,    -23.58088491 
  54.5,    -28.22284637 
  54.6,    -37.62428112 
  54.7,    -33.80970945 
  54.8,    -26.54374251 
  54.9,    -22.59076903 
    55,    -19.92434408 
  55.1,    -17.94060409 
  55.2,    -16.38479868 
  55.3,     -15.1261573 
  55.4,    -14.08888806 
  55.5,     -13.2253235 
  55.6,    -12.50370337 
  55.7,    -11.90196966 
  55.8,    -11.40434762 
  55.9,    -10.99934143 
    56,    -10.67850242 
  56.1,    -10.43564554 
  56.2,    -10.26634054 
  56.3,    -10.16758031 
  56.4,    -10.13757051 
  56.5,    -10.17560805 
  56.6,    -10.28203086 
  56.7,    -10.45823158 
  56.8,    -10.70673615 
  56.9,    -11.03135667 
    57,    -11.43743805 
  57.1,    -11.93223236 
  57.2,    -12.52545621 
  57.3,     -13.2301215 
  57.4,    -14.06378492 
  57.5,    -15.05044749 
  57.6,    -16.22344271 
  57.7,    -17.62965026 
  57.8,     -19.3344159 
  57.9,    -21.41967033 
    58,    -23.92550457 
  58.1,    -26.47340206 
  58.2,     -27.3157902 
  58.3,    -25.45358258 
  58.4,    -22.85894256 
  58.5,      -20.583396 
  58.6,    -18.72643198 
  58.7,    -17.21268248 
  58.8,    -15.96614662 
  58.9,    -14.93038909 
    59,    -14.06531814 
  59.1,    -13.34233152 
  59.2,    -12.74072249 
  59.3,    -12.24528375 
  59.4,    -11.84473559 
  59.5,    -11.53068766 
  59.6,    -11.29694549 
  59.7,    -11.13904407 
  59.8,     -11.0539357 
  59.9,    -11.03978682 
    60,    -11.09585623 
  60.1,    -11.22243821 
  60.2,    -11.42086212 
  60.3,    -11.69354532 
  60.4,    -12.04410081 
  60.5,     -12.4775033 
  60.6,    -13.00031653 
  60.7,    -13.62097543 
  60.8,    -14.35008327 
  60.9,    -15.20058714 
    61,    -16.18742122 
  61.1,    -17.32544307 
  61.2,    -18.62237648 
  61.3,      -20.058018 
  61.4,    -21.53062851 
  61.5,    -22.75845338 
  61.6,    -23.26619733 
  61.7,    -22.77621938 
  61.8,    -21.58020323 
  61.9,    -20.15087157 
    62,    -18.76323715 
  62.1,    -17.51530732 
  62.2,    -16.42581025 
  62.3,    -15.48648771 
  62.4,    -14.68226688 
  62.5,       -13.99808 
  62.6,    -13.42083983 
  62.7,    -12.93976095 
  62.8,    -12.54616546 
  62.9,    -12.23317015 
    63,    -11.99538599 
  63.1,    -11.82866629 
  63.2,    -11.72990682 
  63.3,    -11.69689094 
  63.4,    -11.72817029 
  63.5,    -11.82297089 
  63.6,    -11.98111419 
  63.7,    -12.20294066 
  63.8,     -12.4892189 
  63.9,    -12.84101396 
    64,    -13.25947235 
  64.1,    -13.74545107 
  64.2,    -14.29886813 
  64.3,    -14.91757074 
  64.4,    -15.59540211 
  64.5,    -16.31903501 
  64.6,    -17.06320585 
  64.7,    -17.78475101 
  64.8,    -18.41830108 
  64.9,    -18.88086717 
    65,    -19.09393879 
  65.1,    -19.01891146 
  65.2,    -18.67911979 
  65.3,      -18.146073 
  65.4,    -17.50428683 
  65.5,    -16.82443327 
  65.6,     -16.1549042 
  65.7,    -15.52470616 
  65.8,    -14.94941658 
  65.9,    -14.43634786 
    66,     -13.9880928 
  66.1,     -13.6047195 
  66.2,    -13.28506004 
  66.3,    -13.02744343 
  66.4,    -12.83010213 
  66.5,    -12.69139043 
  66.6,    -12.60989535 
  66.7,     -12.5844853 
  66.8,    -12.61432145 
  66.9,    -12.69884336 
    67,    -12.83773234 
  67.1,     -13.0308488 
  67.2,    -13.27813268 
  67.3,    -13.57944721 
  67.4,    -13.93433354 
  67.5,    -14.34162593 
  67.6,     -14.7988529 
  67.7,    -15.30132216 
  67.8,    -15.84076976 
  67.9,    -16.40348997 
    68,    -16.96804894 
  68.1,    -17.50318926 
  68.2,    -17.96746937 
  68.3,    -18.31315151 
  68.4,    -18.49627357 
  68.5,    -18.49078184 
  68.6,    -18.29894202 
  68.7,    -17.95032073 
  68.8,    -17.49014838 
  68.9,     -16.9654324 
    69,    -16.41587398 
  69.1,    -15.87083185 
  69.2,    -15.35010659 
  69.3,    -14.86613879 
  69.4,    -14.42624955 
  69.5,    -14.03442456 
  69.6,    -13.69258448 
  69.7,    -13.40143726 
  69.8,     -13.1610309 
  69.9,    -12.97110439 
    70,    -12.83130671 
  70.1,    -12.74133057 
  70.2,    -12.70099058 
  70.3,    -12.71026355 
  70.4,    -12.76930025 
  70.5,    -12.87841148 
  70.6,    -13.03802508 
  70.7,    -13.24860423 
  70.8,    -13.51050841 
  70.9,    -13.82376646 
    71,    -14.18771379 
  71.1,    -14.60042181 
  71.2,     -15.0578207 
  71.3,    -15.55239705 
  71.4,    -16.07137713 
  71.5,    -16.59447465 
  71.6,    -17.09175005 
  71.7,    -17.52302655 
  71.8,    -17.84130948 
  71.9,    -18.00229522 
    72,    -17.97833303 
  72.1,    -17.76947821 
  72.2,    -17.40358974 
  72.3,    -16.92539661 
  72.4,    -16.38251815 
  72.5,    -15.81586781 
  72.6,    -15.25616006 
  72.7,    -14.72446143 
  72.8,     -14.2343295 
  72.9,    -13.79407902 
    73,    -13.40861807 
  73.1,    -13.08077189 
  73.2,    -12.81218296 
  73.3,    -12.60390664 
  73.4,     -12.4568028 
  73.5,    -12.37179663 
  73.6,    -12.35005826 
  73.7,    -12.39313317 
  73.8,    -12.50304266 
  73.9,     -12.6823634 
    74,    -12.93428481 
  74.1,    -13.26262831 
  74.2,     -13.6717873 
  74.3,    -14.16649774 
  74.4,    -14.75125108 
  74.5,    -15.42896439 
  74.6,    -16.19814123 
  74.7,     -17.0470977 
  74.8,    -17.94305716 
  74.9,    -18.81463711 
    75,    -19.53425441 
  75.1,    -19.92956797 
  75.2,    -19.86322419 
  75.3,    -19.33779632 
  75.4,    -18.49370924 
  75.5,    -17.50317826 
  75.6,    -16.49250719 
  75.7,    -15.53213629 
  75.8,    -14.65451232 
  75.9,    -13.87144432 
    76,    -13.18484157 
  76.1,    -12.59239189 
  76.2,    -12.09036219 
  76.3,    -11.67492533 
  76.4,    -11.34276742 
  76.5,    -11.09135541 
  76.6,    -10.91905356 
  76.7,    -10.82518234 
  76.8,    -10.81006787 
  76.9,    -10.87510835 
    77,    -11.02287439 
  77.1,    -11.25725577 
  77.2,    -11.58366535 
  77.3,    -12.00930543 
  77.4,    -12.54348534 
  77.5,    -13.19792815 
  77.6,    -13.98685648 
  77.7,    -14.92622743 
  77.8,    -16.03029616 
  77.9,    -17.30038941 
    78,    -18.69264575 
  78.1,    -20.04067553 
  78.2,    -20.95251499 
  78.3,    -20.94392628 
  78.4,    -19.98204174 
  78.5,     -18.5324705 
  78.6,      -17.011059 
  78.7,    -15.60344218 
  78.8,    -14.36182128 
  78.9,    -13.28786468 
    79,    -12.36836912 
  79.1,    -11.58783992 
  79.2,    -10.93241726 
  79.3,    -10.39082107 
  79.4,    -9.954341552 
  79.5,    -9.616581099 
  79.6,    -9.373187026 
  79.7,    -9.221652505 
  79.8,    -9.161208993 
  79.9,    -9.192819868 
    80,    -9.319287451 
  80.1,    -9.545496852 
  80.2,    -9.878839628 
  80.3,    -10.32989188 
  80.4,    -10.91347315 
  80.5,    -11.65029788 
  80.6,    -12.56956527 
  80.7,    -13.71299808 
  80.8,    -15.14074509 
  80.9,    -16.93717764 
    81,    -19.19660177 
  81.1,    -21.85099785 
  81.2,    -23.77483318 
  81.3,    -22.70833613 
  81.4,    -19.90070989 
  81.5,    -17.24626566 
  81.6,    -15.07145958 
  81.7,    -13.30597927 
  81.8,    -11.85660393 
  81.9,    -10.65379825 
    82,    -9.649218132 
  82.1,    -8.809261779 
  82.2,    -8.110289711 
  82.3,     -7.53552175 
  82.4,    -7.073067399 
  82.5,    -6.714676983 
  82.6,    -6.454956322 
  82.7,    -6.290893279 
  82.8,    -6.221611049 
  82.9,    -6.248306779 
    83,    -6.374367126 
  83.1,    -6.605684005 
  83.2,    -6.951233552 
  83.3,    -7.424043073 
  83.4,    -8.042780551 
  83.5,    -8.834414119 
  83.6,     -9.83883096 
  83.7,    -11.11728162 
  83.8,    -12.76876553 
  83.9,    -14.96333018 
    84,     -18.0023138 
  84.1,    -22.20318288 
  84.2,    -24.48125302 
  84.3,    -20.29014807 
  84.4,    -16.20171451 
  84.5,    -13.21661303 
  84.6,    -10.95178756 
  84.7,    -9.159313856 
  84.8,    -7.699285594 
  84.9,    -6.488488841 
    85,    -5.474445765 
  85.1,    -4.622502484 
  85.2,    -3.909038154 
  85.3,    -3.317684841 
  85.4,    -2.837127166 
  85.5,     -2.45978747 
  85.6,    -2.181043558 
  85.7,    -1.998795381 
  85.8,     -1.91328881 
  85.9,    -1.927162044 
    86,      -2.0457256 
  86.1,    -2.277536832 
  86.2,    -2.635403539 
  86.3,    -3.138082774 
  86.4,    -3.813205984 
  86.5,    -4.702550217 
  86.6,     -5.87222439 
  86.7,    -7.434387089 
  86.8,    -9.600472564 
  86.9,    -12.84171993 
    87,    -18.55574967 
  87.1,     -26.6872425 
  87.2,    -16.33921749 
  87.3,     -10.7721644 
  87.4,    -7.218623048 
  87.5,    -4.598284866 
  87.6,    -2.518453426 
  87.7,   -0.7943989143 
  87.8,    0.6753074612 
  87.9,     1.952323457 
    88,     3.076929384 
  88.1,      4.07688857 
  88.2,     4.972144325 
  88.3,      5.77749869 
  88.4,     6.504231026 
  88.5,      7.16112283 
  88.6,     7.755132189 
  88.7,     8.291852249 
  88.8,     8.775831554 
  88.9,     9.210803142 
    89,     9.599851722 
  89.1,     9.945537711 
  89.2,     10.24999061 
  89.3,     10.51498003 
  89.4,     10.74197024 
  89.5,     10.93216218 
  89.6,     11.08652586 
  89.7,     11.20582514 
  89.8,     11.29063644 
  89.9,     11.34136233 
    90,     11.35824079 
  90.1,     11.34135055 
  90.2,     11.29061289 
  90.3,     11.20578983 
  90.4,     11.08647881 
  90.5,     10.93210343 
  90.6,     10.74189981 
  90.7,     10.51489798 
  90.8,       10.249897 
  90.9,     9.945432615 
    91,     9.599735227 
  91.1,     9.210675357 
  91.2,     8.775692611 
  91.3,     8.291702311 
  91.4,     7.754971453 
  91.5,     7.160951543 
  91.6,     6.504049496 
  91.7,     5.777307306 
  91.8,     4.971943585 
  91.9,     4.076679129 
    92,     3.076712114 
  92.1,     1.952099561 
  92.2,    0.6750786533 
  92.3,   -0.7946300773 
  92.4,    -2.518682894 
  92.5,    -4.598505668 
  92.6,    -7.218821658 
  92.7,     -10.7723091 
  92.8,    -16.33920529 
  92.9,    -26.68716863 
    93,    -18.55656713 
  93.1,    -12.84235327 
  93.2,    -9.601043791 
  93.3,    -7.434932774 
  93.4,    -5.872759563 
  93.5,    -4.703082389 
  93.6,     -3.81373939 
  93.7,    -3.138619984 
  93.8,    -2.635946178 
  93.9,     -2.27808594 
    94,    -2.046281816 
  94.1,    -1.927725713 
  94.2,    -1.913860039 
  94.3,    -1.999374064 
  94.4,    -2.181629375 
  94.5,    -2.460379871 
  94.6,    -2.837725331 
  94.7,    -3.318287604 
  94.8,    -3.909643891 
  94.9,    -4.623108929 
    95,    -5.475049704 
  95.1,    -6.489085591 
  95.2,    -7.699868053 
  95.3,    -9.159870649 
  95.4,    -10.95229906 
  95.5,    -13.21704179 
  95.6,    -16.20197926 
  95.7,    -20.29006208 
  95.8,     -24.4809923 
  95.9,    -22.20413835 
    96,     -18.0034962 
  96.1,    -14.96449743 
  96.2,    -12.76990512 
  96.3,    -11.11840163 
  96.4,    -9.839939056 
  96.5,     -8.83551585 
  96.6,    -8.043879768 
  96.7,    -7.425142415 
  96.8,    -6.952334787 
  96.9,    -6.606788248 
    97,     -6.37547497 
  97.1,    -6.249418366 
  97.2,    -6.222726096 
  97.3,    -6.292011072 
  97.4,    -6.456075659 
  97.5,    -6.715796081 
  97.6,    -7.074183737 
  97.7,     -7.53663182 
  97.8,    -8.111388618 
  97.9,    -8.810342602 
    98,     -9.65027084 
  98.1,     -10.6548078 
  98.2,    -11.85754673 
  98.3,    -13.30681614 
  98.4,     -15.0721208 
  98.5,    -17.24661816 
  98.6,    -19.90049811 
  98.7,    -22.70729405 
  98.8,    -23.77398179 
  98.9,    -21.85156235 
    99,    -19.19791169 
  99.1,    -16.93875967 
  99.2,    -15.14243299 
  99.3,    -13.71473242 
  99.4,     -12.5713226 
  99.5,    -11.65206799 
  99.6,    -10.91525114 
  99.7,    -10.33167501 
  99.8,    -9.880626001 
  99.9,    -9.547284757 
   100,    -9.321075012 
 100.1,    -9.194604806 
 100.2,    -9.162988423 
 100.3,    -9.223422712 
 100.4,     -9.37494318 
 100.5,    -9.618316877 
 100.6,     -9.95604858 
 100.7,     -10.3924881 
 100.8,    -10.93402895 
 100.9,    -11.58937486 
   101,    -12.36979675 
 101.1,    -13.28914022 
 101.2,    -14.36287755 
 101.3,    -15.60417686 
 101.4,     -17.0113191 
 101.5,    -18.53205454 
 101.6,    -19.98080856 
 101.7,     -20.9421551 
 101.8,    -20.95109287 
 101.9,    -20.04026444 
   102,    -18.69319438 
 102.1,     -17.3015967 
 102.2,    -16.03191625 
 102.3,    -14.92810468 
 102.4,    -13.98889674 
 102.5,     -13.2000733 
 102.6,    -12.54569784 
 102.7,    -12.01155953 
 102.8,    -11.58594213 
 102.9,     -11.2595402 
   103,    -11.02515352 
 103.1,    -10.87737007 
 103.2,    -10.81230002 
 103.3,    -10.82737199 
 103.4,    -10.92118624 
 103.5,    -11.09341438 
 103.6,    -11.34473273 
 103.7,    -11.67677264 
 103.8,    -12.09206128 
 103.9,    -12.59390461 
   104,    -13.18611915 
 104.1,    -13.87242403 
 104.2,    -14.65511365 
 104.3,    -15.53225832 
 104.4,    -16.49203186 
 104.5,    -17.50199232 
 104.6,    -18.49176988 
 104.7,    -19.33526146 
 104.8,     -19.8605774 
 104.9,    -19.92750554 
   105,    -19.53328466 
 105.1,    -18.81484184 
 105.2,    -17.94423141 
 105.3,    -17.04896989 
 105.4,    -16.20048076 
 105.5,    -15.43160185 
 105.6,    -14.75406752 
 105.7,    -14.16940948 
 105.8,    -13.67473386 
 105.9,    -13.26556401 
   106,    -12.93717321 
 106.1,    -12.68517358 
 106.2,    -12.50574673 
 106.3,    -12.39570453 
 106.4,    -12.35247024 
 106.5,    -12.37402151 
 106.6,    -12.45881096 
 106.7,    -12.60566581 
 106.8,    -12.81365761 
 106.9,     -13.0819228 
   107,    -13.40940216 
 107.1,    -13.79444984 
 107.2,    -14.23423891 
 107.3,    -14.72386333 
 107.4,     -15.2550178 
 107.5,    -15.81416719 
 107.6,    -16.38028813 
 107.7,    -16.92273691 
 107.8,    -17.40069766 
 107.9,    -17.76665479 
   108,    -17.97594258 
 108.1,    -18.00067409 
 108.2,    -17.84066646 
 108.3,    -17.52339773 
 108.4,    -17.09302752 
 108.5,    -16.59647302 
 108.6,    -16.07389354 
 108.7,    -15.55524643 
 108.8,    -15.06084902 
 108.9,    -14.60350673 
   109,    -14.19076016 
 109.1,    -13.82670052 
 109.2,    -13.51327249 
 109.3,     -13.2511526 
 109.4,    -13.04032063 
 109.5,    -12.88042341 
 109.6,    -12.77100234 
 109.7,    -12.71163293 
 109.8,    -12.70200695 
 109.9,    -12.74197561 
   110,    -12.83156388 
 110.1,    -12.97095892 
 110.2,    -13.16047011 
 110.3,    -13.40045129 
 110.4,    -13.69116758 
 110.5,    -14.03257723 
 110.6,    -14.42398195 
 110.7,    -14.86347593 
 110.8,    -15.34709606 
 110.9,    -15.86755487 
   111,    -16.41245959 
 111.1,    -16.96207277 
 111.2,    -17.48710813 
 111.3,    -17.94792581 
 111.4,     -18.2975297 
 111.5,    -18.49060755 
 111.6,    -18.49741054 
 111.7,    -18.31545077 
 111.8,    -17.97061525 
 111.9,    -17.50680915 
   112,    -16.97180706 
 112.1,    -16.40713147 
 112.2,    -15.84412377 
 112.3,    -15.30428579 
 112.4,    -14.80137149 
 112.5,    -14.34367639 
 112.6,    -13.93591241 
 112.7,    -13.58056254 
 112.8,    -13.27879899 
 112.9,    -13.03108391 
   113,    -12.83755548 
 113.1,    -12.69827417 
 113.2,    -12.61337946 
 113.3,    -12.58318975 
 113.4,     -12.6082653 
 113.5,    -12.68944512 
 113.6,    -12.82786152 
 113.7,    -13.02492915 
 113.8,    -13.28229668 
 113.9,    -13.60173661 
   114,    -13.98492779 
 114.1,     -14.4330504 
 114.2,    -14.94605503 
 114.3,    -15.52137687 
 114.4,    -16.15174398 
 114.5,    -16.82163377 
 114.6,    -17.50210431 
 114.7,    -18.14481611 
 114.8,     -18.6790857 
 114.9,    -19.02025288 
   115,    -19.09652094 
 115.1,    -18.88425693 
 115.2,    -18.42194211 
 115.3,    -17.78817561 
 115.4,    -17.06612892 
 115.5,    -16.32133367 
 115.6,    -15.59705661 
 115.7,    -14.91861385 
 115.8,    -14.29935378 
 115.9,     -13.7454379 
   116,    -13.25901614 
 116.1,    -12.84016477 
 116.2,    -12.48802042 
 116.3,    -12.20143054 
 116.4,    -11.97932471 
 116.5,    -11.82092977 
 116.6,    -11.72590139 
 116.7,    -11.69441497 
 116.8,    -11.72724197 
 116.9,    -11.82582876 
   117,    -11.99239059 
 117.1,     -12.2300309 
 117.2,    -12.54289638 
 117.3,    -12.93637706 
 117.4,    -13.41735874 
 117.5,    -13.99452442 
 117.6,    -14.67866894 
 117.7,    -15.48289662 
 117.8,     -16.4223066 
 117.9,    -17.51203016 
   118,    -18.76043533 
 118.1,    -20.14899126 
 118.2,    -21.57997528 
 118.3,     -22.7784552 
 118.4,    -23.27074086 
 118.5,    -22.76351889 
 118.6,    -21.53458196 
 118.7,     -20.0604682 
 118.8,    -18.62354666 
 118.9,    -17.32564362 
   119,    -16.18690187 
 119.1,    -15.19952725 
 119.2,    -14.34860909 
 119.3,    -13.61917673 
 119.4,    -12.99825843 
 119.5,    -12.47523414 
 119.6,    -12.04165731 
 119.7,      -11.690956 
 119.8,    -11.41814963 
 119.9,    -11.21962089 
   120,    -11.09294927 
 120.1,     -11.0368031 
 120.2,    -11.05088638 
 120.3,    -11.13593915 
 120.4,    -11.29379422 
 120.5,    -11.52749899 
 120.6,    -11.84151864 
 120.7,    -12.24204844 
 120.8,    -12.73748036 
 120.9,    -13.33909706 
   121,    -14.06211103 
 121.1,    -14.92723818 
 121.2,    -15.96309754 
 121.3,    -17.20981362 
 121.4,    -18.72389033 
 121.5,    -20.58148494 
 121.6,    -22.85834478 
 121.7,    -25.45575695 
 121.8,    -27.32157746 
 121.9,    -26.47796032 
   122,    -23.92666698 
 122.1,    -21.41886099 
 122.2,    -19.33260625 
 122.3,    -17.62729653 
 122.4,    -16.22076703 
 122.5,    -15.04756772 
 122.6,    -14.06076889 
 122.7,    -13.22701107 
 122.8,     -12.5222788 
 122.9,    -11.92900687 
   123,    -11.43417814 
 123.1,    -11.02807263 
 123.2,    -10.70343606 
 123.3,    -10.45492202 
 123.4,    -10.27871742 
 123.5,    -10.17229569 
 123.6,    -10.13426377 
 123.7,    -10.16428355 
 123.8,     -10.2630581 
 123.9,    -10.43238191 
   124,    -10.67526243 
 124.1,    -10.99613049 
 124.2,    -11.40117195 
 124.3,    -11.89883671 
 124.4,    -12.50062236 
 124.5,    -13.22230628 
 124.6,    -14.08595045 
 124.7,    -15.12332141 
 124.8,    -16.38209705 
 124.9,    -17.93808801 
   125,    -19.92210166 
 125.1,    -22.58897077 
 125.2,     -26.5427732 
 125.3,     -33.8100616 
 125.4,    -37.60613622 
 125.5,    -28.21491362 
 125.6,    -23.57494726 
 125.7,     -20.5839798 
 125.8,    -18.40453131 
 125.9,     -16.7125439 
   126,    -15.34971894 
 126.1,    -14.22715809 
 126.2,     -13.2901245 
 126.3,    -12.50267042 
 126.4,    -11.84006189 
 126.5,    -11.28469744 
 126.6,    -10.82375542 
 126.7,    -10.44776541 
 126.8,    -10.14970606 
 126.9,    -9.924419597 
   127,    -9.768226777 
 127.1,    -9.678675467 
 127.2,    -9.654383792 
 127.3,    -9.694955446 
 127.4,    -9.800955652 
 127.5,    -9.973944371 
 127.6,    -10.21657064 
 127.7,    -10.53273994 
 127.8,    -10.92787726 
 127.9,    -11.40932419 
   128,    -11.98693441 
 128.1,    -12.67397566 
 128.2,    -13.48852454 
 128.3,    -14.45568368 
 128.4,    -15.61121809 
 128.5,    -17.00769034 
 128.6,    -18.72484634 
 128.7,    -20.88513838 
 128.8,    -23.65451471 
 128.9,    -26.99275797 
   129,    -28.86691956 
 129.1,     -26.4949014 
 129.2,    -23.17536815 
 129.3,    -20.48010865 
 129.4,     -18.3697667 
 129.5,    -16.68119907 
 129.6,    -15.29877236 
 129.7,    -14.14720873 
 129.8,    -13.17659106 
 129.9,    -12.35269843 
   130,    -11.65131179 
 130.1,    -11.05482471 
 130.2,    -10.55016424 
 130.3,    -10.12747319 
 130.4,    -9.779249951 
 130.5,    -9.499772917 
 130.6,    -9.284708151 
 130.7,    -9.130839319 
 130.8,    -9.035882108 
 130.9,    -8.998359561 
   131,    -9.017523565 
 131.1,    -9.093313496 
 131.2,    -9.226347093 
 131.3,     -9.41794167 
 131.4,    -9.670166282 
 131.5,    -9.985927719 
 131.6,    -10.36909509 
 131.7,    -10.82466917 
 131.8,    -11.35900184 
 131.9,    -11.98006448 
   132,    -12.69774136 
 132.1,     -13.5240579 
 132.2,    -14.47306888 
 132.3,    -15.55962347 
 132.4,    -16.79483094 
 132.5,    -18.17237744 
 132.6,     -19.6317407 
 132.7,    -20.97880195 
 132.8,    -21.81040106 
 132.9,     -21.7140024 
   133,    -20.75064032 
 133.1,    -19.37074296 
 133.2,    -17.93509505 
 133.3,    -16.60109954 
 133.4,    -15.41282452 
 133.5,    -14.37080261 
 133.6,    -13.46228276 
 133.7,    -12.67218897 
 133.8,    -11.98665192 
 133.9,    -11.39389339 
   134,    -10.88422323 
 134.1,    -10.44977948 
 134.2,    -10.08423072 
 134.3,    -9.782510585 
 134.4,    -9.540600872 
 134.5,    -9.355361754 
 134.6,    -9.224402432 
 134.7,     -9.14598532 
 134.8,    -9.118957872 
 134.9,    -9.142707568 
   135,    -9.217136909 
 135.1,    -9.342656421 
 135.2,     -9.52019457 
 135.3,    -9.751224217 
 135.4,    -10.03780554 
 135.5,    -10.38264512 
 135.6,    -10.78916916 
 135.7,    -11.26160491 
 135.8,    -11.80505379 
 135.9,    -12.42551716 
   136,    -13.12978484 
 136.1,    -13.92498258 
 136.2,    -14.81732352 
 136.3,    -15.80906011 
 136.4,    -16.89151998 
 136.5,    -18.03032325 
 136.6,    -19.13844643 
 136.7,    -20.04474946 
 136.8,    -20.51021703 
 136.9,    -20.36734796 
   137,    -19.67726244 
 137.1,    -18.66741997 
 137.2,    -17.55173505 
 137.3,    -16.45651433 
 137.4,    -15.43832615 
 137.5,     -14.5160535 
 137.6,    -13.69148154 
 137.7,    -12.95959634 
 137.8,    -12.31324072 
 137.9,    -11.74508884 
   138,    -11.24841474 
 138.1,    -10.81733473 
 138.2,    -10.44682929 
 138.3,     -10.1326803 
 138.4,    -9.871383115 
 138.5,    -9.660058737 
 138.6,    -9.496375712 
 138.7,    -9.378484852 
 138.8,    -9.304966888 
 138.9,    -9.274792091 
   139,    -9.287290698 
 139.1,    -9.342132996 
 139.2,    -9.439318112 
 139.3,    -9.579170767 
 139.4,    -9.762345355 
 139.5,    -9.989836694 
 139.6,    -10.26299658 
 139.7,    -10.58355452 
 139.8,    -10.95363954 
 139.9,    -11.37579703 
   140,    -11.85298863 
 140.1,    -12.38855235 
 140.2,    -12.98607841 
 140.3,    -13.64911629 
 140.4,     -14.3805511 
 140.5,    -15.18134528 
 140.6,    -16.04809325 
 140.7,    -16.96847069 
 140.8,    -17.91338376 
 140.9,    -18.82548581 
   141,    -19.60866006 
 141.1,    -20.13481254 
 141.2,    -20.29005309 
 141.3,    -20.04485452 
 141.4,    -19.47610648 
 141.5,    -18.71281438 
 141.6,    -17.87083454 
 141.7,    -17.02709603 
 141.8,    -16.22391109 
 141.9,    -15.48111861 
   142,    -14.80597567 
 142.1,    -14.19930371 
 142.2,     -13.6589032 
 142.3,    -13.18134706 
 142.4,    -12.76288709 
 142.5,    -12.39989274 
 142.6,    -12.08904843 
 142.7,    -11.82742849 
 142.8,    -11.61251225 
 142.9,    -11.44217154 
   143,     -11.3146474 
 143.1,    -11.22852453 
 143.2,    -11.18270783 
 143.3,      -11.176403 
 143.4,    -11.20910222 
 143.5,    -11.28057525 
 143.6,    -11.39086626 
 143.7,    -11.54029649 
 143.8,    -11.72947304 
 143.9,    -11.95930398 
   144,    -12.23102019 
 144.1,    -12.54620423 
 144.2,    -12.90682611 
 144.3,    -13.31528545 
 144.4,    -13.77445741 
 144.5,    -14.28773659 
 144.6,    -14.85906569 
 144.7,    -15.49292104 
 144.8,    -16.19419719 
 144.9,    -16.96787237 
   145,    -17.81821408 
 145.1,    -18.74704169 
 145.2,    -19.75011036 
 145.3,    -20.80997226 
 145.4,    -21.88316643 
 145.5,    -22.88189209 
 145.6,    -23.66250646 
 145.7,    -24.05664969 
 145.8,    -23.96746828 
 145.9,    -23.44848186 
   146,    -22.65808757 
 146.1,    -21.75421607 
 146.2,    -20.84194884 
 146.3,    -19.97650689 
 146.4,    -19.18177334 
 146.5,    -18.46513073 
 146.6,     -17.8261483 
 146.7,    -17.26108371 
 146.8,    -16.76507797 
 146.9,    -16.33317672 
   147,     -15.9607747 
 147.1,    -15.64378343 
 147.2,    -15.37866977 
 147.3,    -15.16243773 
 147.4,    -14.99258861 
 147.5,     -14.8670763 
 147.6,    -14.78426542 
 147.7,    -14.74289567 
 147.8,    -14.74205363 
 147.9,    -14.78115239 
   148,    -14.85991895 
 148.1,    -14.97838948 
 148.2,    -15.13691254 
 148.3,    -15.33616066 
 148.4,    -15.57715106 
 148.5,    -15.86127668 
 148.6,    -16.19034902 
 148.7,    -16.56665495 
 148.8,    -16.99303012 
 148.9,    -17.47295169 
   149,    -18.01065313 
 149.1,    -18.61126146 
 149.2,    -19.28095179 
 149.3,    -20.02709789 
 149.4,    -20.85835917 
 149.5,    -21.78454966 
 149.6,    -22.81590539 
 149.7,    -23.96081048 
 149.8,    -25.21973183 
 149.9,    -26.57033579 
   150,    -27.93499529 
 150.1,    -29.12847316 
 150.2,    -29.84304316 
 150.3,    -29.81964889 
 150.4,    -29.11720628 
 150.5,    -28.04359207 
 150.6,    -26.87406495 
 150.7,    -25.75360293 
 150.8,    -24.73729057 
 150.9,    -23.83790145 
   151,    -23.05165324 
 151.1,    -22.36945525 
 151.2,    -21.78137377 
 151.3,    -21.27824776 
 151.4,    -20.85215944 
 151.5,    -20.49646428 
 151.6,    -20.20566617 
 151.7,    -19.97525082 
 151.8,     -19.8015191 
 151.9,    -19.68143191 
   152,     -19.6124657 
 152.1,    -19.59247166 
 152.2,    -19.61952812 
 152.3,    -19.69177211 
 152.4,    -19.80719234 
 152.5,    -19.96336044 
 152.6,    -20.15707209 
 152.7,    -20.38386544 
 152.8,    -20.63738748 
 152.9,    -20.90860063 
   153,     -21.1848829 
 153.1,    -21.44920359 
 153.2,    -21.67976781 
 153.3,    -21.85076443 
 153.4,    -21.93490881 
 153.5,    -21.90798254 
 153.6,     -21.7543656 
 153.7,    -21.47128012 
 153.8,    -21.06948647 
 153.9,    -20.57002462 
   154,    -19.99881091 
 154.1,    -19.38157172 
 154.2,    -18.74059902 
 154.3,    -18.09345899 
 154.4,    -17.45304644 
 154.5,    -16.82829426 
 154.6,    -16.22506046 
 154.7,     -15.6469484 
 154.8,    -15.09597207 
 154.9,    -14.57305869 
   155,    -14.07841227 
 155.1,     -13.6117698 
 155.2,    -13.17257817 
 155.3,    -12.76011493 
 155.4,    -12.37356941 
 155.5,    -12.01209674 
 155.6,    -11.67485307 
 155.7,    -11.36101809 
 155.8,    -11.06980891 
 155.9,    -10.80048802 
   156,    -10.55236743 
 156.1,    -10.32481014 
 156.2,    -10.11722998 
 156.3,    -9.929090198 
 156.4,    -9.759901527 
 156.5,    -9.609219629 
 156.6,    -9.476642346 
 156.7,    -9.361806717 
 156.8,    -9.264385826 
 156.9,     -9.18408549 
   157,    -9.120640721 
 157.1,    -9.073811921 
 157.2,    -9.043380678 
 157.3,    -9.029145061 
 157.4,    -9.030914216 
 157.5,    -9.048502068 
 157.6,    -9.081719858 
 157.7,    -9.130367196 
 157.8,    -9.194221232 
 157.9,    -9.273023477 
   158,    -9.366463705 
 158.1,    -9.474160276 
 158.2,    -9.595636135 
 158.3,    -9.730289646 
 158.4,    -9.877359425 
 158.5,    -10.03588239 
 158.6,    -10.20464452 
 158.7,    -10.38212422 
 158.8,    -10.56642933 
 158.9,    -10.75523013 
   159,    -10.94569307 
 159.1,    -11.13442317 
 159.2,      -11.317427 
 159.3,    -11.49011229 
 159.4,    -11.64734402 
 159.5,    -11.78357687 
 159.6,    -11.89307979 
 159.7,     -11.9702552 
 159.8,    -12.01003463 
 159.9,    -12.00830686 
   160,    -11.96231198 
 160.1,     -11.8709265 
 160.2,     -11.7347785 
 160.3,    -11.55616653 
 160.4,    -11.33880082 
 160.5,    -11.08742292 
 160.6,    -10.80737788 
 160.7,    -10.50420845 
 160.8,     -10.1833197 
 160.9,    -9.849736888 
   161,     -9.50795689 
 161.1,    -9.161879508 
 161.2,    -8.814798764 
 161.3,    -8.469434199 
 161.4,    -8.127985286 
 161.5,     -7.79219627 
 161.6,    -7.463422897 
 161.7,    -7.142695764 
 161.8,    -6.830777516 
 161.9,    -6.528212747 
   162,    -6.235370477 
 162.1,    -5.952479688 
 162.2,    -5.679658631 
 162.3,    -5.416938773 
 162.4,    -5.164284181 
 162.5,    -4.921607136 
 162.6,    -4.688780616 
 162.7,    -4.465648242 
 162.8,    -4.252032164 
 162.9,    -4.047739274 
   163,    -3.852566087 
 163.1,    -3.666302549 
 163.2,    -3.488734981 
 163.3,    -3.319648342 
 163.4,    -3.158827942 
 163.5,    -3.006060718 
 163.6,    -2.861136166 
 163.7,    -2.723846996 
 163.8,    -2.593989566 
 163.9,    -2.471364149 
   164,    -2.355775057 
 164.1,    -2.247030658 
 164.2,    -2.144943312 
 164.3,    -2.049329236 
 164.4,    -1.960008324 
 164.5,    -1.876803916 
 164.6,    -1.799542547 
 164.7,     -1.72805367 
 164.8,    -1.662169357 
 164.9,    -1.601723992 
   165,    -1.546553957 
 165.1,    -1.496497307 
 165.2,    -1.451393446 
 165.3,      -1.4110828 
 165.4,    -1.375406497 
 165.5,    -1.344206042 
 165.6,    -1.317323003 
 165.7,    -1.294598698 
 165.8,      -1.2758739 
 165.9,    -1.260988538 
   166,    -1.249781422 
 166.1,    -1.242089979 
 166.2,    -1.237749997 
 166.3,    -1.236595401 
 166.4,    -1.238458044 
 166.5,    -1.243167518 
 166.6,    -1.250551003 
 166.7,    -1.260433136 
 166.8,    -1.272635929 
 166.9,    -1.286978711 
   167,    -1.303278122 
 167.1,    -1.321348151 
 167.2,    -1.341000227 
 167.3,    -1.362043363 
 167.4,    -1.384284358 
 167.5,    -1.407528064 
 167.6,    -1.431577715 
 167.7,    -1.456235325 
 167.8,    -1.481302158 
 167.9,     -1.50657926 
   168,    -1.531868066 
 168.1,    -1.556971075 
 168.2,    -1.581692582 
 168.3,    -1.605839477 
 168.4,    -1.629222092 
 168.5,    -1.651655094 
 168.6,    -1.672958412 
 168.7,    -1.692958189 
 168.8,    -1.711487743 
 168.9,    -1.728388522 
   169,    -1.743511051 
 169.1,    -1.756715825 
 169.2,    -1.767874174 
 169.3,    -1.776869044 
 169.4,    -1.783595705 
 169.5,    -1.787962357 
 169.6,    -1.789890637 
 169.7,    -1.789315992 
 169.8,    -1.786187939 
 169.9,    -1.780470177 
   170,    -1.772140573 
 170.1,    -1.761191007 
 170.2,    -1.747627079 
 170.3,    -1.731467696 
 170.4,    -1.712744528 
 170.5,    -1.691501366 
 170.6,    -1.667793377 
 170.7,    -1.641686273 
 170.8,    -1.613255422 
 170.9,    -1.582584898 
   171,    -1.549766501 
 171.1,    -1.514898757 
 171.2,    -1.478085908 
 171.3,     -1.43943692 
 171.4,    -1.399064503 
 171.5,     -1.35708417 
 171.6,    -1.313613341 
 171.7,    -1.268770489 
 171.8,    -1.222674357 
 171.9,    -1.175443221 
   172,     -1.12719423 
 172.1,    -1.078042807 
 172.2,    -1.028102122 
 172.3,   -0.9774826241 
 172.4,   -0.9262916449 
 172.5,   -0.8746330609 
 172.6,   -0.8226070157 
 172.7,   -0.7703096981 
 172.8,   -0.7178331708 
 172.9,   -0.6652652472 
   173,    -0.612689411 
 173.1,   -0.5601847745 
 173.2,   -0.5078260714 
 173.3,   -0.4556836804 
 173.4,   -0.4038236749 
 173.5,   -0.3523078959 
 173.6,   -0.3011940443 
 173.7,   -0.2505357887 
 173.8,    -0.200382888 
 173.9,   -0.1507813231 
   174,   -0.1017734377 
 174.1,  -0.05339808533 
 174.2, -0.005690779894 
 174.3,   0.04131615051 
 174.4,   0.08759340846 
 174.5,     0.133114573 
 174.6,    0.1778559458 
 174.7,    0.2217963997 
 174.8,    0.2649172298 
 174.9,    0.3072020082 
   175,    0.3486364424 
 175.1,     0.389208238 
 175.2,    0.4289069658 
 175.3,    0.4677239341 
 175.4,    0.5056520652 
 175.5,    0.5426857777 
 175.6,     0.578820873 
 175.7,    0.6140544274 
 175.8,    0.6483846887 
 175.9,    0.6818109782 
   176,     0.714333597 
 176.1,    0.7459537374 
 176.2,    0.7766733981 
 176.3,    0.8064953047 
 176.4,    0.8354228339 
 176.5,    0.8634599419 
 176.6,    0.8906110967 
 176.7,     0.916881214 
 176.8,    0.9422755973 
 176.9,    0.9667998804 
   177,    0.9904599744 
 177.1,     1.013262017 
 177.2,     1.035212324 
 177.3,     1.056317346 
 177.4,     1.076583628 
 177.5,     1.096017763 
 177.6,     1.114626366 
 177.7,     1.132416028 
 177.8,     1.149393292 
 177.9,     1.165564619 
   178,     1.180936358 
 178.1,     1.195514724 
 178.2,     1.209305769 
 178.3,     1.222315361 
 178.4,     1.234549165 
 178.5,     1.246012617 
 178.6,     1.256710912 
 178.7,     1.266648982 
 178.8,     1.275831485 
 178.9,     1.284262787 
   179,     1.291946952 
 179.1,     1.298887727 
 179.2,     1.305088536 
 179.3,     1.310552464 
 179.4,     1.315282255 
 179.5,     1.319280301 
 179.6,     1.322548637 
 179.7,     1.325088934 
 179.8,     1.326902497 
 179.9,      1.32799026 
   180,     1.328352785 
 180.1,      1.32799026 
 180.2,     1.326902496 
 180.3,     1.325088933 
 180.4,     1.322548636 
 180.5,       1.3192803 
 180.6,     1.315282254 
 180.7,     1.310552462 
 180.8,     1.305088534 
 180.9,     1.298887725 
   181,     1.291946949 
 181.1,     1.284262784 
 181.2,     1.275831482 
 181.3,     1.266648979 
 181.4,     1.256710908 
 181.5,     1.246012614 
 181.6,     1.234549161 
 181.7,     1.222315357 
 181.8,     1.209305764 
 181.9,     1.195514719 
   182,     1.180936353 
 182.1,     1.165564614 
 182.2,     1.149393287 
 182.3,     1.132416023 
 182.4,      1.11462636 
 182.5,     1.096017757 
 182.6,     1.076583621 
 182.7,      1.05631734 
 182.8,     1.035212317 
 182.9,      1.01326201 
   183,     0.990459967 
 183.1,    0.9667998727 
 183.2,    0.9422755893 
 183.3,    0.9168812058 
 183.4,    0.8906110881 
 183.5,    0.8634599331 
 183.6,    0.8354228248 
 183.7,    0.8064952953 
 183.8,    0.7766733884 
 183.9,    0.7459537274 
   184,    0.7143335868 
 184.1,    0.6818109676 
 184.2,    0.6483846778 
 184.3,    0.6140544162 
 184.4,    0.5788208615 
 184.5,    0.5426857659 
 184.6,    0.5056520531 
 184.7,    0.4677239216 
 184.8,    0.4289069531 
 184.9,     0.389208225 
   185,     0.348636429 
 185.1,    0.3072019945 
 185.2,    0.2649172158 
 185.3,    0.2217963853 
 185.4,    0.1778559312 
 185.5,     0.133114558 
 185.6,    0.0875933931 
 185.7,    0.0413161348 
 185.8, -0.005690795907 
 185.9,  -0.05339810168 
   186,   -0.1017734545 
 186.1,   -0.1507813401 
 186.2,   -0.2003829054 
 186.3,   -0.2505358064 
 186.4,   -0.3011940622 
 186.5,   -0.3523079143 
 186.6,   -0.4038236935 
 186.7,   -0.4556836993 
 186.8,   -0.5078260906 
 186.9,    -0.560184794 
   187,   -0.6126894309 
 187.1,   -0.6652652673 
 187.2,   -0.7178331911 
 187.3,   -0.7703097187 
 187.4,   -0.8226070366 
 187.5,   -0.8746330819 
 187.6,   -0.9262916662 
 187.7,   -0.9774826457 
 187.8,    -1.028102144 
 187.9,    -1.078042829 
   188,    -1.127194252 
 188.1,    -1.175443243 
 188.2,     -1.22267438 
 188.3,    -1.268770512 
 188.4,    -1.313613363 
 188.5,    -1.357084192 
 188.6,    -1.399064525 
 188.7,    -1.439436943 
 188.8,    -1.478085931 
 188.9,    -1.514898779 
   189,    -1.549766523 
 189.1,     -1.58258492 
 189.2,    -1.613255444 
 189.3,    -1.641686295 
 189.4,    -1.667793398 
 189.5,    -1.691501387 
 189.6,    -1.712744548 
 189.7,    -1.731467716 
 189.8,    -1.747627099 
 189.9,    -1.761191026 
   190,    -1.772140592 
 190.1,    -1.780470195 
 190.2,    -1.786187957 
 190.3,    -1.789316009 
 190.4,    -1.789890653 
 190.5,    -1.787962373 
 190.6,     -1.78359572 
 190.7,    -1.776869059 
 190.8,    -1.767874188 
 190.9,    -1.756715838 
   191,    -1.743511063 
 191.1,    -1.728388534 
 191.2,    -1.711487754 
 191.3,    -1.692958199 
 191.4,    -1.672958421 
 191.5,    -1.651655102 
 191.6,      -1.6292221 
 191.7,    -1.605839484 
 191.8,    -1.581692588 
 191.9,    -1.556971081 
   192,    -1.531868071 
 192.1,    -1.506579265 
 192.2,    -1.481302162 
 192.3,    -1.456235328 
 192.4,    -1.431577717 
 192.5,    -1.407528066 
 192.6,     -1.38428436 
 192.7,    -1.362043364 
 192.8,    -1.341000227 
 192.9,     -1.32134815 
   193,    -1.303278121 
 193.1,     -1.28697871 
 193.2,    -1.272635927 
 193.3,    -1.260433134 
 193.4,       -1.250551 
 193.5,    -1.243167515 
 193.6,     -1.23845804 
 193.7,    -1.236595397 
 193.8,    -1.237749992 
 193.9,    -1.242089974 
   194,    -1.249781417 
 194.1,    -1.260988532 
 194.2,    -1.275873894 
 194.3,    -1.294598692 
 194.4,    -1.317322996 
 194.5,    -1.344206035 
 194.6,     -1.37540649 
 194.7,    -1.411082793 
 194.8,    -1.451393438 
 194.9,    -1.496497299 
   195,    -1.546553949 
 195.1,    -1.601723984 
 195.2,    -1.662169348 
 195.3,    -1.728053661 
 195.4,    -1.799542538 
 195.5,    -1.876803907 
 195.6,    -1.960008315 
 195.7,    -2.049329227 
 195.8,    -2.144943303 
 195.9,    -2.247030649 
   196,    -2.355775048 
 196.1,     -2.47136414 
 196.2,    -2.593989557 
 196.3,    -2.723846986 
 196.4,    -2.861136157 
 196.5,    -3.006060709 
 196.6,    -3.158827933 
 196.7,    -3.319648333 
 196.8,    -3.488734972 
 196.9,     -3.66630254 
   197,    -3.852566078 
 197.1,    -4.047739265 
 197.2,    -4.252032156 
 197.3,    -4.465648234 
 197.4,    -4.688780608 
 197.5,    -4.921607128 
 197.6,    -5.164284174 
 197.7,    -5.416938766 
 197.8,    -5.679658625 
 197.9,    -5.952479682 
   198,    -6.235370472 
 198.1,    -6.528212742 
 198.2,    -6.830777513 
 198.3,    -7.142695761 
 198.4,    -7.463422895 
 198.5,     -7.79219627 
 198.6,    -8.127985287 
 198.7,    -8.469434202 
 198.8,    -8.814798768 
 198.9,    -9.161879514 
   199,    -9.507956899 
 199.1,    -9.849736899 
 199.2,    -10.18331971 
 199.3,    -10.50420846 
 199.4,     -10.8073779 
 199.5,    -11.08742294 
 199.6,    -11.33880085 
 199.7,    -11.55616656 
 199.8,    -11.73477853 
 199.9,    -11.87092654 
   200,    -11.96231202 
 200.1,    -12.00830691 
 200.2,    -12.01003468 
 200.3,    -11.97025525 
 200.4,    -11.89307984 
 200.5,    -11.78357692 
 200.6,    -11.64734407 
 200.7,    -11.49011235 
 200.8,    -11.31742705 
 200.9,    -11.13442323 
   201,    -10.94569312 
 201.1,    -10.75523018 
 201.2,    -10.56642938 
 201.3,    -10.38212427 
 201.4,    -10.20464457 
 201.5,    -10.03588245 
 201.6,    -9.877359478 
 201.7,    -9.730289699 
 201.8,    -9.595636188 
 201.9,    -9.474160329 
   202,    -9.366463758 
 202.1,    -9.273023531 
 202.2,    -9.194221287 
 202.3,    -9.130367252 
 202.4,    -9.081719915 
 202.5,    -9.048502125 
 202.6,    -9.030914274 
 202.7,    -9.029145121 
 202.8,    -9.043380739 
 202.9,    -9.073811984 
   203,    -9.120640786 
 203.1,    -9.184085557 
 203.2,    -9.264385896 
 203.3,    -9.361806789 
 203.4,    -9.476642421 
 203.5,    -9.609219707 
 203.6,    -9.759901608 
 203.7,    -9.929090283 
 203.8,    -10.11723006 
 203.9,    -10.32481024 
   204,    -10.55236753 
 204.1,    -10.80048812 
 204.2,    -11.06980902 
 204.3,    -11.36101821 
 204.4,    -11.67485319 
 204.5,    -12.01209687 
 204.6,    -12.37356955 
 204.7,    -12.76011508 
 204.8,    -13.17257833 
 204.9,    -13.61176996 
   205,    -14.07841245 
 205.1,    -14.57305888 
 205.2,    -15.09597228 
 205.3,    -15.64694862 
 205.4,     -16.2250607 
 205.5,    -16.82829452 
 205.6,    -17.45304672 
 205.7,    -18.09345929 
 205.8,    -18.74059934 
 205.9,    -19.38157206 
   206,    -19.99881126 
 206.1,    -20.57002498 
 206.2,    -21.06948683 
 206.3,    -21.47128046 
 206.4,    -21.75436591 
 206.5,    -21.90798281 
 206.6,    -21.93490903 
 206.7,     -21.8507646 
 206.8,    -21.67976793 
 206.9,    -21.44920366 
   207,    -21.18488294 
 207.1,    -20.90860063 
 207.2,    -20.63738746 
 207.3,     -20.3838654 
 207.4,    -20.15707203 
 207.5,    -19.96336037 
 207.6,    -19.80719227 
 207.7,    -19.69177203 
 207.8,    -19.61952803 
 207.9,    -19.59247157 
   208,     -19.6124656 
 208.1,    -19.68143182 
 208.2,    -19.80151901 
 208.3,    -19.97525072 
 208.4,    -20.20566606 
 208.5,    -20.49646418 
 208.6,    -20.85215933 
 208.7,    -21.27824765 
 208.8,    -21.78137366 
 208.9,    -22.36945514 
   209,    -23.05165313 
 209.1,    -23.83790133 
 209.2,    -24.73729044 
 209.3,     -25.7536028 
 209.4,    -26.87406479 
 209.5,    -28.04359189 
 209.6,    -29.11720607 
 209.7,    -29.81964865 
 209.8,    -29.84304292 
 209.9,    -29.12847295 
   210,    -27.93499511 
 210.1,    -26.57033565 
 210.2,     -25.2197317 
 210.3,    -23.96081037 
 210.4,    -22.81590529 
 210.5,    -21.78454957 
 210.6,    -20.85835908 
 210.7,     -20.0270978 
 210.8,     -19.2809517 
 210.9,    -18.61126138 
   211,    -18.01065305 
 211.1,    -17.47295162 
 211.2,    -16.99303005 
 211.3,    -16.56665489 
 211.4,    -16.19034896 
 211.5,    -15.86127662 
 211.6,      -15.577151 
 211.7,     -15.3361606 
 211.8,    -15.13691249 
 211.9,    -14.97838943 
   212,     -14.8599189 
 212.1,    -14.78115234 
 212.2,    -14.74205359 
 212.3,    -14.74289563 
 212.4,    -14.78426539 
 212.5,    -14.86707627 
 212.6,    -14.99258858 
 212.7,    -15.16243771 
 212.8,    -15.37866976 
 212.9,    -15.64378342 
   213,     -15.9607747 
 213.1,    -16.33317672 
 213.2,    -16.76507798 
 213.3,    -17.26108372 
 213.4,    -17.82614832 
 213.5,    -18.46513074 
 213.6,    -19.18177335 
 213.7,    -19.97650689 
 213.8,    -20.84194882 
 213.9,      -21.754216 
   214,    -22.65808741 
 214.1,    -23.44848156 
 214.2,    -23.96746781 
 214.3,    -24.05664903 
 214.4,    -23.66250568 
 214.5,    -22.88189126 
 214.6,    -21.88316561 
 214.7,    -20.80997149 
 214.8,    -19.75010964 
 214.9,    -18.74704101 
   215,    -17.81821345 
 215.1,    -16.96787178 
 215.2,    -16.19419662 
 215.3,     -15.4929205 
 215.4,    -14.85906517 
 215.5,    -14.28773608 
 215.6,    -13.77445692 
 215.7,    -13.31528497 
 215.8,    -12.90682563 
 215.9,    -12.54620376 
   216,    -12.23101972 
 216.1,    -11.95930351 
 216.2,    -11.72947257 
 216.3,    -11.54029601 
 216.4,    -11.39086578 
 216.5,    -11.28057477 
 216.6,    -11.20910173 
 216.7,     -11.1764025 
 216.8,    -11.18270731 
 216.9,      -11.228524 
   217,    -11.31464686 
 217.1,    -11.44217098 
 217.2,    -11.61251166 
 217.3,    -11.82742788 
 217.4,    -12.08904779 
 217.5,    -12.39989207 
 217.6,    -12.76288638 
 217.7,     -13.1813463 
 217.8,    -13.65890239 
 217.9,    -14.19930284 
   218,    -14.80597474 
 218.1,    -15.48111759 
 218.2,    -16.22390998 
 218.3,    -17.02709482 
 218.4,    -17.87083323 
 218.5,      -18.712813 
 218.6,    -19.47610509 
 218.7,    -20.04485322 
 218.8,    -20.29005202 
 218.9,    -20.13481181 
   219,    -19.60865967 
 219.1,     -18.8254857 
 219.2,    -17.91338384 
 219.3,    -16.96847088 
 219.4,     -16.0480935 
 219.5,    -15.18134556 
 219.6,    -14.38055139 
 219.7,    -13.64911658 
 219.8,    -12.98607869 
 219.9,    -12.38855262 
   220,    -11.85298889 
 220.1,    -11.37579727 
 220.2,    -10.95363978 
 220.3,    -10.58355474 
 220.4,    -10.26299679 
 220.5,    -9.989836886 
 220.6,    -9.762345534 
 220.7,    -9.579170935 
 220.8,    -9.439318269 
 220.9,    -9.342133142 
   221,    -9.287290834 
 221.1,    -9.274792217 
 221.2,    -9.304967004 
 221.3,    -9.378484959 
 221.4,    -9.496375809 
 221.5,    -9.660058827 
 221.6,    -9.871383195 
 221.7,    -10.13268037 
 221.8,    -10.44682935 
 221.9,    -10.81733478 
   222,    -11.24841478 
 222.1,    -11.74508888 
 222.2,    -12.31324075 
 222.3,    -12.95959637 
 222.4,    -13.69148156 
 222.5,    -14.51605352 
 222.6,    -15.43832617 
 222.7,    -16.45651436 
 222.8,     -17.5517351 
 222.9,    -18.66742008 
   223,    -19.67726263 
 223.1,    -20.36734826 
 223.2,    -20.51021746 
 223.3,    -20.04474995 
 223.4,    -19.13844691 
 223.5,    -18.03032371 
 223.6,     -16.8915204 
 223.7,    -15.80906048 
 223.8,    -14.81732386 
 223.9,    -13.92498289 
   224,    -13.12978512 
 224.1,    -12.42551743 
 224.2,    -11.80505403 
 224.3,    -11.26160514 
 224.4,    -10.78916937 
 224.5,    -10.38264532 
 224.6,    -10.03780574 
 224.7,    -9.751224403 
 224.8,    -9.520194749 
 224.9,    -9.342656594 
   225,    -9.217137076 
 225.1,     -9.14270773 
 225.2,     -9.11895803 
 225.3,    -9.145985474 
 225.4,    -9.224402583 
 225.5,    -9.355361903 
 225.6,    -9.540601018 
 225.7,     -9.78251073 
 225.8,    -10.08423087 
 225.9,    -10.44977962 
   226,    -10.88422337 
 226.1,    -11.39389353 
 226.2,    -11.98665207 
 226.3,    -12.67218912 
 226.4,    -13.46228291 
 226.5,    -14.37080277 
 226.6,    -15.41282468 
 226.7,     -16.6010997 
 226.8,    -17.93509521 
 226.9,    -19.37074311 
   227,    -20.75064043 
 227.1,    -21.71400245 
 227.2,    -21.81040104 
 227.3,    -20.97880187 
 227.4,    -19.63174062 
 227.5,    -18.17237736 
 227.6,    -16.79483088 
 227.7,    -15.55962343 
 227.8,    -14.47306885 
 227.9,    -13.52405787 
   228,    -12.69774134 
 228.1,    -11.98006447 
 228.2,    -11.35900183 
 228.3,    -10.82466917 
 228.4,    -10.36909509 
 228.5,     -9.98592772 
 228.6,    -9.670166286 
 228.7,    -9.417941675 
 228.8,      -9.2263471 
 228.9,    -9.093313504 
   229,    -9.017523573 
 229.1,    -8.998359569 
 229.2,    -9.035882117 
 229.3,    -9.130839328 
 229.4,     -9.28470816 
 229.5,    -9.499772926 
 229.6,    -9.779249959 
 229.7,    -10.12747319 
 229.8,    -10.55016424 
 229.9,    -11.05482471 
   230,    -11.65131179 
 230.1,    -12.35269843 
 230.2,    -13.17659106 
 230.3,    -14.14720872 
 230.4,    -15.29877235 
 230.5,    -16.68119905 
 230.6,    -18.36976668 
 230.7,    -20.48010863 
 230.8,    -23.17536812 
 230.9,    -26.49490141 
   231,    -28.86691971 
 231.1,    -26.99275818 
 231.2,    -23.65451487 
 231.3,     -20.8851385 
 231.4,    -18.72484644 
 231.5,    -17.00769043 
 231.6,    -15.61121817 
 231.7,    -14.45568375 
 231.8,    -13.48852461 
 231.9,    -12.67397572 
   232,    -11.98693447 
 232.1,    -11.40932425 
 232.2,    -10.92787732 
 232.3,    -10.53273999 
 232.4,    -10.21657069 
 232.5,    -9.973944424 
 232.6,    -9.800955703 
 232.7,    -9.694955497 
 232.8,    -9.654383843 
 232.9,    -9.678675518 
   233,    -9.768226828 
 233.1,    -9.924419648 
 233.2,    -10.14970611 
 233.3,    -10.44776547 
 233.4,    -10.82375548 
 233.5,     -11.2846975 
 233.6,    -11.84006195 
 233.7,    -12.50267048 
 233.8,    -13.29012456 
 233.9,    -14.22715816 
   234,    -15.34971902 
 234.1,    -16.71254398 
 234.2,     -18.4045314 
 234.3,    -20.58397991 
 234.4,    -23.57494741 
 234.5,    -28.21491384 
 234.6,    -37.60613652 
 234.7,    -33.81006114 
 234.8,    -26.54277302 
 234.9,    -22.58897067 
   235,    -19.92210159 
 235.1,    -17.93808796 
 235.2,    -16.38209701 
 235.3,    -15.12332138 
 235.4,    -14.08595043 
 235.5,    -13.22230626 
 235.6,    -12.50062235 
 235.7,     -11.8988367 
 235.8,    -11.40117194 
 235.9,    -10.99613048 
   236,    -10.67526243 
 236.1,     -10.4323819 
 236.2,     -10.2630581 
 236.3,    -10.16428355 
 236.4,    -10.13426377 
 236.5,    -10.17229569 
 236.6,    -10.27871742 
 236.7,    -10.45492202 
 236.8,    -10.70343606 
 236.9,    -11.02807263 
   237,    -11.43417815 
 237.1,    -11.92900687 
 237.2,     -12.5222788 
 237.3,    -13.22701107 
 237.4,    -14.06076889 
 237.5,    -15.04756772 
 237.6,    -16.22076703 
 237.7,    -17.62729653 
 237.8,    -19.33260625 
 237.9,    -21.41886098 
   238,    -23.92666696 
 238.1,    -26.47796029 
 238.2,    -27.32157744 
 238.3,    -25.45575695 
 238.4,     -22.8583448 
 238.5,    -20.58148496 
 238.6,    -18.72389035 
 238.7,    -17.20981365 
 238.8,    -15.96309756 
 238.9,     -14.9272382 
   239,    -14.06211106 
 239.1,    -13.33909708 
 239.2,    -12.73748038 
 239.3,    -12.24204846 
 239.4,    -11.84151867 
 239.5,    -11.52749901 
 239.6,    -11.29379424 
 239.7,    -11.13593917 
 239.8,    -11.05088641 
 239.9,    -11.03680313 
   240,     -11.0929493 
 240.1,    -11.21962092 
 240.2,    -11.41814966 
 240.3,    -11.69095604 
 240.4,    -12.04165735 
 240.5,    -12.47523418 
 240.6,    -12.99825848 
 240.7,    -13.61917678 
 240.8,    -14.34860915 
 240.9,    -15.19952731 
   241,    -16.18690194 
 241.1,    -17.32564369 
 241.2,    -18.62354675 
 241.3,    -20.06046829 
 241.4,    -21.53458206 
 241.5,    -22.76351899 
 241.6,    -23.27074092 
 241.7,    -22.77845522 
 241.8,    -21.57997527 
 241.9,    -20.14899124 
   242,    -18.76043531 
 242.1,    -17.51203014 
 242.2,    -16.42230658 
 242.3,     -15.4828966 
 242.4,    -14.67866893 
 242.5,    -13.99452441 
 242.6,    -13.41735873 
 242.7,    -12.93637705 
 242.8,    -12.54289637 
 242.9,    -12.23003089 
   243,    -11.99239058 
 243.1,    -11.82582876 
 243.2,    -11.72724197 
 243.3,    -11.69441497 
 243.4,    -11.72590139 
 243.5,    -11.82092977 
 243.6,    -11.97932472 
 243.7,    -12.20143055 
 243.8,    -12.48802043 
 243.9,    -12.84016478 
   244,    -13.25901615 
 244.1,    -13.74543791 
 244.2,    -14.29935379 
 244.3,    -14.91861386 
 244.4,    -15.59705662 
 244.5,    -16.32133368 
 244.6,    -17.06612893 
 244.7,    -17.78817562 
 244.8,    -18.42194212 
 244.9,    -18.88425693 
   245,    -19.09652094 
 245.1,    -19.02025288 
 245.2,    -18.67908569 
 245.3,     -18.1448161 
 245.4,     -17.5021043 
 245.5,    -16.82163377 
 245.6,    -16.15174398 
 245.7,    -15.52137687 
 245.8,    -14.94605504 
 245.9,    -14.43305041 
   246,     -13.9849278 
 246.1,    -13.60173662 
 246.2,     -13.2822967 
 246.3,    -13.02492917 
 246.4,    -12.82786154 
 246.5,    -12.68944514 
 246.6,    -12.60826532 
 246.7,    -12.58318977 
 246.8,    -12.61337949 
 246.9,     -12.6982742 
   247,    -12.83755551 
 247.1,    -13.03108394 
 247.2,    -13.27879903 
 247.3,    -13.58056258 
 247.4,    -13.93591244 
 247.5,    -14.34367644 
 247.6,    -14.80137153 
 247.7,    -15.30428584 
 247.8,    -15.84412382 
 247.9,    -16.40713151 
   248,    -16.97180711 
 248.1,    -17.50680919 
 248.2,    -17.97061528 
 248.3,     -18.3154508 
 248.4,    -18.49741056 
 248.5,    -18.49060755 
 248.6,     -18.2975297 
 248.7,     -17.9479258 
 248.8,    -17.48710811 
 248.9,    -16.96207275 
   249,    -16.41245957 
 249.1,    -15.86755485 
 249.2,    -15.34709605 
 249.3,    -14.86347592 
 249.4,    -14.42398194 
 249.5,    -14.03257722 
 249.6,    -13.69116758 
 249.7,    -13.40045129 
 249.8,    -13.16047011 
 249.9,    -12.97095893 
   250,    -12.83156389 
 250.1,    -12.74197562 
 250.2,    -12.70200696 
 250.3,    -12.71163294 
 250.4,    -12.77100235 
 250.5,    -12.88042342 
 250.6,    -13.04032064 
 250.7,    -13.25115261 
 250.8,    -13.51327251 
 250.9,    -13.82670053 
   251,    -14.19076017 
 251.1,    -14.60350674 
 251.2,    -15.06084902 
 251.3,    -15.55524644 
 251.4,    -16.07389355 
 251.5,    -16.59647302 
 251.6,    -17.09302752 
 251.7,    -17.52339772 
 251.8,    -17.84066645 
 251.9,    -18.00067408 
   252,    -17.97594257 
 252.1,    -17.76665478 
 252.2,    -17.40069766 
 252.3,    -16.92273691 
 252.4,    -16.38028814 
 252.5,     -15.8141672 
 252.6,    -15.25501781 
 252.7,    -14.72386335 
 252.8,    -14.23423893 
 252.9,    -13.79444986 
   253,    -13.40940218 
 253.1,    -13.08192282 
 253.2,    -12.81365763 
 253.3,    -12.60566583 
 253.4,    -12.45881098 
 253.5,    -12.37402154 
 253.6,    -12.35247026 
 253.7,    -12.39570455 
 253.8,    -12.50574676 
 253.9,     -12.6851736 
   254,    -12.93717323 
 254.1,    -13.26556404 
 254.2,    -13.67473388 
 254.3,     -14.1694095 
 254.4,    -14.75406755 
 254.5,    -15.43160188 
 254.6,    -16.20048077 
 254.7,     -17.0489699 
 254.8,    -17.94423143 
 254.9,    -18.81484185 
   255,    -19.53328466 
 255.1,    -19.92750553 
 255.2,    -19.86057738 
 255.3,    -19.33526144 
 255.4,    -18.49176986 
 255.5,    -17.50199231 
 255.6,    -16.49203185 
 255.7,    -15.53225831 
 255.8,    -14.65511365 
 255.9,    -13.87242404 
   256,    -13.18611916 
 256.1,    -12.59390461 
 256.2,    -12.09206128 
 256.3,    -11.67677265 
 256.4,    -11.34473273 
 256.5,    -11.09341439 
 256.6,    -10.92118625 
 256.7,      -10.827372 
 256.8,    -10.81230003 
 256.9,    -10.87737008 
   257,    -11.02515353 
 257.1,    -11.25954021 
 257.2,    -11.58594213 
 257.3,    -12.01155953 
 257.4,    -12.54569784 
 257.5,     -13.2000733 
 257.6,    -13.98889674 
 257.7,    -14.92810468 
 257.8,    -16.03191625 
 257.9,    -17.30159669 
   258,    -18.69319436 
 258.1,    -20.04026442 
 258.2,    -20.95109285 
 258.3,    -20.94215508 
 258.4,    -19.98080855 
 258.5,    -18.53205453 
 258.6,    -17.01131911 
 258.7,    -15.60417687 
 258.8,    -14.36287756 
 258.9,    -13.28914023 
   259,    -12.36979676 
 259.1,    -11.58937487 
 259.2,    -10.93402897 
 259.3,    -10.39248811 
 259.4,    -9.956048592 
 259.5,    -9.618316889 
 259.6,    -9.374943192 
 259.7,    -9.223422722 
 259.8,    -9.162988434 
 259.9,    -9.194604816 
   260,    -9.321075023 
 260.1,    -9.547284768 
 260.2,    -9.880626012 
 260.3,    -10.33167502 
 260.4,    -10.91525115 
 260.5,      -11.652068 
 260.6,    -12.57132261 
 260.7,    -13.71473243 
 260.8,      -15.142433 
 260.9,    -16.93875968 
   261,     -19.1979117 
 261.1,    -21.85156234 
 261.2,    -23.77398177 
 261.3,    -22.70729403 
 261.4,    -19.90049809 
 261.5,    -17.24661815 
 261.6,     -15.0721208 
 261.7,    -13.30681613 
 261.8,    -11.85754673 
 261.9,     -10.6548078 
   262,    -9.650270841 
 262.1,    -8.810342603 
 262.2,     -8.11138862 
 262.3,    -7.536631822 
 262.4,     -7.07418374 
 262.5,    -6.715796084 
 262.6,    -6.456075661 
 262.7,    -6.292011075 
 262.8,    -6.222726099 
 262.9,    -6.249418368 
   263,    -6.375474972 
 263.1,     -6.60678825 
 263.2,     -6.95233479 
 263.3,    -7.425142417 
 263.4,     -8.04387977 
 263.5,    -8.835515852 
 263.6,    -9.839939058 
 263.7,    -11.11840163 
 263.8,    -12.76990512 
 263.9,    -14.96449743 
   264,    -18.00349619 
 264.1,    -22.20413832 
 264.2,    -24.48099227 
 264.3,    -20.29006207 
 264.4,    -16.20197926 
 264.5,    -13.21704179 
 264.6,    -10.95229906 
 264.7,    -9.159870651 
 264.8,    -7.699868056 
 264.9,    -6.489085593 
   265,    -5.475049707 
 265.1,    -4.623108932 
 265.2,    -3.909643893 
 265.3,    -3.318287606 
 265.4,    -2.837725334 
 265.5,    -2.460379875 
 265.6,    -2.181629378 
 265.7,    -1.999374066 
 265.8,    -1.913860042 
 265.9,    -1.927725716 
   266,    -2.046281819 
 266.1,    -2.278085943 
 266.2,    -2.635946181 
 266.3,    -3.138619986 
 266.4,    -3.813739393 
 266.5,    -4.703082392 
 266.6,    -5.872759566 
 266.7,    -7.434932778 
 266.8,    -9.601043795 
 266.9,    -12.84235327 
   267,    -18.55656714 
 267.1,     -26.6871686 
 267.2,    -16.33920528 
 267.3,     -10.7723091 
 267.4,    -7.218821656 
 267.5,    -4.598505667 
 267.6,    -2.518682893 
 267.7,   -0.7946300766 
 267.8,    0.6750786538 
 267.9,     1.952099561 
   268,     3.076712114 
 268.1,     4.076679129 
 268.2,     4.971943585 
 268.3,     5.777307306 
 268.4,     6.504049496 
 268.5,     7.160951543 
 268.6,     7.754971453 
 268.7,     8.291702311 
 268.8,     8.775692611 
 268.9,     9.210675357 
   269,     9.599735227 
 269.1,     9.945432615 
 269.2,       10.249897 
 269.3,     10.51489798 
 269.4,     10.74189981 
 269.5,     10.93210343 
 269.6,     11.08647881 
 269.7,     11.20578983 
 269.8,     11.29061289 
 269.9,     11.34135055 
   270,     11.35824079 
 270.1,     11.34136233 
 270.2,     11.29063644 
 270.3,     11.20582514 
 270.4,     11.08652586 
 270.5,     10.93216218 
 270.6,     10.74197024 
 270.7,     10.51498003 
 270.8,     10.24999061 
 270.9,     9.945537711 
   271,     9.599851722 
 271.1,     9.210803142 
 271.2,     8.775831554 
 271.3,     8.291852249 
 271.4,     7.755132189 
 271.5,      7.16112283 
 271.6,     6.504231026 
 271.7,     5.777498691 
 271.8,     4.972144325 
 271.9,     4.076888571 
   272,     3.076929385 
 272.1,     1.952323458 
 272.2,    0.6753074622 
 272.3,   -0.7943989131 
 272.4,    -2.518453424 
 272.5,    -4.598284864 
 272.6,    -7.218623045 
 272.7,     -10.7721644 
 272.8,    -16.33921748 
 272.9,    -26.68724248 
   273,    -18.55574968 
 273.1,    -12.84171993 
 273.2,    -9.600472568 
 273.3,    -7.434387091 
 273.4,    -5.872224393 
 273.5,    -4.702550219 
 273.6,    -3.813205986 
 273.7,    -3.138082776 
 273.8,     -2.63540354 
 273.9,    -2.277536834 
   274,    -2.045725602 
 274.1,    -1.927162046 
 274.2,    -1.913288812 
 274.3,    -1.998795382 
 274.4,     -2.18104356 
 274.5,    -2.459787471 
 274.6,    -2.837127167 
 274.7,    -3.317684842 
 274.8,    -3.909038154 
 274.9,    -4.622502484 
   275,    -5.474445765 
 275.1,     -6.48848884 
 275.2,    -7.699285594 
 275.3,    -9.159313855 
 275.4,    -10.95178756 
 275.5,    -13.21661302 
 275.6,     -16.2017145 
 275.7,    -20.29014805 
 275.8,    -24.48125299 
 275.9,    -22.20318288 
   276,     -18.0023138 
 276.1,    -14.96333019 
 276.2,    -12.76876553 
 276.3,    -11.11728162 
 276.4,    -9.838830964 
 276.5,    -8.834414122 
 276.6,    -8.042780554 
 276.7,    -7.424043076 
 276.8,    -6.951233556 
 276.9,    -6.605684008 
   277,    -6.374367128 
 277.1,    -6.248306783 
 277.2,    -6.221611051 
 277.3,    -6.290893282 
 277.4,    -6.454956325 
 277.5,    -6.714676986 
 277.6,    -7.073067401 
 277.7,    -7.535521752 
 277.8,    -8.110289713 
 277.9,    -8.809261781 
   278,    -9.649218133 
 278.1,    -10.65379825 
 278.2,    -11.85660393 
 278.3,    -13.30597927 
 278.4,    -15.07145958 
 278.5,    -17.24626566 
 278.6,    -19.90070988 
 278.7,    -22.70833613 
 278.8,    -23.77483318 
 278.9,    -21.85099786 
   279,    -19.19660178 
 279.1,    -16.93717766 
 279.2,     -15.1407451 
 279.3,    -13.71299808 
 279.4,    -12.56956528 
 279.5,    -11.65029789 
 279.6,    -10.91347316 
 279.7,    -10.32989188 
 279.8,    -9.878839634 
 279.9,    -9.545496859 
   280,    -9.319287458 
 280.1,    -9.192819874 
 280.2,    -9.161208999 
 280.3,    -9.221652511 
 280.4,    -9.373187031 
 280.5,    -9.616581103 
 280.6,    -9.954341557 
 280.7,    -10.39082107 
 280.8,    -10.93241727 
 280.9,    -11.58783992 
   281,    -12.36836913 
 281.1,    -13.28786468 
 281.2,    -14.36182128 
 281.3,    -15.60344218 
 281.4,      -17.011059 
 281.5,    -18.53247049 
 281.6,    -19.98204173 
 281.7,    -20.94392627 
 281.8,    -20.95251499 
 281.9,    -20.04067553 
   282,    -18.69264575 
 282.1,    -17.30038942 
 282.2,    -16.03029617 
 282.3,    -14.92622744 
 282.4,     -13.9868565 
 282.5,    -13.19792816 
 282.6,    -12.54348536 
 282.7,    -12.00930544 
 282.8,    -11.58366536 
 282.9,    -11.25725578 
   283,     -11.0228744 
 283.1,    -10.87510837 
 283.2,    -10.81006788 
 283.3,    -10.82518235 
 283.4,    -10.91905358 
 283.5,    -11.09135542 
 283.6,    -11.34276743 
 283.7,    -11.67492534 
 283.8,     -12.0903622 
 283.9,    -12.59239191 
   284,    -13.18484158 
 284.1,    -13.87144433 
 284.2,    -14.65451233 
 284.3,     -15.5321363 
 284.4,     -16.4925072 
 284.5,    -17.50317827 
 284.6,    -18.49370924 
 284.7,    -19.33779633 
 284.8,     -19.8632242 
 284.9,    -19.92956798 
   285,    -19.53425442 
 285.1,    -18.81463713 
 285.2,    -17.94305718 
 285.3,    -17.04709771 
 285.4,    -16.19814124 
 285.5,    -15.42896441 
 285.6,     -14.7512511 
 285.7,    -14.16649775 
 285.8,    -13.67178731 
 285.9,    -13.26262833 
   286,    -12.93428482 
 286.1,    -12.68236341 
 286.2,    -12.50304267 
 286.3,    -12.39313319 
 286.4,    -12.35005828 
 286.5,    -12.37179665 
 286.6,    -12.45680282 
 286.7,    -12.60390665 
 286.8,    -12.81218297 
 286.9,     -13.0807719 
   287,    -13.40861808 
 287.1,    -13.79407902 
 287.2,     -14.2343295 
 287.3,    -14.72446143 
 287.4,    -15.25616007 
 287.5,    -15.81586781 
 287.6,    -16.38251816 
 287.7,    -16.92539661 
 287.8,    -17.40358974 
 287.9,    -17.76947822 
   288,    -17.97833304 
 288.1,    -18.00229523 
 288.2,    -17.84130949 
 288.3,    -17.52302657 
 288.4,    -17.09175007 
 288.5,    -16.59447468 
 288.6,    -16.07137715 
 288.7,    -15.55239708 
 288.8,    -15.05782073 
 288.9,    -14.60042184 
   289,    -14.18771381 
 289.1,    -13.82376649 
 289.2,    -13.51050843 
 289.3,    -13.24860426 
 289.4,    -13.03802511 
 289.5,     -12.8784115 
 289.6,    -12.76930027 
 289.7,    -12.71026357 
 289.8,    -12.70099061 
 289.9,    -12.74133059 
   290,    -12.83130673 
 290.1,    -12.97110441 
 290.2,    -13.16103092 
 290.3,    -13.40143728 
 290.4,     -13.6925845 
 290.5,    -14.03442457 
 290.6,    -14.42624956 
 290.7,    -14.86613881 
 290.8,     -15.3501066 
 290.9,    -15.87083186 
   291,    -16.41587399 
 291.1,    -16.96543242 
 291.2,    -17.49014839 
 291.3,    -17.95032074 
 291.4,    -18.29894204 
 291.5,    -18.49078186 
 291.6,    -18.49627359 
 291.7,    -18.31315153 
 291.8,     -17.9674694 
 291.9,    -17.50318929 
   292,    -16.96804896 
 292.1,    -16.40348999 
 292.2,    -15.84076978 
 292.3,    -15.30132218 
 292.4,    -14.79885293 
 292.5,    -14.34162595 
 292.6,    -13.93433356 
 292.7,    -13.57944723 
 292.8,     -13.2781327 
 292.9,    -13.03084882 
   293,    -12.83773235 
 293.1,    -12.69884337 
 293.2,    -12.61432147 
 293.3,    -12.58448532 
 293.4,    -12.60989536 
 293.5,    -12.69139044 
 293.6,    -12.83010214 
 293.7,    -13.02744344 
 293.8,    -13.28506005 
 293.9,    -13.60471951 
   294,    -13.98809281 
 294.1,    -14.43634787 
 294.2,    -14.94941659 
 294.3,    -15.52470618 
 294.4,    -16.15490422 
 294.5,    -16.82443329 
 294.6,    -17.50428686 
 294.7,    -18.14607303 
 294.8,    -18.67911983 
 294.9,    -19.01891151 
   295,    -19.09393884 
 295.1,    -18.88086723 
 295.2,    -18.41830114 
 295.3,    -17.78475107 
 295.4,     -17.0632059 
 295.5,    -16.31903505 
 295.6,    -15.59540216 
 295.7,    -14.91757078 
 295.8,    -14.29886816 
 295.9,     -13.7454511 
   296,    -13.25947239 
 296.1,    -12.84101399 
 296.2,    -12.48921892 
 296.3,    -12.20294069 
 296.4,    -11.98111421 
 296.5,    -11.82297092 
 296.6,    -11.72817032 
 296.7,    -11.69689096 
 296.8,    -11.72990684 
 296.9,    -11.82866631 
   297,    -11.99538601 
 297.1,    -12.23317016 
 297.2,    -12.54616548 
 297.3,    -12.93976097 
 297.4,    -13.42083985 
 297.5,    -13.99808001 
 297.6,     -14.6822669 
 297.7,    -15.48648772 
 297.8,    -16.42581027 
 297.9,    -17.51530733 
   298,    -18.76323717 
 298.1,    -20.15087159 
 298.2,    -21.58020325 
 298.3,    -22.77621942 
 298.4,    -23.26619738 
 298.5,    -22.75845344 
 298.6,    -21.53062857 
 298.7,    -20.05801805 
 298.8,    -18.62237653 
 298.9,    -17.32544311 
   299,    -16.18742125 
 299.1,    -15.20058717 
 299.2,     -14.3500833 
 299.3,    -13.62097546 
 299.4,    -13.00031656 
 299.5,    -12.47750332 
 299.6,    -12.04410083 
 299.7,    -11.69354534 
 299.8,    -11.42086214 
 299.9,    -11.22243823 
   300,    -11.09585625 
 300.1,    -11.03978684 
 300.2,    -11.05393572 
 300.3,    -11.13904409 
 300.4,    -11.29694551 
 300.5,    -11.53068768 
 300.6,    -11.84473561 
 300.7,    -12.24528377 
 300.8,    -12.74072251 
 300.9,    -13.34233154 
   301,    -14.06531816 
 301.1,    -14.93038912 
 301.2,    -15.96614664 
 301.3,     -17.2126825 
 301.4,    -18.72643202 
 301.5,    -20.58339604 
 301.6,    -22.85894263 
 301.7,     -25.4535827 
 301.8,    -27.31579041 
 301.9,    -26.47340226 
   302,    -23.92550469 
 302.1,    -21.41967042 
 302.2,    -19.33441596 
 302.3,    -17.62965032 
 302.4,    -16.22344276 
 302.5,    -15.05044753 
 302.6,    -14.06378496 
 302.7,    -13.23012154 
 302.8,    -12.52545624 
 302.9,    -11.93223239 
   303,    -11.43743808 
 303.1,    -11.03135669 
 303.2,    -10.70673618 
 303.3,     -10.4582316 
 303.4,    -10.28203088 
 303.5,    -10.17560807 
 303.6,    -10.13757053 
 303.7,    -10.16758034 
 303.8,    -10.26634057 
 303.9,    -10.43564556 
   304,    -10.67850244 
 304.1,    -10.99934145 
 304.2,    -11.40434764 
 304.3,    -11.90196968 
 304.4,    -12.50370339 
 304.5,    -13.22532351 
 304.6,    -14.08888807 
 304.7,    -15.12615732 
 304.8,    -16.38479868 
 304.9,    -17.94060409 
   305,    -19.92434408 
 305.1,    -22.59076902 
 305.2,    -26.54374246 
 305.3,    -33.80970926 
 305.4,    -37.62428115 
 305.5,    -28.22284647 
 305.6,    -23.58088498 
 305.7,    -20.58913274 
 305.8,    -18.40926319 
 305.9,    -16.71700932 
   306,    -15.35399713 
 306.1,    -14.23129461 
 306.2,    -13.29414762 
 306.3,     -12.5065986 
 306.4,    -11.84390757 
 306.5,    -11.28846912 
 306.6,    -10.82745889 
 306.7,     -10.4514045 
 306.8,    -10.15328308 
 306.9,    -9.927935622 
   307,    -9.771681841 
 307.1,    -9.682068637 
 307.2,    -9.657713189 
 307.3,    -9.698218216 
 307.4,    -9.804147872 
 307.5,    -9.977060886 
 307.6,    -10.21960481 
 307.7,     -10.5356833 
 307.8,    -10.93071897 
 307.9,    -11.41205028 
   308,     -11.9895266 
 308.1,    -12.67640963 
 308.2,    -13.49076713 
 308.3,    -14.45768829 
 308.4,    -15.61291686 
 308.5,     -17.0089801 
 308.6,    -18.72556303 
 308.7,    -20.88501436 
 308.8,    -23.65316994 
 308.9,     -26.9904909 
   309,    -28.86909366 
 309.1,    -26.50209884 
 309.2,    -23.18265345 
 309.3,    -20.48671382 
 309.4,    -18.37579235 
 309.5,    -16.68678739 
 309.6,    -15.30402703 
 309.7,    -14.15220074 
 309.8,    -13.18136939 
 309.9,    -12.35729759 
   310,    -11.65575656 
 310.1,    -11.05913315 
 310.2,    -10.55434959 
 310.3,    -10.13154511 
 310.4,    -9.783215386 
 310.5,    -9.503636597 
 310.6,    -9.288472992 
 310.7,    -9.134506644 
 310.8,    -9.039451781 
 310.9,    -9.001830033 
   311,    -9.020891852 
 311.1,    -9.096575076 
 311.2,    -9.229495725 
 311.3,    -9.420969114 
 311.4,    -9.673061896 
 311.5,    -9.988677879 
 311.6,    -10.37168239 
 311.7,    -10.82707128 
 311.8,    -11.36118988 
 311.9,    -11.98200069 
   312,    -12.69937577 
 312.1,    -13.52532349 
 312.2,    -14.47387495 
 312.3,    -15.55984753 
 312.4,    -16.79431326 
 312.5,    -18.17093696 
 312.6,    -19.62927698 
 312.7,    -20.97562835 
 312.8,    -21.80774137 
 312.9,     -21.7134658 
   313,    -20.75254826 
 313.1,    -19.37428592 
 313.2,    -17.93947313 
 313.3,    -16.60584134 
 313.4,    -15.41769052 
 313.5,    -14.37567558 
 313.6,     -13.4671057 
 313.7,    -12.67693443 
 313.8,    -11.99130708 
 313.9,    -11.39845265 
   314,    -10.88868451 
 314.1,    -10.45414224 
 314.2,    -10.08849491 
 314.3,    -9.786676065 
 314.4,    -9.544667083 
 314.5,    -9.359327496 
 314.6,    -9.228265704 
 314.7,    -9.149743185 
 314.8,    -9.122606315 
 314.9,     -9.14624133 
   315,    -9.220549285 
 315.1,    -9.345938997 
 315.2,    -9.523336888 
 315.3,    -9.754213341 
 315.4,    -10.04062548 
 315.5,    -10.38527603 
 315.6,     -10.7915864 
 315.7,    -11.26377763 
 315.8,    -11.80694314 
 315.9,    -12.42707401 
   316,    -13.13094678 
 316.1,    -13.92567072 
 316.2,    -14.81743997 
 316.3,    -15.80849008 
 316.4,    -16.89014918 
 316.5,    -18.02809665 
 316.6,    -19.13551499 
 316.7,    -20.04171052 
 316.8,    -20.50818089 
 316.9,    -20.36734491 
   317,    -19.67947351 
 317.1,     -18.6713166 
 317.2,    -17.55667548 
 317.3,    -16.46202858 
 317.4,    -15.44412663 
 317.5,    -14.52197587 
 317.6,    -13.69743422 
 317.7,    -12.96552898 
 317.8,    -12.31912611 
 317.9,    -11.75091281 
   318,     -11.2541705 
 318.1,    -10.82301967 
 318.2,     -10.4524431 
 318.3,    -10.13822387 
 318.4,    -9.876857915 
 318.5,    -9.665466381 
 318.6,    -9.501717726 
 318.7,    -9.383762502 
 318.8,    -9.310181049 
 318.9,    -9.279943145 
   319,    -9.292378426 
 319.1,    -9.347156463 
 319.2,    -9.444275519 
 319.3,    -9.584059265 
 319.4,    -9.767160795 
 319.5,    -9.994573297 
 319.6,    -10.26764647 
 319.7,    -10.58810709 
 319.8,    -10.95808058 
 319.9,    -11.38010744 
   320,    -11.85714268 
 320.1,    -12.39251507 
 320.2,     -12.9898019 
 320.3,    -13.65253427 
 320.4,    -14.38357114 
 320.5,    -15.18383798 
 320.6,    -16.04987848 
 320.7,    -16.96930418 
 320.8,    -17.91295641 
 320.9,    -18.82346814 
   321,    -19.60484506 
 321.1,    -20.12936431 
 321.2,    -20.28366721 
 321.3,    -20.03852374 
 321.4,     -19.4706269 
 321.5,    -18.70853776 
 321.6,    -17.86776551 
 321.7,      -17.025079 
 321.8,    -16.22275321 
 321.9,    -15.48064275 
   322,    -14.80603531 
 322.1,    -14.19978247 
 322.2,    -13.65970979 
 322.3,    -13.18240978 
 322.4,    -12.76414912 
 322.5,    -12.40130843 
 322.6,    -12.09058048 
 322.7,    -11.82904586 
 322.8,    -11.61418856 
 322.9,    -11.44388384 
   323,    -11.31637522 
 323.1,    -11.23024912 
 323.2,    -11.18441157 
 323.3,    -11.17806882 
 323.4,    -11.21071313 
 323.5,    -11.28211389 
 323.6,    -11.39231439 
 323.7,    -11.54163455 
 323.8,    -11.73067952 
 323.9,    -11.96035479 
   324,    -12.23188785 
 324.1,    -12.54685682 
 324.2,    -12.90722604 
 324.3,    -13.31538774 
 324.4,    -13.77420751 
 324.5,    -14.28706744 
 324.6,    -14.85789375 
 324.7,      -15.491141 
 324.8,    -16.19167492 
 324.9,    -16.96443579 
   325,    -17.81364234 
 325.1,    -18.74105504 
 325.2,    -19.74236945 
 325.3,    -20.80011076 
 325.4,    -21.87091255 
 325.5,    -22.86736468 
 325.6,    -23.64667628 
 325.7,    -24.04151915 
 325.8,    -23.95525071 
 325.9,     -23.4403074 
   326,    -22.65375213 
 326.1,    -21.75287847 
 326.2,    -20.84273918 
 326.3,    -19.97874798 
 326.4,    -19.18499084 
 326.5,    -18.46900459 
 326.6,    -17.83046414 
 326.7,    -17.26569693 
 326.8,    -16.76988974 
 326.9,    -16.33811835 
   327,    -15.96579757 
 327.1,    -15.64885242 
 327.2,    -15.38375892 
 327.3,    -15.16752731 
 327.4,    -14.99766313 
 327.5,    -14.87212313 
 327.6,    -14.78927371 
 327.7,    -14.74785563 
 327.8,    -14.74695588 
 327.9,    -14.78598745 
   328,    -14.86467676 
 328.1,    -14.98305889 
 328.2,    -15.14148079 
 328.3,    -15.34061276 
 328.4,    -15.58146904 
 328.5,    -15.86543863 
 328.6,    -16.19432777 
 328.7,    -16.57041642 
 328.8,    -16.99653088 
 328.9,    -17.47613567 
   329,     -18.0134468 
 329.1,    -18.61356686 
 329.2,    -19.28263599 
 329.3,    -20.02797702 
 329.4,    -20.85817348 
 329.5,    -21.78292424 
 329.6,    -22.81228787 
 329.7,    -23.95437483 
 329.8,    -25.20924484 
 329.9,    -26.55403942 
   330,    -27.91078518 
 330.1,    -29.09517446 
 330.2,    -29.80330651 
 330.3,    -29.78076973 
 330.4,    -29.08558388 
 330.5,    -28.02069419 
 330.6,    -26.85841226 
 330.7,    -25.74324742 
 330.8,    -24.73068296 
 330.9,    -23.83395946 
   331,    -23.04964473 
 331.1,    -22.36888374 
 331.2,    -21.78189749 
 331.3,    -21.27962699 
 331.4,    -20.85422291 
 331.5,     -20.4990875 
 331.6,    -20.20875738 
 331.7,    -19.97874159 
 331.8,    -19.80535797 
 331.9,    -19.68557993 
   332,    -19.61689324 
 332.1,    -19.59715603 
 332.2,    -19.62445164 
 332.3,    -19.69692044 
 332.4,     -19.8125528 
 332.5,    -19.96892017 
 332.6,    -20.16281576 
 332.7,    -20.38977237 
 332.8,    -20.64342775 
 332.9,     -20.9147303 
   333,    -21.19103847 
 333.1,    -21.45529682 
 333.2,    -21.68568339 
 333.3,    -21.85636411 
 333.4,    -21.94004598 
 333.5,    -21.91252733 
 333.6,     -21.7582337 
 333.7,    -21.47445234 
 333.8,    -21.07200898 
 333.9,    -20.57199085 
   334,    -20.00033571 
 334.1,    -19.38276896 
 334.2,    -18.74156801 
 334.3,    -18.09427927 
 334.4,    -17.45377795 
 334.5,    -16.82898008 
 334.6,    -16.22573034 
 334.7,    -15.64762198 
 334.8,    -15.09666165 
 334.9,    -14.57377124 
   335,    -14.07915102 
 335.1,    -13.61253534 
 335.2,     -13.1733693 
 335.3,    -12.76092916 
 335.4,     -12.3744034 
 335.5,    -12.01294657 
 335.6,    -11.67571442 
 335.7,    -11.36188637 
 335.8,    -11.07067933 
 335.9,    -10.80135567 
   336,    -10.55322727 
 336.1,    -10.32565706 
 336.2,    -10.11805875 
 336.3,    -9.929895503 
 336.4,    -9.760677931 
 336.5,     -9.60996156 
 336.6,    -9.477344076 
 336.7,    -9.362462329 
 336.8,    -9.264989191 
 336.9,     -9.18463023 
   337,    -9.121120179 
 337.1,     -9.07421912 
 337.2,    -9.043708289 
 337.3,    -9.029385362 
 337.4,    -9.031059054 
 337.5,    -9.048542822 
 337.6,    -9.081647405 
 337.7,    -9.130171884 
 337.8,    -9.193892858 
 337.9,    -9.272551282 
   338,    -9.365836386 
 338.1,    -9.473366035 
 338.2,    -9.594662756 
 338.3,    -9.729124638 
 338.4,    -9.875990243 
 338.5,    -10.03429675 
 338.6,    -10.20283084 
 338.7,    -10.38007226 
 338.8,    -10.56413099 
 338.9,     -10.7526805 
   339,    -10.94289175 
 339.1,    -11.13137583 
 339.2,    -11.31414708 
 339.3,    -11.48662283 
 339.4,    -11.64367921 
 339.5,     -11.7797832 
 339.6,    -11.88921618 
 339.7,    -11.96639183 
 339.8,    -12.00625024 
 339.9,     -12.0046844 
   340,    -11.95893318 
 340.1,    -11.86786604 
 340.2,    -11.73209881 
 340.3,    -11.55391408 
 340.4,    -11.33700438 
 340.5,    -11.08609383 
 340.6,    -10.80651205 
 340.7,    -10.50378928 
 340.8,    -10.18332143 
 340.9,    -9.850127825 
   341,    -9.508702178 
 341.1,    -9.162943318 
 341.2,    -8.816145886 
 341.3,    -8.471031105 
 341.4,    -8.129800766 
 341.5,    -7.794201751 
 341.6,    -7.465592536 
 341.7,    -7.145006391 
 341.8,    -6.833208484 
 341.9,    -6.530745734 
   342,    -6.237989267 
 342.1,    -5.955169946 
 342.2,    -5.682407687 
 342.3,    -5.419735422 
 342.4,    -5.167118502 
 342.5,    -4.924470323 
 342.6,    -4.691664838 
 342.7,     -4.46854651 
 342.8,    -4.254938221 
 342.9,    -4.050647494 
   343,    -3.855471396 
 343.1,    -3.669200344 
 343.2,     -3.49162107 
 343.3,    -3.322518887 
 343.4,    -3.161679411 
 343.5,    -3.008889843 
 343.6,    -2.863939907 
 343.7,    -2.726622508 
 343.8,    -2.596734175 
 343.9,    -2.474075325 
   344,    -2.358450395 
 344.1,    -2.249667859 
 344.2,    -2.147540168 
 344.3,    -2.051883617 
 344.4,    -1.962518166 
 344.5,     -1.87926721 
 344.6,    -1.801957333 
 344.7,    -1.730418027 
 344.8,    -1.664481397 
 344.9,    -1.603981858 
   345,    -1.548755815 
 345.1,    -1.498641345 
 345.2,    -1.453477872 
 345.3,    -1.413105841 
 345.4,    -1.377366396 
 345.5,    -1.346101061 
 345.6,    -1.319151421 
 345.7,    -1.296358818 
 345.8,    -1.277564044 
 345.9,    -1.262607057 
   346,    -1.251326697 
 346.1,    -1.243560424 
 346.2,     -1.23914407 
 346.3,    -1.237911606 
 346.4,    -1.239694938 
 346.5,    -1.244323722 
 346.6,    -1.251625207 
 346.7,    -1.261424114 
 346.8,    -1.273542542 
 346.9,    -1.287799924 
   347,    -1.304013011 
 347.1,     -1.32199592 
 347.2,    -1.341560217 
 347.3,    -1.362515065 
 347.4,    -1.384667427 
 347.5,    -1.407822334 
 347.6,    -1.431783209 
 347.7,    -1.456352272 
 347.8,    -1.481331002 
 347.9,    -1.506520673 
   348,    -1.531722962 
 348.1,    -1.556740616 
 348.2,    -1.581378188 
 348.3,    -1.605442834 
 348.4,    -1.628745156 
 348.5,    -1.651100093 
 348.6,    -1.672327848 
 348.7,    -1.692254835 
 348.8,    -1.710714637 
 348.9,    -1.727548962 
   349,    -1.742608581 
 349.1,    -1.755754226 
 349.2,    -1.766857441 
 349.3,    -1.775801372 
 349.4,    -1.782481464 
 349.5,    -1.786806071 
 349.6,    -1.788696954 
 349.7,     -1.78808966 
 349.8,    -1.784933772 
 349.9,     -1.77919303 
   350,    -1.770845309 
 350.1,    -1.759882466 
 350.2,     -1.74631005 
 350.3,    -1.730146887 
 350.4,    -1.711424539 
 350.5,    -1.690186664 
 350.6,    -1.666488271 
 350.7,    -1.640394895 
 350.8,    -1.611981706 
 350.9,    -1.581332566 
   351,    -1.548539049 
 351.1,    -1.513699444 
 351.2,     -1.47691775 
 351.3,    -1.438302685 
 351.4,    -1.397966706 
 351.5,    -1.356025077 
 351.6,    -1.312594969 
 351.7,    -1.267794612 
 351.8,    -1.221742508 
 351.9,    -1.174556705 
   352,    -1.126354128 
 352.1,    -1.077249991 
 352.2,    -1.027357261 
 352.3,   -0.9767861969 
 352.4,   -0.9256439533 
 352.5,   -0.8740342405 
 352.6,   -0.8220570482 
 352.7,   -0.7698084237 
 352.8,   -0.7173802997 
 352.9,   -0.6648603716 
   353,   -0.6123320165 
 353.1,   -0.5598742505 
 353.2,   -0.5075617222 
 353.3,   -0.4554647347 
 353.4,   -0.4036492953 
 353.5,   -0.3521771877 
 353.6,   -0.3011060638 
 353.7,   -0.2504895509 
 353.8,   -0.2003773738 
 353.9,   -0.1508154857 
   354,    -0.101846209 
 354.1,  -0.05350838093 
 354.2, -0.005837504837 
 354.3,   0.04113409755 
 354.4,   0.08737713093 
 354.5,    0.1328651727 
 354.6,    0.1775745196 
 354.7,    0.2214840365 
 354.8,    0.2645750078 
 354.9,    0.3068309926 
   355,    0.3482376835 
 355.1,    0.3887827693 
 355.2,    0.4284558023 
 355.3,    0.4672480712 
 355.4,    0.5051524778 
 355.5,    0.5421634188 
 355.6,    0.5782766732 
 355.7,    0.6134892942 
 355.8,    0.6477995065 
 355.9,    0.6812066073 
   356,    0.7137108739 
 356.1,    0.7453134744 
 356.2,    0.7760163837 
 356.3,    0.8058223031 
 356.4,    0.8347345856 
 356.5,    0.8627571639 
 356.6,    0.8898944825 
 356.7,    0.9161514343 
 356.8,    0.9415332999 
 356.9,    0.9660456913 
   357,    0.9896944977 
 357.1,     1.012485835 
 357.2,        1.034426 
 357.3,     1.055521422 
 357.4,     1.075778626 
 357.5,     1.095204188 
 357.6,     1.113804702 
 357.7,     1.131586744 
 357.8,     1.148556839 
 357.9,      1.16472143 
   358,     1.180086853 
 358.1,     1.194659307 
 358.2,     1.208444829 
 358.3,     1.221449275 
 358.4,     1.233678296 
 358.5,     1.245137316 
 358.6,     1.255831517 
 358.7,     1.265765824 
 358.8,     1.274944882 
 358.9,     1.283373049 
   359,      1.29105438 
 359.1,     1.297992615 
 359.2,      1.30419117 
 359.3,     1.309653124 
 359.4,     1.314381216 
 359.5,     1.318377832 
 359.6,     1.321645004 
 359.7,     1.324184398 
 359.8,     1.325997319 
 359.9,     1.327084698 
   360,     1.327447095 
