M5A_HWBC_BI_A60_E0_F1.txt
NTNU_FFI
Method: IGABEM CCBIE with 19456 elements (24324 degrees of freedom) and NURBS degree 4. Computational time for system assembly (4x6-core Xeon 2.67 GHz): 35.9617 hours.
60
0
1000
3601
     0,    -17.62539614 
   0.1,    -17.61399499 
   0.2,    -17.60186819 
   0.3,    -17.58901767 
   0.4,    -17.57544557 
   0.5,    -17.56115428 
   0.6,    -17.54614637 
   0.7,    -17.53042467 
   0.8,    -17.51399217 
   0.9,    -17.49685212 
     1,    -17.47900794 
   1.1,    -17.46046328 
   1.2,    -17.44122197 
   1.3,    -17.42128805 
   1.4,    -17.40066577 
   1.5,    -17.37935954 
   1.6,    -17.35737399 
   1.7,    -17.33471391 
   1.8,    -17.31138429 
   1.9,    -17.28739028 
     2,    -17.26273723 
   2.1,    -17.23743062 
   2.2,    -17.21147612 
   2.3,    -17.18487957 
   2.4,    -17.15764693 
   2.5,    -17.12978436 
   2.6,    -17.10129811 
   2.7,    -17.07219462 
   2.8,    -17.04248044 
   2.9,    -17.01216226 
     3,     -16.9812469 
   3.1,    -16.94974131 
   3.2,    -16.91765253 
   3.3,    -16.88498775 
   3.4,    -16.85175423 
   3.5,    -16.81795937 
   3.6,    -16.78361063 
   3.7,     -16.7487156 
   3.8,    -16.71328193 
   3.9,    -16.67731736 
     4,    -16.64082972 
   4.1,    -16.60382691 
   4.2,    -16.56631687 
   4.3,    -16.52830764 
   4.4,     -16.4898073 
   4.5,      -16.450824 
   4.6,    -16.41136592 
   4.7,    -16.37144128 
   4.8,    -16.33105838 
   4.9,     -16.2902255 
     5,      -16.248951 
   5.1,    -16.20724324 
   5.2,    -16.16511061 
   5.3,    -16.12256152 
   5.4,    -16.07960439 
   5.5,    -16.03624765 
   5.6,    -15.99249975 
   5.7,    -15.94836912 
   5.8,    -15.90386421 
   5.9,    -15.85899346 
     6,    -15.81376529 
   6.1,    -15.76818813 
   6.2,    -15.72227038 
   6.3,    -15.67602042 
   6.4,    -15.62944662 
   6.5,    -15.58255733 
   6.6,    -15.53536084 
   6.7,    -15.48786546 
   6.8,    -15.44007943 
   6.9,    -15.39201097 
     7,    -15.34366826 
   7.1,    -15.29505944 
   7.2,    -15.24619261 
   7.3,    -15.19707582 
   7.4,    -15.14771709 
   7.5,    -15.09812437 
   7.6,    -15.04830558 
   7.7,    -14.99826856 
   7.8,    -14.94802114 
   7.9,    -14.89757105 
     8,      -14.846926 
   8.1,    -14.79609361 
   8.2,    -14.74508147 
   8.3,    -14.69389709 
   8.4,    -14.64254792 
   8.5,    -14.59104136 
   8.6,    -14.53938474 
   8.7,    -14.48758532 
   8.8,     -14.4356503 
   8.9,    -14.38358681 
     9,    -14.33140191 
   9.1,    -14.27910262 
   9.2,    -14.22669585 
   9.3,    -14.17418848 
   9.4,    -14.12158729 
   9.5,    -14.06889902 
   9.6,    -14.01613031 
   9.7,    -13.96328776 
   9.8,    -13.91037788 
   9.9,    -13.85740712 
    10,    -13.80438186 
  10.1,    -13.75130841 
  10.2,    -13.69819301 
  10.3,    -13.64504183 
  10.4,    -13.59186097 
  10.5,    -13.53865646 
  10.6,    -13.48543426 
  10.7,    -13.43220027 
  10.8,    -13.37896032 
  10.9,    -13.32572016 
    11,    -13.27248549 
  11.1,    -13.21926193 
  11.2,    -13.16605504 
  11.3,    -13.11287031 
  11.4,    -13.05971316 
  11.5,    -13.00658897 
  11.6,    -12.95350302 
  11.7,    -12.90046056 
  11.8,    -12.84746675 
  11.9,     -12.7945267 
    12,    -12.74164545 
  12.1,      -12.688828 
  12.2,    -12.63607927 
  12.3,    -12.58340413 
  12.4,    -12.53080738 
  12.5,    -12.47829377 
  12.6,    -12.42586799 
  12.7,    -12.37353468 
  12.8,    -12.32129841 
  12.9,    -12.26916372 
    13,    -12.21713508 
  13.1,    -12.16521689 
  13.2,    -12.11341352 
  13.3,    -12.06172929 
  13.4,    -12.01016846 
  13.5,    -11.95873524 
  13.6,    -11.90743379 
  13.7,    -11.85626823 
  13.8,    -11.80524262 
  13.9,    -11.75436099 
    14,    -11.70362731 
  14.1,    -11.65304551 
  14.2,    -11.60261947 
  14.3,    -11.55235305 
  14.4,    -11.50225003 
  14.5,    -11.45231419 
  14.6,    -11.40254923 
  14.7,    -11.35295884 
  14.8,    -11.30354667 
  14.9,     -11.2543163 
    15,    -11.20527131 
  15.1,    -11.15641522 
  15.2,    -11.10775154 
  15.3,    -11.05928372 
  15.4,    -11.01101518 
  15.5,    -10.96294932 
  15.6,    -10.91508951 
  15.7,    -10.86743907 
  15.8,     -10.8200013 
  15.9,    -10.77277947 
    16,    -10.72577683 
  16.1,    -10.67899659 
  16.2,    -10.63244194 
  16.3,    -10.58611603 
  16.4,    -10.54002201 
  16.5,    -10.49416298 
  16.6,    -10.44854204 
  16.7,    -10.40316225 
  16.8,    -10.35802665 
  16.9,    -10.31313826 
    17,    -10.26850009 
  17.1,    -10.22411511 
  17.2,    -10.17998629 
  17.3,    -10.13611657 
  17.4,    -10.09250888 
  17.5,    -10.04916613 
  17.6,    -10.00609122 
  17.7,    -9.963287012 
  17.8,    -9.920756384 
  17.9,    -9.878502183 
    18,    -9.836527248 
  18.1,    -9.794834404 
  18.2,    -9.753426466 
  18.3,    -9.712306237 
  18.4,    -9.671476512 
  18.5,    -9.630940074 
  18.6,    -9.590699701 
  18.7,    -9.550758159 
  18.8,     -9.51111821 
  18.9,    -9.471782609 
    19,    -9.432754104 
  19.1,    -9.394035441 
  19.2,    -9.355629359 
  19.3,    -9.317538594 
  19.4,    -9.279765881 
  19.5,    -9.242313949 
  19.6,    -9.205185531 
  19.7,    -9.168383354 
  19.8,    -9.131910148 
  19.9,    -9.095768644 
    20,    -9.059961573 
  20.1,    -9.024491668 
  20.2,    -8.989361666 
  20.3,    -8.954574306 
  20.4,    -8.920132334 
  20.5,    -8.886038497 
  20.6,     -8.85229555 
  20.7,    -8.818906255 
  20.8,     -8.78587338 
  20.9,    -8.753199699 
    21,    -8.720887998 
  21.1,     -8.68894107 
  21.2,    -8.657361717 
  21.3,    -8.626152755 
  21.4,    -8.595317008 
  21.5,    -8.564857314 
  21.6,    -8.534776522 
  21.7,    -8.505077498 
  21.8,    -8.475763118 
  21.9,    -8.446836276 
    22,     -8.41829988 
  22.1,    -8.390156857 
  22.2,     -8.36241015 
  22.3,    -8.335062719 
  22.4,    -8.308117545 
  22.5,    -8.281577626 
  22.6,    -8.255445984 
  22.7,     -8.22972566 
  22.8,    -8.204419718 
  22.9,    -8.179531245 
    23,    -8.155063351 
  23.1,    -8.131019171 
  23.2,    -8.107401867 
  23.3,    -8.084214625 
  23.4,     -8.06146066 
  23.5,    -8.039143216 
  23.6,    -8.017265564 
  23.7,    -7.995831006 
  23.8,    -7.974842876 
  23.9,    -7.954304538 
    24,    -7.934219391 
  24.1,    -7.914590867 
  24.2,    -7.895422433 
  24.3,    -7.876717591 
  24.4,    -7.858479883 
  24.5,    -7.840712886 
  24.6,    -7.823420218 
  24.7,    -7.806605537 
  24.8,    -7.790272542 
  24.9,    -7.774424975 
    25,    -7.759066623 
  25.1,    -7.744201315 
  25.2,     -7.72983293 
  25.3,    -7.715965393 
  25.4,    -7.702602676 
  25.5,    -7.689748803 
  25.6,    -7.677407851 
  25.7,    -7.665583947 
  25.8,    -7.654281274 
  25.9,     -7.64350407 
    26,    -7.633256631 
  26.1,    -7.623543311 
  26.2,    -7.614368526 
  26.3,    -7.605736752 
  26.4,    -7.597652529 
  26.5,    -7.590120464 
  26.6,    -7.583145229 
  26.7,    -7.576731566 
  26.8,    -7.570884287 
  26.9,    -7.565608278 
    27,    -7.560908497 
  27.1,    -7.556789981 
  27.2,    -7.553257844 
  27.3,    -7.550317282 
  27.4,    -7.547973571 
  27.5,    -7.546232076 
  27.6,    -7.545098245 
  27.7,     -7.54457762 
  27.8,    -7.544675832 
  27.9,    -7.545398609 
    28,    -7.546751773 
  28.1,    -7.548741249 
  28.2,    -7.551373064 
  28.3,     -7.55465335 
  28.4,    -7.558588346 
  28.5,    -7.563184405 
  28.6,    -7.568447994 
  28.7,    -7.574385697 
  28.8,     -7.58100422 
  28.9,    -7.588310392 
    29,    -7.596311172 
  29.1,     -7.60501365 
  29.2,    -7.614425051 
  29.3,    -7.624552743 
  29.4,    -7.635404233 
  29.5,    -7.646987178 
  29.6,    -7.659309389 
  29.7,    -7.672378832 
  29.8,    -7.686203633 
  29.9,    -7.700792089 
    30,    -7.716152663 
  30.1,    -7.732293999 
  30.2,    -7.749224922 
  30.3,    -7.766954444 
  30.4,     -7.78549177 
  30.5,    -7.804846308 
  30.6,    -7.825027668 
  30.7,    -7.846045675 
  30.8,    -7.867910373 
  30.9,    -7.890632032 
    31,    -7.914221158 
  31.1,    -7.938688495 
  31.2,    -7.964045039 
  31.3,    -7.990302045 
  31.4,    -8.017471031 
  31.5,    -8.045563794 
  31.6,    -8.074592414 
  31.7,    -8.104569266 
  31.8,    -8.135507032 
  31.9,    -8.167418706 
    32,    -8.200317613 
  32.1,    -8.234217413 
  32.2,    -8.269132119 
  32.3,    -8.305076107 
  32.4,    -8.342064128 
  32.5,    -8.380111324 
  32.6,    -8.419233244 
  32.7,    -8.459445855 
  32.8,    -8.500765561 
  32.9,    -8.543209219 
    33,    -8.586794155 
  33.1,    -8.631538184 
  33.2,    -8.677459631 
  33.3,    -8.724577345 
  33.4,    -8.772910727 
  33.5,    -8.822479748 
  33.6,    -8.873304974 
  33.7,     -8.92540759 
  33.8,    -8.978809426 
  33.9,    -9.033532984 
    34,    -9.089601467 
  34.1,    -9.147038807 
  34.2,    -9.205869703 
  34.3,    -9.266119644 
  34.4,    -9.327814956 
  34.5,     -9.39098283 
  34.6,    -9.455651366 
  34.7,    -9.521849614 
  34.8,    -9.589607617 
  34.9,    -9.658956458 
    35,    -9.729928311 
  35.1,     -9.80255649 
  35.2,    -9.876875507 
  35.3,    -9.952921127 
  35.4,    -10.03073044 
  35.5,    -10.11034191 
  35.6,    -10.19179546 
  35.7,    -10.27513254 
  35.8,    -10.36039623 
  35.9,    -10.44763126 
    36,    -10.53688418 
  36.1,    -10.62820341 
  36.2,    -10.72163934 
  36.3,    -10.81724448 
  36.4,    -10.91507352 
  36.5,    -11.01518351 
  36.6,    -11.11763395 
  36.7,    -11.22248695 
  36.8,    -11.32980742 
  36.9,    -11.43966316 
    37,    -11.55212512 
  37.1,    -11.66726752 
  37.2,    -11.78516812 
  37.3,    -11.90590837 
  37.4,    -12.02957372 
  37.5,    -12.15625382 
  37.6,    -12.28604284 
  37.7,    -12.41903975 
  37.8,    -12.55534863 
  37.9,    -12.69507906 
    38,    -12.83834645 
  38.1,     -12.9852725 
  38.2,    -13.13598562 
  38.3,    -13.29062141 
  38.4,     -13.4493232 
  38.5,    -13.61224263 
  38.6,    -13.77954024 
  38.7,    -13.95138618 
  38.8,    -14.12796092 
  38.9,    -14.30945608 
    39,    -14.49607526 
  39.1,    -14.68803505 
  39.2,    -14.88556597 
  39.3,    -15.08891368 
  39.4,    -15.29834014 
  39.5,    -15.51412491 
  39.6,    -15.73656662 
  39.7,     -15.9659844 
  39.8,    -16.20271959 
  39.9,    -16.44713737 
    40,    -16.69962857 
  40.1,    -16.96061155 
  40.2,    -17.23053398 
  40.3,    -17.50987466 
  40.4,    -17.79914513 
  40.5,    -18.09889098 
  40.6,    -18.40969262 
  40.7,    -18.73216517 
  40.8,    -19.06695705 
  40.9,    -19.41474653 
    41,    -19.77623528 
  41.1,    -20.15213751 
  41.2,    -20.54316264 
  41.3,    -20.94998864 
  41.4,    -21.37322175 
  41.5,    -21.81333671 
  41.6,    -22.27058906 
  41.7,    -22.74488794 
  41.8,    -23.23561365 
  41.9,    -23.74135997 
    42,    -24.25957753 
  42.1,    -24.78609549 
  42.2,    -25.31451094 
  42.3,    -25.83547216 
  42.4,    -26.33596193 
  42.5,    -26.79882613 
  42.6,    -27.20297644 
  42.7,    -27.52481938 
  42.8,    -27.74130223 
  42.9,     -27.8342896 
    43,    -27.79493871 
  43.1,    -27.62612186 
  43.2,    -27.34161988 
  43.3,    -26.96252519 
  43.4,    -26.51263758 
  43.5,    -26.01462754 
  43.6,    -25.48778676 
  43.7,    -24.94725721 
  43.8,    -24.40421714 
  43.9,    -23.86651225 
    44,    -23.33939295 
  44.1,    -22.82618716 
  44.2,    -22.32884756 
  44.3,    -21.84836899 
  44.4,    -21.38509444 
  44.5,    -20.93893382 
  44.6,    -20.50951758 
  44.7,     -20.0963033 
  44.8,    -19.69864867 
  44.9,    -19.31586106 
    45,    -18.94723061 
  45.1,    -18.59205199 
  45.2,    -18.24963829 
  45.3,    -17.91932961 
  45.4,    -17.60049786 
  45.5,    -17.29254912 
  45.6,    -16.99492446 
  45.7,    -16.70709944 
  45.8,    -16.42858315 
  45.9,    -16.15891669 
    46,    -15.89767147 
  46.1,    -15.64444738 
  46.2,    -15.39887093 
  46.3,    -15.16059347 
  46.4,     -14.9292894 
  46.5,    -14.70465454 
  46.6,    -14.48640455 
  46.7,    -14.27427345 
  46.8,    -14.06801229 
  46.9,    -13.86738786 
    47,    -13.67218154 
  47.1,    -13.48218823 
  47.2,    -13.29721536 
  47.3,    -13.11708195 
  47.4,    -12.94161785 
  47.5,    -12.77066287 
  47.6,    -12.60406618 
  47.7,    -12.44168558 
  47.8,    -12.28338694 
  47.9,    -12.12904366 
    48,    -11.97853614 
  48.1,    -11.83175134 
  48.2,    -11.68858232 
  48.3,     -11.5489279 
  48.4,    -11.41269223 
  48.5,    -11.27978451 
  48.6,    -11.15011864 
  48.7,    -11.02361296 
  48.8,    -10.90018998 
  48.9,     -10.7797761 
    49,    -10.66230145 
  49.1,     -10.5476996 
  49.2,    -10.43590744 
  49.3,    -10.32686491 
  49.4,    -10.22051494 
  49.5,    -10.11680317 
  49.6,    -10.01567793 
  49.7,    -9.917089983 
  49.8,    -9.820992487 
  49.9,    -9.727340831 
    50,    -9.636092539 
  50.1,    -9.547207161 
  50.2,    -9.460646181 
  50.3,    -9.376372924 
  50.4,    -9.294352469 
  50.5,    -9.214551575 
  50.6,    -9.136938605 
  50.7,    -9.061483455 
  50.8,    -8.988157492 
  50.9,    -8.916933491 
    51,    -8.847785579 
  51.1,    -8.780689182 
  51.2,    -8.715620976 
  51.3,    -8.652558838 
  51.4,    -8.591481803 
  51.5,    -8.532370026 
  51.6,     -8.47520474 
  51.7,    -8.419968219 
  51.8,    -8.366643751 
  51.9,    -8.315215601 
    52,    -8.265668982 
  52.1,    -8.217990031 
  52.2,    -8.172165782 
  52.3,     -8.12818414 
  52.4,    -8.086033865 
  52.5,    -8.045704544 
  52.6,    -8.007186581 
  52.7,    -7.970471172 
  52.8,    -7.935550295 
  52.9,     -7.90241669 
    53,    -7.871063853 
  53.1,    -7.841486018 
  53.2,     -7.81367815 
  53.3,    -7.787635934 
  53.4,    -7.763355768 
  53.5,    -7.740834755 
  53.6,    -7.720070698 
  53.7,    -7.701062095 
  53.8,    -7.683808136 
  53.9,      -7.6683087 
    54,    -7.654564351 
  54.1,    -7.642576343 
  54.2,    -7.632346616 
  54.3,    -7.623877801 
  54.4,     -7.61717322 
  54.5,    -7.612236893 
  54.6,    -7.609073539 
  54.7,    -7.607688588 
  54.8,    -7.608088183 
  54.9,     -7.61027919 
    55,     -7.61426921 
  55.1,    -7.620066588 
  55.2,    -7.627680425 
  55.3,    -7.637120592 
  55.4,    -7.648397747 
  55.5,    -7.661523346 
  55.6,    -7.676509668 
  55.7,    -7.693369827 
  55.8,      -7.7121178 
  55.9,    -7.732768444 
    56,    -7.755337524 
  56.1,    -7.779841737 
  56.2,    -7.806298742 
  56.3,     -7.83472719 
  56.4,    -7.865146755 
  56.5,    -7.897578172 
  56.6,    -7.932043272 
  56.7,    -7.968565021 
  56.8,    -8.007167566 
  56.9,    -8.047876279 
    57,    -8.090717806 
  57.1,     -8.13572012 
  57.2,    -8.182912576 
  57.3,    -8.232325971 
  57.4,     -8.28399261 
  57.5,    -8.337946373 
  57.6,    -8.394222789 
  57.7,    -8.452859113 
  57.8,    -8.513894415 
  57.9,    -8.577369665 
    58,    -8.643327834 
  58.1,    -8.711813995 
  58.2,    -8.782875438 
  58.3,    -8.856561789 
  58.4,    -8.932925137 
  58.5,     -9.01202018 
  58.6,    -9.093904365 
  58.7,    -9.178638059 
  58.8,     -9.26628472 
  58.9,    -9.356911086 
    59,    -9.450587379 
  59.1,    -9.547387526 
  59.2,    -9.647389401 
  59.3,    -9.750675082 
  59.4,    -9.857331137 
  59.5,     -9.96744893 
  59.6,    -10.08112496 
  59.7,    -10.19846121 
  59.8,    -10.31956558 
  59.9,    -10.44455229 
    60,    -10.57354239 
  60.1,    -10.70666424 
  60.2,    -10.84405415 
  60.3,    -10.98585698 
  60.4,    -11.13222682 
  60.5,    -11.28332782 
  60.6,    -11.43933503 
  60.7,    -11.60043532 
  60.8,    -11.76682849 
  60.9,    -11.93872842 
    61,     -12.1163644 
  61.1,    -12.29998262 
  61.2,    -12.48984779 
  61.3,    -12.68624504 
  61.4,      -12.889482 
  61.5,    -13.09989117 
  61.6,    -13.31783264 
  61.7,    -13.54369713 
  61.8,    -13.77790946 
  61.9,    -14.02093257 
    62,     -14.2732721 
  62.1,    -14.53548163 
  62.2,     -14.8081688 
  62.3,    -15.09200234 
  62.4,    -15.38772026 
  62.5,    -15.69613947 
  62.6,    -16.01816693 
  62.7,    -16.35481283 
  62.8,    -16.70720615 
  62.9,    -17.07661295 
    63,    -17.46445812 
  63.1,    -17.87235117 
  63.2,    -18.30211681 
  63.3,    -18.75583118 
  63.4,     -19.2358645 
  63.5,    -19.74493074 
  63.6,    -20.28614412 
  63.7,    -20.86308087 
  63.8,    -21.47984101 
  63.9,    -22.14109742 
    64,    -22.85210434 
  64.1,    -23.61860489 
  64.2,    -24.44651027 
  64.3,    -25.34108391 
  64.4,    -26.30507854 
  64.5,    -27.33472166 
  64.6,    -28.41153717 
  64.7,    -29.48726147 
  64.8,    -30.46197283 
  64.9,    -31.17165964 
    65,     -31.4314709 
  65.1,    -31.15482078 
  65.2,    -30.42965422 
  65.3,    -29.44108248 
  65.4,    -28.35263682 
  65.5,    -27.26371107 
  65.6,    -26.22223128 
  65.7,    -25.24649933 
  65.8,     -24.3402087 
  65.9,    -23.50057592 
    66,     -22.7223297 
  66.1,    -21.99956131 
  66.2,     -21.3265344 
  66.3,    -20.69800305 
  66.4,    -20.10930292 
  66.5,    -19.55634227 
  66.6,    -19.03555267 
  66.7,    -18.54382714 
  66.8,    -18.07845853 
  66.9,    -17.63708296 
    67,    -17.21763028 
  67.1,    -16.81828146 
  67.2,     -16.4374324 
  67.3,    -16.07366344 
  67.4,    -15.72571354 
  67.5,    -15.39245867 
  67.6,    -15.07289341 
  67.7,     -14.7661155 
  67.8,    -14.47131271 
  67.9,    -14.18775162 
    68,    -13.91476805 
  68.1,    -13.65175893 
  68.2,    -13.39817521 
  68.3,    -13.15351579 
  68.4,    -12.91732227 
  68.5,     -12.6891744 
  68.6,    -12.46868603 
  68.7,    -12.25550171 
  68.8,    -12.04929357 
  68.9,    -11.84975868 
    69,    -11.65661664 
  69.1,    -11.46960752 
  69.2,    -11.28848998 
  69.3,    -11.11303963 
  69.4,    -10.94304755 
  69.5,    -10.77831898 
  69.6,    -10.61867212 
  69.7,    -10.46393713 
  69.8,    -10.31395512 
  69.9,    -10.16857731 
    70,     -10.0276643 
  70.1,    -9.891085292 
  70.2,    -9.758717542 
  70.3,    -9.630445727 
  70.4,     -9.50616145 
  70.5,    -9.385762757 
  70.6,    -9.269153707 
  70.7,    -9.156243977 
  70.8,    -9.046948501 
  70.9,    -8.941187139 
    71,    -8.838884374 
  71.1,    -8.739969039 
  71.2,    -8.644374058 
  71.3,    -8.552036212 
  71.4,    -8.462895929 
  71.5,    -8.376897081 
  71.6,    -8.293986804 
  71.7,    -8.214115329 
  71.8,    -8.137235832 
  71.9,    -8.063304285 
    72,    -7.992279329 
  72.1,    -7.924122153 
  72.2,    -7.858796381 
  72.3,    -7.796267967 
  72.4,    -7.736505107 
  72.5,    -7.679478147 
  72.6,    -7.625159503 
  72.7,     -7.57352359 
  72.8,    -7.524546755 
  72.9,    -7.478207211 
    73,    -7.434484989 
  73.1,    -7.393361879 
  73.2,    -7.354821391 
  73.3,    -7.318848709 
  73.4,    -7.285430658 
  73.5,    -7.254555667 
  73.6,    -7.226213747 
  73.7,    -7.200396458 
  73.8,    -7.177096897 
  73.9,    -7.156309677 
    74,     -7.13803091 
  74.1,    -7.122258204 
  74.2,    -7.108990654 
  74.3,    -7.098228836 
  74.4,    -7.089974813 
  74.5,    -7.084232135 
  74.6,    -7.081005849 
  74.7,    -7.080302506 
  74.8,    -7.082130184 
  74.9,    -7.086498497 
    75,    -7.093418622 
  75.1,    -7.102903325 
  75.2,     -7.11496699 
  75.3,    -7.129625651 
  75.4,    -7.146897035 
  75.5,      -7.1668006 
  75.6,    -7.189357586 
  75.7,    -7.214591067 
  75.8,    -7.242526006 
  75.9,    -7.273189322 
    76,    -7.306609959 
  76.1,    -7.342818961 
  76.2,    -7.381849552 
  76.3,     -7.42373723 
  76.4,    -7.468519864 
  76.5,    -7.516237797 
  76.6,    -7.566933964 
  76.7,    -7.620654018 
  76.8,    -7.677446461 
  76.9,    -7.737362795 
    77,    -7.800457682 
  77.1,    -7.866789114 
  77.2,    -7.936418606 
  77.3,    -8.009411398 
  77.4,    -8.085836677 
  77.5,    -8.165767822 
  77.6,    -8.249282667 
  77.7,    -8.336463788 
  77.8,    -8.427398821 
  77.9,      -8.5221808 
    78,    -8.620908539 
  78.1,    -8.723687039 
  78.2,    -8.830627943 
  78.3,    -8.941850032 
  78.4,    -9.057479771 
  78.5,    -9.177651911 
  78.6,    -9.302510154 
  78.7,    -9.432207888 
  78.8,    -9.566909001 
  78.9,     -9.70678879 
    79,    -9.852034959 
  79.1,    -10.00284875 
  79.2,    -10.15944619 
  79.3,    -10.32205949 
  79.4,    -10.49093864 
  79.5,    -10.66635316 
  79.6,    -10.84859413 
  79.7,    -11.03797642 
  79.8,    -11.23484129 
  79.9,    -11.43955933 
    80,    -11.65253377 
  80.1,    -11.87420433 
  80.2,    -12.10505168 
  80.3,    -12.34560245 
  80.4,    -12.59643521 
  80.5,     -12.8581873 
  80.6,    -13.13156291 
  80.7,    -13.41734247 
  80.8,     -13.7163938 
  80.9,    -14.02968532 
    81,    -14.35830175 
  81.1,    -14.70346297 
  81.2,    -15.06654671 
  81.3,    -15.44911599 
  81.4,    -15.85295267 
  81.5,    -16.28009841 
  81.6,    -16.73290518 
  81.7,    -17.21409776 
  81.8,     -17.7268513 
  81.9,    -18.27488782 
    82,    -18.86259587 
  82.1,    -19.49517769 
  82.2,    -20.17882607 
  82.3,    -20.92092632 
  82.4,    -21.73025917 
  82.5,    -22.61712949 
  82.6,    -23.59321537 
  82.7,    -24.67059958 
  82.8,    -25.85860286 
  82.9,    -27.15496905 
    83,    -28.52354101 
  83.1,    -29.84586119 
  83.2,    -30.85539706 
  83.3,    -31.17909258 
  83.4,    -30.64957955 
  83.5,    -29.50987492 
  83.6,    -28.12766869 
  83.7,    -26.73459408 
  83.8,    -25.42611151 
  83.9,    -24.22824174 
    84,    -23.13955764 
  84.1,    -22.14969001 
  84.2,    -21.24648443 
  84.3,    -20.41851295 
  84.4,    -19.65579492 
  84.5,    -18.94985997 
  84.6,    -18.29359268 
  84.7,    -17.68102611 
  84.8,    -17.10714405 
  84.9,    -16.56771042 
    85,    -16.05912821 
  85.1,    -15.57832512 
  85.2,    -15.12266137 
  85.3,    -14.68985566 
  85.4,     -14.2779254 
  85.5,    -13.88513846 
  85.6,    -13.50997386 
  85.7,     -13.1510897 
  85.8,    -12.80729676 
  85.9,     -12.4775367 
    86,    -12.16086396 
  86.1,    -11.85643058 
  86.2,    -11.56347349 
  86.3,    -11.28130379 
  86.4,    -11.00929759 
  86.5,    -10.74688827 
  86.6,    -10.49355981 
  86.7,    -10.24884107 
  86.8,    -10.01230086 
  86.9,    -9.783543636 
    87,    -9.562205798 
  87.1,    -9.347952423 
  87.2,    -9.140474416 
  87.3,    -8.939486016 
  87.4,    -8.744722579 
  87.5,    -8.555938636 
  87.6,    -8.372906158 
  87.7,    -8.195413022 
  87.8,    -8.023261641 
  87.9,    -7.856267743 
    88,    -7.694259272 
  88.1,    -7.537075409 
  88.2,     -7.38456569 
  88.3,    -7.236589205 
  88.4,    -7.093013883 
  88.5,    -6.953715845 
  88.6,    -6.818578811 
  88.7,     -6.68749357 
  88.8,    -6.560357492 
  88.9,    -6.437074088 
    89,     -6.31755261 
  89.1,    -6.201707681 
  89.2,     -6.08945896 
  89.3,    -5.980730839 
  89.4,    -5.875452156 
  89.5,    -5.773555946 
  89.6,    -5.674979198 
  89.7,    -5.579662646 
  89.8,    -5.487550562 
  89.9,    -5.398590583 
    90,    -5.312733535 
  90.1,    -5.229933286 
  90.2,    -5.150146601 
  90.3,    -5.073333015 
  90.4,     -4.99945471 
  90.5,     -4.92847641 
  90.6,    -4.860365278 
  90.7,    -4.795090828 
  90.8,    -4.732624838 
  90.9,    -4.672941275 
    91,    -4.616016227 
  91.1,    -4.561827841 
  91.2,    -4.510356263 
  91.3,    -4.461583594 
  91.4,    -4.415493838 
  91.5,    -4.372072868 
  91.6,     -4.33130839 
  91.7,    -4.293189913 
  91.8,    -4.257708727 
  91.9,    -4.224857877 
    92,    -4.194632157 
  92.1,    -4.167028092 
  92.2,    -4.142043932 
  92.3,    -4.119679654 
  92.4,    -4.099936962 
  92.5,    -4.082819292 
  92.6,    -4.068331827 
  92.7,     -4.05648151 
  92.8,    -4.047277062 
  92.9,    -4.040729014 
    93,    -4.036849729 
  93.1,    -4.035653441 
  93.2,    -4.037156293 
  93.3,    -4.041376384 
  93.4,    -4.048333819 
  93.5,    -4.058050763 
  93.6,     -4.07055151 
  93.7,    -4.085862546 
  93.8,    -4.104012633 
  93.9,    -4.125032884 
    94,    -4.148956866 
  94.1,    -4.175820693 
  94.2,    -4.205663138 
  94.3,    -4.238525755 
  94.4,     -4.27445301 
  94.5,    -4.313492421 
  94.6,    -4.355694716 
  94.7,       -4.401114 
  94.8,    -4.449807943 
  94.9,    -4.501837977 
    95,    -4.557269515 
  95.1,    -4.616172193 
  95.2,    -4.678620125 
  95.3,    -4.744692192 
  95.4,     -4.81447235 
  95.5,     -4.88804997 
  95.6,     -4.96552021 
  95.7,    -5.046984424 
  95.8,    -5.132550607 
  95.9,    -5.222333893 
    96,     -5.31645709 
  96.1,    -5.415051285 
  96.2,    -5.518256498 
  96.3,    -5.626222418 
  96.4,    -5.739109211 
  96.5,    -5.857088417 
  96.6,    -5.980343957 
  96.7,    -6.109073246 
  96.8,    -6.243488442 
  96.9,    -6.383817846 
    97,    -6.530307473 
  97.1,    -6.683222822 
  97.2,    -6.842850871 
  97.3,    -7.009502344 
  97.4,    -7.183514279 
  97.5,    -7.365252957 
  97.6,    -7.555117247 
  97.7,    -7.753542446 
  97.8,    -7.961004703 
  97.9,    -8.178026119 
    98,    -8.405180682 
  98.1,    -8.643101164 
  98.2,    -8.892487211 
  98.3,    -9.154114838 
  98.4,    -9.428847665 
  98.5,    -9.717650247 
  98.6,    -10.02160401 
  98.7,    -10.34192638 
  98.8,    -10.67999388 
  98.9,    -11.03737027 
    99,    -11.41584089 
  99.1,    -11.81745503 
  99.2,    -12.24457844 
  99.3,    -12.69995882 
  99.4,    -13.18680805 
  99.5,    -13.70890595 
  99.6,    -14.27073146 
  99.7,    -14.87762853 
  99.8,    -15.53601408 
  99.9,    -16.25363287 
   100,    -17.03985295 
 100.1,    -17.90596072 
 100.2,    -18.86531652 
 100.3,    -19.93296122 
 100.4,    -21.12352057 
 100.5,    -22.44423542 
 100.6,    -23.87483452 
 100.7,    -25.31658441 
 100.8,     -26.5000282 
 100.9,    -26.97062418 
   101,    -26.44883729 
 101.1,    -25.19570557 
 101.2,    -23.66870316 
 101.3,    -22.14597363 
 101.4,    -20.73113724 
 101.5,    -19.44634556 
 101.6,    -18.28493519 
 101.7,    -17.23238485 
 101.8,    -16.27360459 
 101.9,    -15.39514552 
   102,    -14.58563177 
 102.1,    -13.83561626 
 102.2,    -13.13728752 
 102.3,    -12.48417312 
 102.4,    -11.87088292 
 102.5,    -11.29289923 
 102.6,    -10.74640944 
 102.7,    -10.22817349 
 102.8,    -9.735419224 
 102.9,    -9.265759338 
   103,    -8.817125294 
 103.1,    -8.387714348 
 103.2,    -7.975946834 
 103.3,    -7.580431495 
 103.4,    -7.199937149 
 103.5,    -6.833369395 
 103.6,    -6.479751332 
 103.7,    -6.138207515 
 103.8,    -5.807950517 
 103.9,    -5.488269621 
   104,    -5.178521249 
 104.1,    -4.878120827 
 104.2,    -4.586535831 
 104.3,    -4.303279821 
 104.4,    -4.027907298 
 104.5,    -3.760009258 
 104.6,    -3.499209321 
 104.7,    -3.245160366 
 104.8,    -2.997541584 
 104.9,    -2.756055884 
   105,     -2.52042762 
 105.1,    -2.290400573 
 105.2,    -2.065736175 
 105.3,    -1.846211917 
 105.4,    -1.631619944 
 105.5,    -1.421765792 
 105.6,    -1.216467263 
 105.7,     -1.01555341 
 105.8,   -0.8188636324 
 105.9,   -0.6262468502 
   106,   -0.4375607679 
 106.1,   -0.2526712032 
 106.2,  -0.07145147965 
 106.3,    0.1062181246 
 106.4,    0.2804508789 
 106.5,    0.4513540577 
 106.6,    0.6190293576 
 106.7,      0.78357328 
 106.8,    0.9450774802 
 106.9,     1.103629089 
   107,     1.259311005 
 107.1,     1.412202171 
 107.2,     1.562377817 
 107.3,     1.709909695 
 107.4,      1.85486629 
 107.5,     1.997313018 
 107.6,     2.137312405 
 107.7,      2.27492426 
 107.8,     2.410205827 
 107.9,     2.543211933 
   108,     2.673995126 
 108.1,     2.802605793 
 108.2,     2.929092285 
 108.3,     3.053501022 
 108.4,     3.175876598 
 108.5,     3.296261871 
 108.6,     3.414698061 
 108.7,     3.531224826 
 108.8,     3.645880342 
 108.9,     3.758701379 
   109,     3.869723368 
 109.1,     3.978980465 
 109.2,     4.086505612 
 109.3,     4.192330597 
 109.4,     4.296486103 
 109.5,     4.399001763 
 109.6,     4.499906207 
 109.7,     4.599227103 
 109.8,     4.696991206 
 109.9,     4.793224394 
   110,     4.887951706 
 110.1,      4.98119738 
 110.2,     5.072984887 
 110.3,     5.163336959 
 110.4,     5.252275626 
 110.5,     5.339822239 
 110.6,     5.425997504 
 110.7,     5.510821499 
 110.8,     5.594313708 
 110.9,     5.676493038 
   111,     5.757377845 
 111.1,     5.836985954 
 111.2,     5.915334678 
 111.3,     5.992440839 
 111.4,     6.068320787 
 111.5,     6.142990414 
 111.6,     6.216465174 
 111.7,     6.288760099 
 111.8,     6.359889811 
 111.9,     6.429868539 
   112,     6.498710132 
 112.1,     6.566428074 
 112.2,     6.633035493 
 112.3,     6.698545175 
 112.4,     6.762969577 
 112.5,     6.826320837 
 112.6,     6.888610782 
 112.7,     6.949850942 
 112.8,     7.010052558 
 112.9,     7.069226591 
   113,     7.127383731 
 113.1,     7.184534406 
 113.2,      7.24068879 
 113.3,     7.295856811 
 113.4,     7.350048158 
 113.5,     7.403272289 
 113.6,     7.455538437 
 113.7,     7.506855618 
 113.8,     7.557232636 
 113.9,      7.60667809 
   114,      7.65520038 
 114.1,     7.702807712 
 114.2,     7.749508106 
 114.3,     7.795309396 
 114.4,     7.840219241 
 114.5,     7.884245127 
 114.6,      7.92739437 
 114.7,     7.969674125 
 114.8,     8.011091387 
 114.9,     8.051652995 
   115,      8.09136564 
 115.1,     8.130235863 
 115.2,     8.168270064 
 115.3,     8.205474502 
 115.4,     8.241855303 
 115.5,     8.277418458 
 115.6,     8.312169829 
 115.7,     8.346115152 
 115.8,     8.379260042 
 115.9,     8.411609991 
   116,     8.443170376 
 116.1,     8.473946459 
 116.2,      8.50394339 
 116.3,     8.533166209 
 116.4,     8.561619852 
 116.5,     8.589309147 
 116.6,     8.616238824 
 116.7,      8.64241351 
 116.8,     8.667837736 
 116.9,     8.692515938 
   117,     8.716452457 
 117.1,     8.739651543 
 117.2,     8.762117358 
 117.3,     8.783853975 
 117.4,     8.804865381 
 117.5,     8.825155479 
 117.6,      8.84472809 
 117.7,     8.863586952 
 117.8,     8.881735726 
 117.9,     8.899177994 
   118,     8.915917262 
 118.1,     8.931956961 
 118.2,     8.947300447 
 118.3,     8.961951006 
 118.4,     8.975911851 
 118.5,     8.989186125 
 118.6,     9.001776905 
 118.7,     9.013687197 
 118.8,     9.024919943 
 118.9,     9.035478019 
   119,     9.045364237 
 119.1,     9.054581345 
 119.2,     9.063132029 
 119.3,     9.071018915 
 119.4,     9.078244567 
 119.5,     9.084811489 
 119.6,     9.090722129 
 119.7,     9.095978874 
 119.8,     9.100584056 
 119.9,      9.10453995 
   120,     9.107848775 
 120.1,     9.110512695 
 120.2,     9.112533821 
 120.3,      9.11391421 
 120.4,     9.114655866 
 120.5,     9.114760739 
 120.6,      9.11423073 
 120.7,     9.113067687 
 120.8,     9.111273408 
 120.9,     9.108849641 
   121,     9.105798085 
 121.1,     9.102120387 
 121.2,     9.097818149 
 121.3,     9.092892923 
 121.4,     9.087346212 
 121.5,     9.081179473 
 121.6,     9.074394115 
 121.7,     9.066991502 
 121.8,      9.05897295 
 121.9,     9.050339728 
   122,      9.04109306 
 122.1,     9.031234127 
 122.2,      9.02076406 
 122.3,     9.009683948 
 122.4,     8.997994834 
 122.5,     8.985697718 
 122.6,     8.972793553 
 122.7,     8.959283248 
 122.8,     8.945167671 
 122.9,     8.930447641 
   123,     8.915123938 
 123.1,     8.899197294 
 123.2,       8.8826684 
 123.3,     8.865537903 
 123.4,     8.847806404 
 123.5,     8.829474463 
 123.6,     8.810542595 
 123.7,     8.791011273 
 123.8,     8.770880924 
 123.9,     8.750151934 
   124,     8.728824641 
 124.1,     8.706899345 
 124.2,     8.684376297 
 124.3,     8.661255707 
 124.4,      8.63753774 
 124.5,     8.613222516 
 124.6,     8.588310111 
 124.7,     8.562800558 
 124.8,     8.536693842 
 124.9,     8.509989906 
   125,     8.482688646 
 125.1,     8.454789913 
 125.2,     8.426293512 
 125.3,     8.397199202 
 125.4,     8.367506697 
 125.5,     8.337215661 
 125.6,     8.306325715 
 125.7,      8.27483643 
 125.8,      8.24274733 
 125.9,      8.21005789 
   126,     8.176767537 
 126.1,     8.142875649 
 126.2,     8.108381555 
 126.3,     8.073284532 
 126.4,     8.037583809 
 126.5,     8.001278563 
 126.6,     7.964367917 
 126.7,     7.926850945 
 126.8,     7.888726667 
 126.9,     7.849994049 
   127,     7.810652004 
 127.1,     7.770699387 
 127.2,     7.730135002 
 127.3,     7.688957593 
 127.4,     7.647165849 
 127.5,       7.6047584 
 127.6,     7.561733818 
 127.7,     7.518090614 
 127.8,     7.473827241 
 127.9,     7.428942088 
   128,     7.383433483 
 128.1,      7.33729969 
 128.2,     7.290538909 
 128.3,     7.243149274 
 128.4,     7.195128853 
 128.5,     7.146475646 
 128.6,     7.097187584 
 128.7,     7.047262528 
 128.8,     6.996698267 
 128.9,     6.945492517 
   129,     6.893642922 
 129.1,     6.841147047 
 129.2,     6.788002384 
 129.3,     6.734206343 
 129.4,     6.679756256 
 129.5,     6.624649373 
 129.6,      6.56888286 
 129.7,     6.512453798 
 129.8,     6.455359182 
 129.9,     6.397595918 
   130,     6.339160821 
 130.1,     6.280050613 
 130.2,     6.220261924 
 130.3,     6.159791283 
 130.4,     6.098635124 
 130.5,     6.036789778 
 130.6,     5.974251473 
 130.7,     5.911016331 
 130.8,     5.847080365 
 130.9,     5.782439477 
   131,     5.717089457 
 131.1,     5.651025976 
 131.2,     5.584244588 
 131.3,     5.516740723 
 131.4,     5.448509686 
 131.5,     5.379546654 
 131.6,     5.309846672 
 131.7,     5.239404648 
 131.8,     5.168215353 
 131.9,     5.096273415 
   132,     5.023573315 
 132.1,     4.950109383 
 132.2,     4.875875797 
 132.3,     4.800866573 
 132.4,     4.725075566 
 132.5,     4.648496463 
 132.6,     4.571122778 
 132.7,     4.492947847 
 132.8,     4.413964824 
 132.9,     4.334166675 
   133,     4.253546173 
 133.1,     4.172095891 
 133.2,     4.089808196 
 133.3,     4.006675246 
 133.4,     3.922688978 
 133.5,     3.837841106 
 133.6,     3.752123114 
 133.7,     3.665526243 
 133.8,     3.578041491 
 133.9,     3.489659601 
   134,     3.400371051 
 134.1,     3.310166051 
 134.2,     3.219034529 
 134.3,     3.126966123 
 134.4,     3.033950175 
 134.5,     2.939975714 
 134.6,     2.845031452 
 134.7,     2.749105769 
 134.8,     2.652186703 
 134.9,     2.554261938 
   135,     2.455318792 
 135.1,       2.3553442 
 135.2,     2.254324708 
 135.3,     2.152246451 
 135.4,     2.049095142 
 135.5,     1.944856056 
 135.6,     1.839514013 
 135.7,      1.73305336 
 135.8,     1.625457957 
 135.9,     1.516711151 
   136,     1.406795765 
 136.1,     1.295694068 
 136.2,     1.183387763 
 136.3,     1.069857955 
 136.4,    0.9550851354 
 136.5,    0.8390491494 
 136.6,    0.7217291753 
 136.7,    0.6031036939 
 136.8,    0.4831504601 
 136.9,    0.3618464723 
   137,      0.23916794 
 137.1,    0.1150902498 
 137.2,  -0.01041207015 
 137.3,   -0.1373653882 
 137.4,   -0.2657970087 
 137.5,   -0.3957352138 
 137.6,    -0.527209308 
 137.7,   -0.6602496646 
 137.8,   -0.7948877747 
 137.9,   -0.9311562999 
   138,    -1.069089127 
 138.1,    -1.208721425 
 138.2,    -1.350089709 
 138.3,    -1.493231903 
 138.4,    -1.638187411 
 138.5,    -1.784997187 
 138.6,    -1.933703815 
 138.7,    -2.084351589 
 138.8,    -2.236986602 
 138.9,    -2.391656836 
   139,     -2.54841226 
 139.1,    -2.707304935 
 139.2,    -2.868389123 
 139.3,    -3.031721405 
 139.4,    -3.197360801 
 139.5,     -3.36536891 
 139.6,     -3.53581004 
 139.7,    -3.708751366 
 139.8,    -3.884263082 
 139.9,     -4.06241857 
   140,     -4.24329458 
 140.1,    -4.426971417 
 140.2,    -4.613533144 
 140.3,    -4.803067794 
 140.4,    -4.995667592 
 140.5,    -5.191429199 
 140.6,    -5.390453961 
 140.7,    -5.592848174 
 140.8,    -5.798723365 
 140.9,    -6.008196585 
   141,    -6.221390716 
 141.1,    -6.438434789 
 141.2,    -6.659464315 
 141.3,    -6.884621626 
 141.4,    -7.114056215 
 141.5,    -7.347925091 
 141.6,    -7.586393117 
 141.7,    -7.829633341 
 141.8,    -8.077827309 
 141.9,    -8.331165334 
   142,    -8.589846717 
 142.1,    -8.854079884 
 142.2,    -9.124082419 
 142.3,    -9.400080936 
 142.4,    -9.682310761 
 142.5,    -9.971015319 
 142.6,    -10.26644518 
 142.7,    -10.56885659 
 142.8,    -10.87850941 
 142.9,    -11.19566418 
   143,     -11.5205781 
 143.1,    -11.85349963 
 143.2,    -12.19466117 
 143.3,    -12.54426939 
 143.4,    -12.90249242 
 143.5,    -13.26944305 
 143.6,    -13.64515675 
 143.7,    -14.02956315 
 143.8,    -14.42244919 
 143.9,    -14.82341202 
   144,    -15.23179915 
 144.1,    -15.64663368 
 144.2,    -16.06652229 
 144.3,    -16.48954504 
 144.4,    -16.91312792 
 144.5,    -17.33390353 
 144.6,    -17.74757176 
 144.7,    -18.14878278 
 144.8,    -18.53107759 
 144.9,    -18.88693508 
   145,    -19.20798295 
 145.1,    -19.48542293 
 145.2,    -19.71068776 
 145.3,    -19.87628287 
 145.4,    -19.97668286 
 145.5,     -20.0090867 
 145.6,    -19.97383067 
 145.7,    -19.87433759 
 145.8,    -19.71661763 
 145.9,    -19.50846552 
   146,    -19.25856084 
 146.1,    -18.97565739 
 146.2,    -18.66797381 
 146.3,    -18.34281655 
 146.4,    -18.00640835 
 146.5,    -17.66386832 
 146.6,    -17.31928711 
 146.7,    -16.97585118 
 146.8,    -16.63598348 
 146.9,    -16.30148109 
   147,    -15.97363919 
 147.1,    -15.65335751 
 147.2,    -15.34122848 
 147.3,    -15.03760873 
 147.4,    -14.74267595 
 147.5,    -14.45647377 
 147.6,    -14.17894658 
 147.7,    -13.90996661 
 147.8,    -13.64935467 
 147.9,    -13.39689602 
   148,    -13.15235249 
 148.1,    -12.91547156 
 148.2,    -12.68599323 
 148.3,    -12.46365514 
 148.4,    -12.24819631 
 148.5,    -12.03935983 
 148.6,    -11.83689488 
 148.7,    -11.64055797 
 148.8,     -11.4501139 
 148.9,    -11.26533625 
   149,    -11.08600767 
 149.1,    -10.91191998 
 149.2,    -10.74287409 
 149.3,    -10.57867988 
 149.4,    -10.41915592 
 149.5,    -10.26412921 
 149.6,    -10.11343489 
 149.7,    -9.966915852 
 149.8,     -9.82442245 
 149.9,    -9.685812116 
   150,    -9.550949029 
 150.1,    -9.419703778 
 150.2,    -9.291953028 
 150.3,     -9.16757921 
 150.4,    -9.046470214 
 150.5,    -8.928519096 
 150.6,    -8.813623807 
 150.7,    -8.701686926 
 150.8,    -8.592615409 
 150.9,    -8.486320362 
   151,    -8.382716807 
 151.1,    -8.281723481 
 151.2,    -8.183262632 
 151.3,    -8.087259835 
 151.4,    -7.993643815 
 151.5,    -7.902346283 
 151.6,    -7.813301775 
 151.7,    -7.726447512 
 151.8,    -7.641723256 
 151.9,    -7.559071183 
   152,    -7.478435759 
 152.1,    -7.399763625 
 152.2,    -7.323003489 
 152.3,    -7.248106022 
 152.4,    -7.175023762 
 152.5,    -7.103711025 
 152.6,    -7.034123816 
 152.7,     -6.96621975 
 152.8,    -6.899957976 
 152.9,    -6.835299102 
   153,    -6.772205131 
 153.1,    -6.710639394 
 153.2,    -6.650566489 
 153.3,    -6.591952227 
 153.4,    -6.534763571 
 153.5,    -6.478968593 
 153.6,    -6.424536416 
 153.7,    -6.371437176 
 153.8,    -6.319641974 
 153.9,    -6.269122834 
   154,    -6.219852667 
 154.1,    -6.171805231 
 154.2,    -6.124955095 
 154.3,    -6.079277608 
 154.4,    -6.034748866 
 154.5,    -5.991345681 
 154.6,    -5.949045551 
 154.7,    -5.907826637 
 154.8,    -5.867667729 
 154.9,    -5.828548231 
   155,     -5.79044813 
 155.1,    -5.753347976 
 155.2,    -5.717228858 
 155.3,     -5.68207239 
 155.4,    -5.647860682 
 155.5,    -5.614576332 
 155.6,    -5.582202396 
 155.7,    -5.550722384 
 155.8,    -5.520120232 
 155.9,    -5.490380295 
   156,    -5.461487328 
 156.1,    -5.433426472 
 156.2,    -5.406183241 
 156.3,    -5.379743511 
 156.4,    -5.354093502 
 156.5,    -5.329219774 
 156.6,    -5.305109207 
 156.7,    -5.281748998 
 156.8,    -5.259126645 
 156.9,    -5.237229938 
   157,    -5.216046953 
 157.1,    -5.195566036 
 157.2,    -5.175775801 
 157.3,    -5.156665118 
 157.4,    -5.138223104 
 157.5,    -5.120439118 
 157.6,    -5.103302751 
 157.7,     -5.08680382 
 157.8,     -5.07093236 
 157.9,    -5.055678619 
   158,     -5.04103305 
 158.1,    -5.026986305 
 158.2,    -5.013529229 
 158.3,    -5.000652856 
 158.4,    -4.988348402 
 158.5,    -4.976607257 
 158.6,    -4.965420986 
 158.7,    -4.954781318 
 158.8,    -4.944680146 
 158.9,    -4.935109519 
   159,    -4.926061639 
 159.1,    -4.917528857 
 159.2,    -4.909503668 
 159.3,    -4.901978707 
 159.4,    -4.894946748 
 159.5,    -4.888400695 
 159.6,    -4.882333582 
 159.7,    -4.876738571 
 159.8,    -4.871608944 
 159.9,    -4.866938105 
   160,    -4.862719571 
 160.1,    -4.858946976 
 160.2,    -4.855614061 
 160.3,    -4.852714677 
 160.4,    -4.850242779 
 160.5,    -4.848192423 
 160.6,    -4.846557767 
 160.7,    -4.845333065 
 160.8,    -4.844512666 
 160.9,    -4.844091011 
   161,    -4.844062634 
 161.1,    -4.844422153 
 161.2,    -4.845164276 
 161.3,    -4.846283793 
 161.4,    -4.847775577 
 161.5,    -4.849634582 
 161.6,    -4.851855839 
 161.7,    -4.854434456 
 161.8,    -4.857365618 
 161.9,    -4.860644581 
   162,    -4.864266673 
 162.1,    -4.868227294 
 162.2,    -4.872521912 
 162.3,    -4.877146061 
 162.4,    -4.882095342 
 162.5,    -4.887365421 
 162.6,    -4.892952026 
 162.7,    -4.898850947 
 162.8,    -4.905058036 
 162.9,    -4.911569203 
   163,    -4.918380417 
 163.1,    -4.925487703 
 163.2,    -4.932887144 
 163.3,    -4.940574876 
 163.4,    -4.948547091 
 163.5,    -4.956800032 
 163.6,    -4.965329995 
 163.7,    -4.974133327 
 163.8,    -4.983206426 
 163.9,    -4.992545736 
   164,    -5.002147753 
 164.1,     -5.01200902 
 164.2,    -5.022126125 
 164.3,    -5.032495703 
 164.4,    -5.043114434 
 164.5,    -5.053979044 
 164.6,    -5.065086301 
 164.7,    -5.076433016 
 164.8,    -5.088016045 
 164.9,    -5.099832282 
   165,    -5.111878666 
 165.1,    -5.124152173 
 165.2,    -5.136649822 
 165.3,     -5.14936867 
 165.4,    -5.162305814 
 165.5,    -5.175458387 
 165.6,    -5.188823562 
 165.7,     -5.20239855 
 165.8,    -5.216180596 
 165.9,    -5.230166983 
   166,    -5.244355032 
 166.1,    -5.258742096 
 166.2,    -5.273325565 
 166.3,    -5.288102864 
 166.4,    -5.303071451 
 166.5,     -5.31822882 
 166.6,    -5.333572496 
 166.7,    -5.349100039 
 166.8,    -5.364809042 
 166.9,     -5.38069713 
   167,    -5.396761959 
 167.1,     -5.41300122 
 167.2,    -5.429412633 
 167.3,    -5.445993951 
 167.4,    -5.462742957 
 167.5,    -5.479657465 
 167.6,    -5.496735321 
 167.7,    -5.513974399 
 167.8,    -5.531372604 
 167.9,    -5.548927874 
   168,    -5.566638171 
 168.1,    -5.584501491 
 168.2,    -5.602515858 
 168.3,    -5.620679325 
 168.4,    -5.638989973 
 168.5,    -5.657445913 
 168.6,    -5.676045284 
 168.7,    -5.694786255 
 168.8,    -5.713667021 
 168.9,    -5.732685806 
   169,    -5.751840863 
 169.1,    -5.771130472 
 169.2,    -5.790552941 
 169.3,    -5.810106605 
 169.4,    -5.829789828 
 169.5,    -5.849601001 
 169.6,    -5.869538542 
 169.7,    -5.889600896 
 169.8,    -5.909786535 
 169.9,    -5.930093961 
   170,    -5.950521699 
 170.1,    -5.971068304 
 170.2,    -5.991732357 
 170.3,    -6.012512465 
 170.4,    -6.033407263 
 170.5,    -6.054415414 
 170.6,    -6.075535605 
 170.7,    -6.096766551 
 170.8,    -6.118106995 
 170.9,    -6.139555704 
   171,    -6.161111475 
 171.1,    -6.182773129 
 171.2,    -6.204539515 
 171.3,    -6.226409508 
 171.4,     -6.24838201 
 171.5,    -6.270455951 
 171.6,    -6.292630284 
 171.7,    -6.314903992 
 171.8,    -6.337276085 
 171.9,    -6.359745596 
   172,     -6.38231159 
 172.1,    -6.404973153 
 172.2,    -6.427729403 
 172.3,    -6.450579481 
 172.4,    -6.473522558 
 172.5,    -6.496557829 
 172.6,    -6.519684518 
 172.7,    -6.542901874 
 172.8,    -6.566209175 
 172.9,    -6.589605726 
   173,    -6.613090858 
 173.1,    -6.636663929 
 173.2,    -6.660324325 
 173.3,    -6.684071459 
 173.4,    -6.707904773 
 173.5,    -6.731823733 
 173.6,    -6.755827835 
 173.7,    -6.779916602 
 173.8,    -6.804089585 
 173.9,    -6.828346363 
   174,     -6.85268654 
 174.1,    -6.877109751 
 174.2,    -6.901615658 
 174.3,    -6.926203951 
 174.4,    -6.950874348 
 174.5,    -6.975626595 
 174.6,    -7.000460466 
 174.7,    -7.025375765 
 174.8,    -7.050372322 
 174.9,    -7.075449998 
   175,    -7.100608681 
 175.1,    -7.125848289 
 175.2,    -7.151168766 
 175.3,    -7.176570089 
 175.4,    -7.202052262 
 175.5,    -7.227615318 
 175.6,    -7.253259319 
 175.7,    -7.278984358 
 175.8,    -7.304790555 
 175.9,    -7.330678061 
   176,    -7.356647058 
 176.1,    -7.382697756 
 176.2,    -7.408830394 
 176.3,    -7.435045245 
 176.4,    -7.461342607 
 176.5,    -7.487722812 
 176.6,    -7.514186221 
 176.7,    -7.540733226 
 176.8,    -7.567364249 
 176.9,    -7.594079744 
   177,    -7.620880194 
 177.1,    -7.647766114 
 177.2,    -7.674738051 
 177.3,    -7.701796582 
 177.4,    -7.728942316 
 177.5,    -7.756175894 
 177.6,    -7.783497986 
 177.7,    -7.810909298 
 177.8,    -7.838410564 
 177.9,    -7.866002553 
   178,    -7.893686065 
 178.1,    -7.921461932 
 178.2,    -7.949331019 
 178.3,    -7.977294224 
 178.4,    -8.005352477 
 178.5,     -8.03350674 
 178.6,    -8.061758011 
 178.7,    -8.090107318 
 178.8,    -8.118555726 
 178.9,    -8.147104329 
   179,    -8.175754258 
 179.1,    -8.204506677 
 179.2,    -8.233362783 
 179.3,    -8.262323809 
 179.4,    -8.291391021 
 179.5,    -8.320565719 
 179.6,    -8.349849239 
 179.7,     -8.37924295 
 179.8,    -8.408748258 
 179.9,    -8.438366602 
   180,    -8.468099458 
 180.1,    -8.497948337 
 180.2,    -8.527914784 
 180.3,    -8.558000382 
 180.4,    -8.588206749 
 180.5,    -8.618535539 
 180.6,    -8.648988441 
 180.7,    -8.679567184 
 180.8,    -8.710273529 
 180.9,    -8.741109278 
   181,    -8.772076267 
 181.1,    -8.803176371 
 181.2,    -8.834411502 
 181.3,    -8.865783607 
 181.4,    -8.897294676 
 181.5,    -8.928946731 
 181.6,    -8.960741836 
 181.7,    -8.992682092 
 181.8,    -9.024769638 
 181.9,    -9.057006653 
   182,    -9.089395354 
 182.1,    -9.121937995 
 182.2,    -9.154636873 
 182.3,    -9.187494322 
 182.4,    -9.220512716 
 182.5,    -9.253694469 
 182.6,    -9.287042034 
 182.7,    -9.320557906 
 182.8,    -9.354244619 
 182.9,    -9.388104747 
   183,    -9.422140907 
 183.1,    -9.456355753 
 183.2,    -9.490751985 
 183.3,     -9.52533234 
 183.4,    -9.560099598 
 183.5,    -9.595056582 
 183.6,    -9.630206154 
 183.7,    -9.665551221 
 183.8,     -9.70109473 
 183.9,    -9.736839671 
   184,    -9.772789077 
 184.1,    -9.808946022 
 184.2,    -9.845313624 
 184.3,    -9.881895044 
 184.4,    -9.918693486 
 184.5,    -9.955712196 
 184.6,    -9.992954467 
 184.7,    -10.03042363 
 184.8,    -10.06812306 
 184.9,    -10.10605619 
   185,    -10.14422647 
 185.1,    -10.18263742 
 185.2,    -10.22129258 
 185.3,    -10.26019556 
 185.4,    -10.29934999 
 185.5,    -10.33875956 
 185.6,    -10.37842799 
 185.7,    -10.41835907 
 185.8,     -10.4585566 
 185.9,    -10.49902445 
   186,    -10.53976651 
 186.1,    -10.58078674 
 186.2,    -10.62208913 
 186.3,    -10.66367772 
 186.4,    -10.70555657 
 186.5,    -10.74772981 
 186.6,    -10.79020161 
 186.7,    -10.83297616 
 186.8,    -10.87605772 
 186.9,    -10.91945058 
   187,    -10.96315906 
 187.1,    -11.00718754 
 187.2,    -11.05154043 
 187.3,    -11.09622217 
 187.4,    -11.14123726 
 187.5,    -11.18659022 
 187.6,    -11.23228563 
 187.7,    -11.27832807 
 187.8,    -11.32472218 
 187.9,    -11.37147264 
   188,    -11.41858414 
 188.1,    -11.46606143 
 188.2,    -11.51390927 
 188.3,    -11.56213245 
 188.4,    -11.61073579 
 188.5,    -11.65972413 
 188.6,    -11.70910236 
 188.7,    -11.75887537 
 188.8,    -11.80904805 
 188.9,    -11.85962535 
   189,     -11.9106122 
 189.1,    -11.96201356 
 189.2,    -12.01383439 
 189.3,    -12.06607967 
 189.4,    -12.11875435 
 189.5,    -12.17186341 
 189.6,    -12.22541181 
 189.7,    -12.27940451 
 189.8,    -12.33384645 
 189.9,    -12.38874254 
   190,    -12.44409768 
 190.1,    -12.49991673 
 190.2,    -12.55620453 
 190.3,    -12.61296586 
 190.4,    -12.67020545 
 190.5,      -12.727928 
 190.6,    -12.78613811 
 190.7,    -12.84484034 
 190.8,    -12.90403914 
 190.9,    -12.96373888 
   191,    -13.02394384 
 191.1,    -13.08465818 
 191.2,    -13.14588593 
 191.3,    -13.20763098 
 191.4,     -13.2698971 
 191.5,    -13.33268787 
 191.6,    -13.39600669 
 191.7,    -13.45985679 
 191.8,    -13.52424117 
 191.9,    -13.58916261 
   192,    -13.65462363 
 192.1,     -13.7206265 
 192.2,     -13.7871732 
 192.3,    -13.85426537 
 192.4,    -13.92190434 
 192.5,    -13.99009107 
 192.6,    -14.05882612 
 192.7,    -14.12810965 
 192.8,    -14.19794135 
 192.9,    -14.26832043 
   193,    -14.33924557 
 193.1,    -14.41071493 
 193.2,    -14.48272603 
 193.3,    -14.55527577 
 193.4,    -14.62836039 
 193.5,    -14.70197536 
 193.6,     -14.7761154 
 193.7,    -14.85077441 
 193.8,    -14.92594538 
 193.9,    -15.00162037 
   194,    -15.07779044 
 194.1,    -15.15444558 
 194.2,    -15.23157467 
 194.3,    -15.30916534 
 194.4,    -15.38720399 
 194.5,    -15.46567564 
 194.6,    -15.54456389 
 194.7,    -15.62385081 
 194.8,    -15.70351688 
 194.9,    -15.78354087 
   195,    -15.86389976 
 195.1,    -15.94456866 
 195.2,    -16.02552069 
 195.3,    -16.10672687 
 195.4,    -16.18815604 
 195.5,    -16.26977473 
 195.6,    -16.35154706 
 195.7,    -16.43343465 
 195.8,    -16.51539646 
 195.9,    -16.59738875 
   196,     -16.6793649 
 196.1,    -16.76127535 
 196.2,    -16.84306747 
 196.3,     -16.9246855 
 196.4,    -17.00607041 
 196.5,    -17.08715982 
 196.6,    -17.16788796 
 196.7,    -17.24818556 
 196.8,    -17.32797982 
 196.9,    -17.40719438 
   197,    -17.48574926 
 197.1,    -17.56356089 
 197.2,    -17.64054213 
 197.3,    -17.71660229 
 197.4,    -17.79164722 
 197.5,    -17.86557943 
 197.6,    -17.93829817 
 197.7,    -18.00969967 
 197.8,    -18.07967728 
 197.9,    -18.14812179 
   198,    -18.21492163 
 198.1,    -18.27996331 
 198.2,     -18.3431317 
 198.3,    -18.40431053 
 198.4,    -18.46338279 
 198.5,     -18.5202313 
 198.6,    -18.57473923 
 198.7,    -18.62679069 
 198.8,    -18.67627138 
 198.9,    -18.72306923 
   199,    -18.76707509 
 199.1,    -18.80818343 
 199.2,    -18.84629305 
 199.3,    -18.88130782 
 199.4,    -18.91313734 
 199.5,    -18.94169769 
 199.6,    -18.96691207 
 199.7,     -18.9887114 
 199.8,    -19.00703499 
 199.9,    -19.02183096 
   200,    -19.03305682 
 200.1,    -19.04067977 
 200.2,    -19.04467706 
 200.3,     -19.0450362 
 200.4,    -19.04175511 
 200.5,    -19.03484215 
 200.6,     -19.0243161 
 200.7,    -19.01020597 
 200.8,    -18.99255085 
 200.9,    -18.97139949 
   201,    -18.94681001 
 201.1,    -18.91884937 
 201.2,    -18.88759286 
 201.3,     -18.8531235 
 201.4,    -18.81553142 
 201.5,    -18.77491321 
 201.6,    -18.73137118 
 201.7,    -18.68501269 
 201.8,    -18.63594943 
 201.9,    -18.58429668 
   202,    -18.53017265 
 202.1,    -18.47369777 
 202.2,    -18.41499402 
 202.3,    -18.35418437 
 202.4,    -18.29139209 
 202.5,     -18.2267403 
 202.6,    -18.16035137 
 202.7,    -18.09234654 
 202.8,    -18.02284544 
 202.9,    -17.95196571 
   203,    -17.87982273 
 203.1,    -17.80652927 
 203.2,    -17.73219527 
 203.3,    -17.65692762 
 203.4,    -17.58083003 
 203.5,    -17.50400283 
 203.6,    -17.42654295 
 203.7,    -17.34854377 
 203.8,    -17.27009514 
 203.9,    -17.19128332 
   204,    -17.11219101 
 204.1,    -17.03289737 
 204.2,    -16.95347802 
 204.3,    -16.87400518 
 204.4,    -16.79454764 
 204.5,    -16.71517091 
 204.6,    -16.63593729 
 204.7,    -16.55690593 
 204.8,    -16.47813299 
 204.9,    -16.39967169 
   205,    -16.32157245 
 205.1,    -16.24388298 
 205.2,    -16.16664842 
 205.3,    -16.08991142 
 205.4,    -16.01371226 
 205.5,    -15.93808896 
 205.6,     -15.8630774 
 205.7,    -15.78871141 
 205.8,    -15.71502288 
 205.9,    -15.64204185 
   206,    -15.56979663 
 206.1,    -15.49831388 
 206.2,    -15.42761868 
 206.3,    -15.35773467 
 206.4,    -15.28868409 
 206.5,    -15.22048788 
 206.6,    -15.15316573 
 206.7,    -15.08673622 
 206.8,    -15.02121681 
 206.9,    -14.95662396 
   207,    -14.89297318 
 207.1,    -14.83027908 
 207.2,    -14.76855547 
 207.3,    -14.70781533 
 207.4,    -14.64807097 
 207.5,    -14.58933399 
 207.6,    -14.53161537 
 207.7,    -14.47492552 
 207.8,    -14.41927428 
 207.9,    -14.36467101 
   208,     -14.3111246 
 208.1,     -14.2586435 
 208.2,    -14.20723577 
 208.3,     -14.1569091 
 208.4,    -14.10767083 
 208.5,      -14.059528 
 208.6,    -14.01248736 
 208.7,     -13.9665554 
 208.8,    -13.92173836 
 208.9,    -13.87804228 
   209,    -13.83547296 
 209.1,    -13.79403605 
 209.2,    -13.75373701 
 209.3,    -13.71458117 
 209.4,    -13.67657369 
 209.5,    -13.63971962 
 209.6,    -13.60402389 
 209.7,    -13.56949133 
 209.8,    -13.53612665 
 209.9,    -13.50393448 
   210,    -13.47291937 
 210.1,    -13.44308578 
 210.2,     -13.4144381 
 210.3,    -13.38698064 
 210.4,    -13.36071764 
 210.5,    -13.33565327 
 210.6,    -13.31179162 
 210.7,    -13.28913671 
 210.8,    -13.26769249 
 210.9,    -13.24746282 
   211,    -13.22845145 
 211.1,    -13.21066207 
 211.2,    -13.19409825 
 211.3,    -13.17876343 
 211.4,    -13.16466095 
 211.5,    -13.15179398 
 211.6,    -13.14016555 
 211.7,    -13.12977852 
 211.8,    -13.12063556 
 211.9,    -13.11273909 
   212,    -13.10609135 
 212.1,    -13.10069427 
 212.2,    -13.09654951 
 212.3,     -13.0936584 
 212.4,    -13.09202191 
 212.5,    -13.09164063 
 212.6,     -13.0925147 
 212.7,     -13.0946438 
 212.8,    -13.09802706 
 212.9,    -13.10266304 
   213,     -13.1085497 
 213.1,    -13.11568426 
 213.2,    -13.12406321 
 213.3,     -13.1336822 
 213.4,    -13.14453598 
 213.5,    -13.15661833 
 213.6,    -13.16992194 
 213.7,    -13.18443832 
 213.8,    -13.20015774 
 213.9,    -13.21706908 
   214,    -13.23515972 
 214.1,    -13.25441544 
 214.2,    -13.27482025 
 214.3,    -13.29635628 
 214.4,     -13.3190036 
 214.5,    -13.34274009 
 214.6,    -13.36754124 
 214.7,    -13.39337997 
 214.8,    -13.42022648 
 214.9,    -13.44804798 
   215,    -13.47680851 
 215.1,    -13.50646873 
 215.2,    -13.53698564 
 215.3,    -13.56831237 
 215.4,    -13.60039791 
 215.5,    -13.63318683 
 215.6,    -13.66661902 
 215.7,    -13.70062941 
 215.8,    -13.73514766 
 215.9,    -13.77009787 
   216,    -13.80539833 
 216.1,    -13.84096116 
 216.2,    -13.87669207 
 216.3,    -13.91249008 
 216.4,    -13.94824723 
 216.5,    -13.98384837 
 216.6,     -14.0191709 
 216.7,    -14.05408464 
 216.8,    -14.08845165 
 216.9,    -14.12212611 
   217,    -14.15495436 
 217.1,    -14.18677486 
 217.2,    -14.21741833 
 217.3,    -14.24670793 
 217.4,    -14.27445958 
 217.5,    -14.30048236 
 217.6,    -14.32457902 
 217.7,    -14.34654663 
 217.8,    -14.36617743 
 217.9,    -14.38325967 
   218,    -14.39757875 
 218.1,    -14.40891843 
 218.2,    -14.41706218 
 218.3,    -14.42179469 
 218.4,    -14.42290348 
 218.5,    -14.42018061 
 218.6,    -14.41342455 
 218.7,    -14.40244198 
 218.8,    -14.38704974 
 218.9,    -14.36707671 
   219,    -14.34236566 
 219.1,    -14.31277506 
 219.2,    -14.27818068 
 219.3,    -14.23847714 
 219.4,    -14.19357922 
 219.5,    -14.14342288 
 219.6,    -14.08796612 
 219.7,    -14.02718952 
 219.8,    -13.96109649 
 219.9,    -13.88971318 
   220,    -13.81308818 
 220.1,    -13.73129183 
 220.2,    -13.64441534 
 220.3,     -13.5525696 
 220.4,    -13.45588385 
 220.5,    -13.35450406 
 220.6,    -13.24859125 
 220.7,    -13.13831971 
 220.8,    -13.02387508 
 220.9,    -12.90545244 
   221,    -12.78325448 
 221.1,    -12.65748957 
 221.2,    -12.52837002 
 221.3,    -12.39611039 
 221.4,    -12.26092588 
 221.5,     -12.1230309 
 221.6,    -11.98263778 
 221.7,    -11.83995554 
 221.8,    -11.69518894 
 221.9,    -11.54853752 
   222,    -11.40019493 
 222.1,    -11.25034827 
 222.2,    -11.09917763 
 222.3,    -10.94685573 
 222.4,    -10.79354764 
 222.5,    -10.63941064 
 222.6,    -10.48459409 
 222.7,    -10.32923951 
 222.8,    -10.17348054 
 222.9,    -10.01744312 
   223,    -9.861245642 
 223.1,     -9.70499911 
 223.2,    -9.548807409 
 223.3,    -9.392767534 
 223.4,    -9.236969864 
 223.5,    -9.081498442 
 223.6,    -8.926431266 
 223.7,    -8.771840578 
 223.8,    -8.617793161 
 223.9,    -8.464350626 
   224,    -8.311569704 
 224.1,    -8.159502525 
 224.2,    -8.008196888 
 224.3,    -7.857696528 
 224.4,    -7.708041369 
 224.5,    -7.559267769 
 224.6,    -7.411408754 
 224.7,    -7.264494235 
 224.8,    -7.118551225 
 224.9,    -6.973604039 
   225,    -6.829674477 
 225.1,    -6.686782009 
 225.2,    -6.544943941 
 225.3,    -6.404175572 
 225.4,    -6.264490346 
 225.5,    -6.125899987 
 225.6,     -5.98841463 
 225.7,    -5.852042949 
 225.8,    -5.716792262 
 225.9,    -5.582668643 
   226,    -5.449677021 
 226.1,    -5.317821272 
 226.2,    -5.187104303 
 226.3,    -5.057528135 
 226.4,    -4.929093975 
 226.5,    -4.801802288 
 226.6,     -4.67565286 
 226.7,    -4.550644857 
 226.8,    -4.426776881 
 226.9,    -4.304047021 
   227,    -4.182452902 
 227.1,    -4.061991727 
 227.2,    -3.942660319 
 227.3,    -3.824455159 
 227.4,    -3.707372422 
 227.5,    -3.591408005 
 227.6,    -3.476557562 
 227.7,    -3.362816528 
 227.8,    -3.250180148 
 227.9,    -3.138643497 
   228,    -3.028201502 
 228.1,    -2.918848966 
 228.2,    -2.810580582 
 228.3,    -2.703390951 
 228.4,      -2.5972746 
 228.5,    -2.492225994 
 228.6,    -2.388239549 
 228.7,    -2.285309647 
 228.8,    -2.183430643 
 228.9,    -2.082596879 
   229,    -1.982802693 
 229.1,    -1.884042422 
 229.2,     -1.78631042 
 229.3,    -1.689601056 
 229.4,    -1.593908725 
 229.5,    -1.499227853 
 229.6,    -1.405552903 
 229.7,    -1.312878379 
 229.8,     -1.22119883 
 229.9,    -1.130508858 
   230,    -1.040803115 
 230.1,   -0.9520763132 
 230.2,   -0.8643232225 
 230.3,   -0.7775386766 
 230.4,    -0.691717574 
 230.5,   -0.6068548803 
 230.6,   -0.5229456302 
 230.7,   -0.4399849292 
 230.8,   -0.3579679547 
 230.9,   -0.2768899578 
   231,   -0.1967462641 
 231.1,   -0.1175322744 
 231.2,  -0.03924346593 
 231.3,   0.03812460711 
 231.4,    0.1145763132 
 231.5,    0.1901159431 
 231.6,    0.2647477091 
 231.7,    0.3384757455 
 231.8,    0.4113041077 
 231.9,    0.4832367727 
   232,     0.554277639 
 232.1,    0.6244305264 
 232.2,    0.6936991766 
 232.3,    0.7620872529 
 232.4,    0.8295983409 
 232.5,    0.8962359482 
 232.6,    0.9620035053 
 232.7,     1.026904366 
 232.8,     1.090941806 
 232.9,     1.154119027 
   233,     1.216439153 
 233.1,     1.277905234 
 233.2,     1.338520245 
 233.3,     1.398287084 
 233.4,     1.457208578 
 233.5,     1.515287481 
 233.6,     1.572526471 
 233.7,     1.628928155 
 233.8,      1.68449507 
 233.9,     1.739229678 
   234,     1.793134373 
 234.1,     1.846211478 
 234.2,     1.898463244 
 234.3,     1.949891855 
 234.4,     2.000499426 
 234.5,     2.050288002 
 234.6,     2.099259562 
 234.7,     2.147416015 
 234.8,     2.194759206 
 234.9,     2.241290912 
   235,     2.287012844 
 235.1,     2.331926648 
 235.2,     2.376033903 
 235.3,     2.419336126 
 235.4,     2.461834767 
 235.5,     2.503531214 
 235.6,     2.544426791 
 235.7,     2.584522759 
 235.8,     2.623820314 
 235.9,     2.662320593 
   236,     2.700024668 
 236.1,      2.73693355 
 236.2,     2.773048189 
 236.3,     2.808369474 
 236.4,     2.842898231 
 236.5,     2.876635227 
 236.6,     2.909581168 
 236.7,       2.9417367 
 236.8,     2.973102407 
 236.9,     3.003678816 
   237,     3.033466391 
 237.1,      3.06246554 
 237.2,     3.090676608 
 237.3,     3.118099882 
 237.4,     3.144735589 
 237.5,       3.1705839 
 237.6,     3.195644921 
 237.7,     3.219918704 
 237.8,      3.24340524 
 237.9,     3.266104459 
   238,     3.288016234 
 238.1,     3.309140379 
 238.2,     3.329476647 
 238.3,     3.349024732 
 238.4,      3.36778427 
 238.5,     3.385754836 
 238.6,     3.402935946 
 238.7,     3.419327054 
 238.8,     3.434927557 
 238.9,     3.449736789 
   239,     3.463754024 
 239.1,     3.476978478 
 239.2,       3.4894093 
 239.3,     3.501045584 
 239.4,     3.511886357 
 239.5,     3.521930586 
 239.6,     3.531177177 
 239.7,     3.539624971 
 239.8,     3.547272745 
 239.9,     3.554119214 
   240,     3.560163027 
 240.1,     3.565402771 
 240.2,     3.569836963 
 240.3,     3.573464059 
 240.4,     3.576282445 
 240.5,      3.57829044 
 240.6,     3.579486297 
 240.7,       3.5798682 
 240.8,     3.579434261 
 240.9,     3.578182526 
   241,     3.576110966 
 241.1,     3.573217483 
 241.2,     3.569499907 
 241.3,     3.564955992 
 241.4,     3.559583418 
 241.5,     3.553379792 
 241.6,     3.546342641 
 241.7,     3.538469418 
 241.8,     3.529757495 
 241.9,     3.520204164 
   242,     3.509806638 
 242.1,     3.498562046 
 242.2,     3.486467434 
 242.3,     3.473519764 
 242.4,     3.459715909 
 242.5,     3.445052658 
 242.6,     3.429526709 
 242.7,     3.413134667 
 242.8,     3.395873048 
 242.9,     3.377738273 
   243,     3.358726667 
 243.1,     3.338834455 
 243.2,     3.318057767 
 243.3,     3.296392627 
 243.4,      3.27383496 
 243.5,     3.250380581 
 243.6,     3.226025201 
 243.7,     3.200764419 
 243.8,     3.174593721 
 243.9,     3.147508481 
   244,     3.119503954 
 244.1,     3.090575275 
 244.2,     3.060717457 
 244.3,     3.029925388 
 244.4,     2.998193828 
 244.5,     2.965517405 
 244.6,     2.931890614 
 244.7,      2.89730781 
 244.8,      2.86176321 
 244.9,     2.825250886 
   245,     2.787764761 
 245.1,     2.749298608 
 245.2,     2.709846042 
 245.3,      2.66940052 
 245.4,     2.627955336 
 245.5,     2.585503614 
 245.6,     2.542038307 
 245.7,      2.49755219 
 245.8,     2.452037856 
 245.9,     2.405487709 
   246,     2.357893963 
 246.1,     2.309248633 
 246.2,     2.259543529 
 246.3,     2.208770253 
 246.4,     2.156920189 
 246.5,     2.103984502 
 246.6,     2.049954124 
 246.7,     1.994819754 
 246.8,     1.938571846 
 246.9,     1.881200603 
   247,     1.822695971 
 247.1,     1.763047627 
 247.2,     1.702244973 
 247.3,     1.640277127 
 247.4,     1.577132912 
 247.5,     1.512800848 
 247.6,     1.447269141 
 247.7,     1.380525671 
 247.8,     1.312557985 
 247.9,     1.243353279 
   248,     1.172898393 
 248.1,     1.101179791 
 248.2,     1.028183554 
 248.3,    0.9538953623 
 248.4,    0.8783004816 
 248.5,    0.8013837481 
 248.6,     0.723129552 
 248.7,    0.6435218207 
 248.8,    0.5625440012 
 248.9,    0.4801790414 
   249,    0.3964093707 
 249.1,    0.3112168791 
 249.2,     0.224582896 
 249.3,    0.1364881674 
 249.4,   0.04691283167 
 249.5,  -0.04416360516 
 249.6,   -0.1367622961 
 249.7,   -0.2309050812 
 249.8,    -0.326614517 
 249.9,   -0.4239139075 
   250,   -0.5228273372 
 250.1,   -0.6233797055 
 250.2,   -0.7255967637 
 250.3,   -0.8295051536 
 250.4,   -0.9351324485 
 250.5,    -1.042507197 
 250.6,    -1.151658968 
 250.7,    -1.262618401 
 250.8,    -1.375417258 
 250.9,    -1.490088476 
   251,    -1.606666229 
 251.1,    -1.725185987 
 251.2,    -1.845684586 
 251.3,    -1.968200294 
 251.4,     -2.09277289 
 251.5,    -2.219443742 
 251.6,    -2.348255894 
 251.7,    -2.479254156 
 251.8,    -2.612485204 
 251.9,    -2.747997682 
   252,    -2.885842318 
 252.1,    -3.026072041 
 252.2,    -3.168742112 
 252.3,    -3.313910262 
 252.4,    -3.461636846 
 252.5,    -3.611984996 
 252.6,    -3.765020803 
 252.7,    -3.920813497 
 252.8,    -4.079435658 
 252.9,    -4.240963427 
   253,    -4.405476751 
 253.1,    -4.573059633 
 253.2,     -4.74380042 
 253.3,    -4.917792101 
 253.4,    -5.095132645 
 253.5,    -5.275925356 
 253.6,    -5.460279274 
 253.7,    -5.648309604 
 253.8,    -5.840138195 
 253.9,    -6.035894052 
   254,    -6.235713921 
 254.1,    -6.439742907 
 254.2,     -6.64813518 
 254.3,    -6.861054741 
 254.4,    -7.078676276 
 254.5,    -7.301186104 
 254.6,    -7.528783234 
 254.7,    -7.761680539 
 254.8,    -8.000106076 
 254.9,    -8.244304558 
   255,    -8.494539014 
 255.1,    -8.751092657 
 255.2,    -9.014270997 
 255.3,    -9.284404234 
 255.4,    -9.561849978 
 255.5,    -9.846996354 
 255.6,    -10.14026555 
 255.7,    -10.44211792 
 255.8,    -10.75305663 
 255.9,    -11.07363318 
   256,    -11.40445365 
 256.1,    -11.74618616 
 256.2,    -12.09956945 
 256.3,    -12.46542312 
 256.4,    -12.84465969 
 256.5,    -13.23829897 
 256.6,    -13.64748523 
 256.7,    -14.07350792 
 256.8,     -14.5178267 
 256.9,      -14.982102 
   257,    -15.46823242 
 257.1,    -15.97840097 
 257.2,    -16.51513243 
 257.3,    -17.08136512 
 257.4,    -17.68054095 
 257.5,    -18.31671909 
 257.6,    -18.99471935 
 257.7,    -19.72030236 
 257.8,    -20.50039266 
 257.9,    -21.34334461 
   258,    -22.25923153 
 258.1,    -23.26008087 
 258.2,    -24.35982102 
 258.3,    -25.57327686 
 258.4,    -26.91238982 
 258.5,    -28.37478508 
 258.6,    -29.91287579 
 258.7,    -31.36463781 
 258.8,    -32.37062321 
 258.9,    -32.49938339 
   259,    -31.70838049 
 259.1,    -30.40188061 
 259.2,    -28.96836036 
 259.3,    -27.59567454 
 259.4,     -26.3431663 
 259.5,    -25.21736047 
 259.6,    -24.20745707 
 259.7,     -23.2987198 
 259.8,    -22.47698597 
 259.9,    -21.72992898 
   260,    -21.04719628 
 260.1,    -20.42019665 
 260.2,    -19.84181204 
 260.3,    -19.30612601 
 260.4,    -18.80819396 
 260.5,    -18.34385673 
 260.6,    -17.90959207 
 260.7,    -17.50239697 
 260.8,    -17.11969434 
 260.9,    -16.75925875 
   261,    -16.41915715 
 261.1,    -16.09770108 
 261.2,    -15.79340809 
 261.3,    -15.50497023 
 261.4,    -15.23122826 
 261.5,    -14.97115037 
 261.6,    -14.72381447 
 261.7,     -14.4883935 
 261.8,    -14.26414297 
 261.9,    -14.05039056 
   262,    -13.84652726 
 262.1,    -13.65199975 
 262.2,    -13.46630399 
 262.3,    -13.28897965 
 262.4,    -13.11960526 
 262.5,    -12.95779411 
 262.6,    -12.80319057 
 262.7,    -12.65546696 
 262.8,    -12.51432078 
 262.9,    -12.37947224 
   263,    -12.25066214 
 263.1,    -12.12764997 
 263.2,    -12.01021222 
 263.3,    -11.89814088 
 263.4,    -11.79124208 
 263.5,    -11.68933497 
 263.6,    -11.59225057 
 263.7,    -11.49983086 
 263.8,     -11.4119279 
 263.9,    -11.32840306 
   264,     -11.2491263 
 264.1,    -11.17397556 
 264.2,    -11.10283617 
 264.3,    -11.03560033 
 264.4,    -10.97216664 
 264.5,    -10.91243964 
 264.6,    -10.85632946 
 264.7,    -10.80375143 
 264.8,    -10.75462575 
 264.9,     -10.7088772 
   265,    -10.66643484 
 265.1,     -10.6272318 
 265.2,    -10.59120501 
 265.3,      -10.558295 
 265.4,    -10.52844568 
 265.5,    -10.50160421 
 265.6,    -10.47772077 
 265.7,    -10.45674847 
 265.8,    -10.43864314 
 265.9,    -10.42336327 
   266,    -10.41086982 
 266.1,    -10.40112618 
 266.2,    -10.39409801 
 266.3,    -10.38975315 
 266.4,     -10.3880616 
 266.5,    -10.38899534 
 266.6,    -10.39252834 
 266.7,    -10.39863644 
 266.8,    -10.40729734 
 266.9,    -10.41849047 
   267,    -10.43219702 
 267.1,    -10.44839984 
 267.2,    -10.46708343 
 267.3,    -10.48823386 
 267.4,    -10.51183879 
 267.5,    -10.53788742 
 267.6,    -10.56637044 
 267.7,    -10.59728004 
 267.8,     -10.6306099 
 267.9,    -10.66635512 
   268,     -10.7045123 
 268.1,    -10.74507942 
 268.2,    -10.78805595 
 268.3,    -10.83344277 
 268.4,    -10.88124219 
 268.5,    -10.93145798 
 268.6,    -10.98409536 
 268.7,    -11.03916101 
 268.8,     -11.0966631 
 268.9,    -11.15661129 
   269,    -11.21901678 
 269.1,    -11.28389231 
 269.2,    -11.35125222 
 269.3,    -11.42111244 
 269.4,    -11.49349057 
 269.5,    -11.56840594 
 269.6,    -11.64587957 
 269.7,    -11.72593434 
 269.8,    -11.80859496 
 269.9,    -11.89388806 
   270,    -11.98184228 
 270.1,    -12.07248831 
 270.2,    -12.16585902 
 270.3,     -12.2619895 
 270.4,    -12.36091717 
 270.5,    -12.46268192 
 270.6,    -12.56732617 
 270.7,    -12.67489504 
 270.8,    -12.78543645 
 270.9,     -12.8990013 
   271,    -13.01564358 
 271.1,     -13.1354206 
 271.2,    -13.25839311 
 271.3,    -13.38462556 
 271.4,    -13.51418628 
 271.5,    -13.64714774 
 271.6,    -13.78358679 
 271.7,    -13.92358494 
 271.8,    -14.06722869 
 271.9,    -14.21460985 
   272,    -14.36582589 
 272.1,    -14.52098036 
 272.2,    -14.68018334 
 272.3,    -14.84355186 
 272.4,    -15.01121051 
 272.5,    -15.18329195 
 272.6,    -15.35993756 
 272.7,    -15.54129818 
 272.8,    -15.72753486 
 272.9,    -15.91881971 
   273,    -16.11533687 
 273.1,    -16.31728356 
 273.2,    -16.52487127 
 273.3,    -16.73832709 
 273.4,    -16.95789512 
 273.5,    -17.18383819 
 273.6,    -17.41643967 
 273.7,    -17.65600557 
 273.8,    -17.90286689 
 273.9,    -18.15738224 
   274,    -18.41994094 
 274.1,    -18.69096634 
 274.2,    -18.97091981 
 274.3,    -19.26030517 
 274.4,    -19.55967382 
 274.5,    -19.86963059 
 274.6,    -20.19084055 
 274.7,    -20.52403683 
 274.8,    -20.87002963 
 274.9,    -21.22971678 
   275,    -21.60409591 
 275.1,    -21.99427864 
 275.2,    -22.40150704 
 275.3,    -22.82717278 
 275.4,    -23.27283919 
 275.5,    -23.74026657 
 275.6,    -24.23144074 
 275.7,    -24.74860454 
 275.8,    -25.29429085 
 275.9,    -25.87135431 
   276,    -26.48299519 
 276.1,    -27.13276281 
 276.2,    -27.82451351 
 276.3,    -28.56227517 
 276.4,    -29.34992594 
 276.5,    -30.19051163 
 276.6,    -31.08487217 
 276.7,    -32.02898387 
 276.8,    -33.00905046 
 276.9,    -33.99316334 
   277,    -34.91953657 
 277.1,    -35.68708128 
 277.2,    -36.16634525 
 277.3,    -36.25106253 
 277.4,    -35.92635837 
 277.5,    -35.27993592 
 277.6,      -34.441836 
 277.7,    -33.52316581 
 277.8,    -32.59560431 
 277.9,    -31.69774345 
   278,    -30.84720208 
 278.1,    -30.04999374 
 278.2,    -29.30623591 
 278.3,    -28.61329374 
 278.4,    -27.96742207 
 278.5,    -27.36459049 
 278.6,    -26.80087838 
 278.7,    -26.27264815 
 278.8,    -25.77660599 
 278.9,    -25.30980739 
   279,    -24.86963706 
 279.1,    -24.45377847 
 279.2,    -24.06018084 
 279.3,    -23.68702696 
 279.4,    -23.33270392 
 279.5,    -22.99577681 
 279.6,    -22.67496591 
 279.7,    -22.36912677 
 279.8,    -22.07723307 
 279.9,    -21.79836187 
   280,     -21.5316809 
 280.1,    -21.27643765 
 280.2,    -21.03194997 
 280.3,    -20.79759788 
 280.4,    -20.57281662 
 280.5,    -20.35709047 
 280.6,    -20.14994751 
 280.7,    -19.95095494 
 280.8,    -19.75971506 
 280.9,    -19.57586173 
   281,    -19.39905723 
 281.1,    -19.22898953 
 281.2,    -19.06536986 
 281.3,    -18.90793057 
 281.4,     -18.7564232 
 281.5,     -18.6106168 
 281.6,    -18.47029641 
 281.7,    -18.33526168 
 281.8,    -18.20532573 
 281.9,    -18.08031397 
   282,    -17.96006317 
 282.1,     -17.8444206 
 282.2,    -17.73324316 
 282.3,    -17.62639675 
 282.4,    -17.52375552 
 282.5,    -17.42520136 
 282.6,    -17.33062332 
 282.7,    -17.23991714 
 282.8,    -17.15298476 
 282.9,    -17.06973398 
   283,    -16.99007803 
 283.1,    -16.91393526 
 283.2,    -16.84122881 
 283.3,    -16.77188634 
 283.4,    -16.70583975 
 283.5,    -16.64302497 
 283.6,    -16.58338168 
 283.7,    -16.52685318 
 283.8,    -16.47338614 
 283.9,    -16.42293046 
   284,    -16.37543909 
 284.1,    -16.33086792 
 284.2,    -16.28917559 
 284.3,    -16.25032341 
 284.4,    -16.21427524 
 284.5,    -16.18099734 
 284.6,    -16.15045835 
 284.7,    -16.12262912 
 284.8,    -16.09748269 
 284.9,    -16.07499416 
   285,    -16.05514067 
 285.1,    -16.03790132 
 285.2,     -16.0232571 
 285.3,    -16.01119083 
 285.4,    -16.00168714 
 285.5,    -15.99473243 
 285.6,    -15.99031479 
 285.7,    -15.98842402 
 285.8,    -15.98905153 
 285.9,    -15.99219041 
   286,    -15.99783531 
 286.1,    -16.00598249 
 286.2,    -16.01662976 
 286.3,    -16.02977651 
 286.4,    -16.04542366 
 286.5,    -16.06357368 
 286.6,     -16.0842306 
 286.7,    -16.10739998 
 286.8,    -16.13308891 
 286.9,    -16.16130606 
   287,    -16.19206167 
 287.1,    -16.22536755 
 287.2,     -16.2612371 
 287.3,    -16.29968536 
 287.4,    -16.34072898 
 287.5,    -16.38438632 
 287.6,    -16.43067739 
 287.7,    -16.47962397 
 287.8,    -16.53124958 
 287.9,    -16.58557957 
   288,    -16.64264114 
 288.1,    -16.70246336 
 288.2,    -16.76507727 
 288.3,    -16.83051593 
 288.4,    -16.89881443 
 288.5,    -16.97000999 
 288.6,    -17.04414204 
 288.7,    -17.12125224 
 288.8,    -17.20138459 
 288.9,    -17.28458552 
   289,    -17.37090391 
 289.1,    -17.46039124 
 289.2,    -17.55310163 
 289.3,    -17.64909197 
 289.4,    -17.74842198 
 289.5,     -17.8511543 
 289.6,    -17.95735462 
 289.7,    -18.06709175 
 289.8,    -18.18043771 
 289.9,    -18.29746784 
   290,    -18.41826089 
 290.1,    -18.54289905 
 290.2,    -18.67146811 
 290.3,    -18.80405744 
 290.4,    -18.94076004 
 290.5,    -19.08167261 
 290.6,    -19.22689548 
 290.7,    -19.37653256 
 290.8,    -19.53069129 
 290.9,    -19.68948241 
   291,    -19.85301977 
 291.1,    -20.02141995 
 291.2,    -20.19480185 
 291.3,    -20.37328603 
 291.4,    -20.55699398 
 291.5,    -20.74604704 
 291.6,    -20.94056514 
 291.7,    -21.14066516 
 291.8,    -21.34645881 
 291.9,    -21.55805011 
   292,    -21.77553207 
 292.1,    -21.99898277 
 292.2,    -22.22846031 
 292.3,     -22.4639967 
 292.4,    -22.70559035 
 292.5,    -22.95319677 
 292.6,    -23.20671732 
 292.7,    -23.46598554 
 292.8,    -23.73075056 
 292.9,    -24.00065733 
   293,    -24.27522306 
 293.1,    -24.55380964 
 293.2,    -24.83559166 
 293.3,    -25.11952032 
 293.4,    -25.40428367 
 293.5,    -25.68826446 
 293.6,    -25.96949827 
 293.7,    -26.24563567 
 293.8,    -26.51391425 
 293.9,    -26.77114859 
   294,    -27.01374773 
 294.1,    -27.23777119 
 294.2,    -27.43903353 
 294.3,    -27.61326373 
 294.4,    -27.75631842 
 294.5,    -27.86443681 
 294.6,    -27.93451262 
 294.7,    -27.96434749 
 294.8,    -27.95284589 
 294.9,    -27.90011705 
   295,     -27.8074645 
 295.1,    -27.67726537 
 295.2,    -27.51276191 
 295.3,    -27.31780184 
 295.4,     -27.0965671 
 295.5,    -26.85332502 
 295.6,    -26.59222431 
 295.7,    -26.31714578 
 295.8,    -26.03160722 
 295.9,    -25.73871516 
   296,    -25.44115318 
 296.1,    -25.14119587 
 296.2,    -24.84073909 
 296.3,    -24.54133894 
 296.4,    -24.24425391 
 296.5,    -23.95048673 
 296.6,    -23.66082354 
 296.7,    -23.37586928 
 296.8,    -23.09607884 
 296.9,    -22.82178388 
   297,     -22.5532157 
 297.1,    -22.29052441 
 297.2,    -22.03379487 
 297.3,    -21.78305999 
 297.4,    -21.53831157 
 297.5,    -21.29950919 
 297.6,    -21.06658752 
 297.7,    -20.83946219 
 297.8,    -20.61803459 
 297.9,    -20.40219573 
   298,    -20.19182932 
 298.1,    -19.98681429 
 298.2,    -19.78702675 
 298.3,    -19.59234158 
 298.4,    -19.40263367 
 298.5,    -19.21777887 
 298.6,    -19.03765476 
 298.7,    -18.86214123 
 298.8,    -18.69112088 
 298.9,    -18.52447937 
   299,    -18.36210562 
 299.1,    -18.20389195 
 299.2,     -18.0497342 
 299.3,    -17.89953174 
 299.4,    -17.75318749 
 299.5,    -17.61060788 
 299.6,    -17.47170283 
 299.7,    -17.33638563 
 299.8,    -17.20457293 
 299.9,    -17.07618462 
   300,    -16.95114371 
 300.1,    -16.82937629 
 300.2,    -16.71081137 
 300.3,    -16.59538082 
 300.4,    -16.48301924 
 300.5,    -16.37366391 
 300.6,     -16.2672546 
 300.7,    -16.16373357 
 300.8,    -16.06304541 
 300.9,    -15.96513699 
   301,    -15.86995733 
 301.1,    -15.77745756 
 301.2,    -15.68759081 
 301.3,    -15.60031212 
 301.4,    -15.51557841 
 301.5,    -15.43334836 
 301.6,    -15.35358238 
 301.7,    -15.27624251 
 301.8,    -15.20129239 
 301.9,    -15.12869717 
   302,    -15.05842347 
 302.1,    -14.99043934 
 302.2,    -14.92471418 
 302.3,     -14.8612187 
 302.4,    -14.79992489 
 302.5,    -14.74080596 
 302.6,    -14.68383631 
 302.7,    -14.62899148 
 302.8,    -14.57624812 
 302.9,    -14.52558395 
   303,    -14.47697773 
 303.1,    -14.43040924 
 303.2,    -14.38585922 
 303.3,    -14.34330938 
 303.4,    -14.30274235 
 303.5,    -14.26414165 
 303.6,    -14.22749171 
 303.7,    -14.19277778 
 303.8,    -14.15998596 
 303.9,     -14.1291032 
   304,     -14.1001172 
 304.1,    -14.07301648 
 304.2,    -14.04779032 
 304.3,    -14.02442876 
 304.4,    -14.00292258 
 304.5,     -13.9832633 
 304.6,    -13.96544316 
 304.7,    -13.94945511 
 304.8,    -13.93529282 
 304.9,    -13.92295064 
   305,    -13.91242362 
 305.1,    -13.90370751 
 305.2,    -13.89679873 
 305.3,    -13.89169438 
 305.4,    -13.88839226 
 305.5,    -13.88689083 
 305.6,    -13.88718923 
 305.7,    -13.88928728 
 305.8,    -13.89318549 
 305.9,    -13.89888505 
   306,    -13.90638784 
 306.1,    -13.91569643 
 306.2,     -13.9268141 
 306.3,    -13.93974482 
 306.4,    -13.95449331 
 306.5,    -13.97106497 
 306.6,    -13.98946598 
 306.7,    -14.00970324 
 306.8,    -14.03178444 
 306.9,    -14.05571801 
   307,     -14.0815132 
 307.1,    -14.10918007 
 307.2,     -14.1387295 
 307.3,    -14.17017322 
 307.4,    -14.20352385 
 307.5,    -14.23879487 
 307.6,    -14.27600071 
 307.7,    -14.31515676 
 307.8,    -14.35627934 
 307.9,    -14.39938584 
   308,    -14.44449464 
 308.1,    -14.49162524 
 308.2,    -14.54079824 
 308.3,    -14.59203541 
 308.4,    -14.64535971 
 308.5,    -14.70079537 
 308.6,    -14.75836791 
 308.7,    -14.81810422 
 308.8,    -14.88003259 
 308.9,    -14.94418279 
   309,    -15.01058615 
 309.1,     -15.0792756 
 309.2,    -15.15028574 
 309.3,    -15.22365298 
 309.4,    -15.29941556 
 309.5,    -15.37761368 
 309.6,    -15.45828957 
 309.7,    -15.54148764 
 309.8,    -15.62725456 
 309.9,    -15.71563939 
   310,    -15.80669372 
 310.1,     -15.9004718 
 310.2,    -15.99703071 
 310.3,    -16.09643051 
 310.4,     -16.1987344 
 310.5,    -16.30400897 
 310.6,    -16.41232434 
 310.7,    -16.52375443 
 310.8,    -16.63837717 
 310.9,    -16.75627479 
   311,    -16.87753407 
 311.1,    -17.00224669 
 311.2,    -17.13050951 
 311.3,      -17.262425 
 311.4,    -17.39810157 
 311.5,    -17.53765406 
 311.6,    -17.68120415 
 311.7,    -17.82888094 
 311.8,    -17.98082147 
 311.9,    -18.13717133 
   312,    -18.29808538 
 312.1,    -18.46372847 
 312.2,    -18.63427623 
 312.3,    -18.80991604 
 312.4,    -18.99084796 
 312.5,    -19.17728583 
 312.6,    -19.36945855 
 312.7,    -19.56761133 
 312.8,    -19.77200725 
 312.9,    -19.98292887 
   313,    -20.20068008 
 313.1,    -20.42558814 
 313.2,     -20.6580059 
 313.3,    -20.89831439 
 313.4,    -21.14692552 
 313.5,    -21.40428528 
 313.6,    -21.67087711 
 313.7,    -21.94722573 
 313.8,    -22.23390134 
 313.9,    -22.53152417 
   314,    -22.84076952 
 314.1,    -23.16237302 
 314.2,    -23.49713631 
 314.3,    -23.84593265 
 314.4,    -24.20971248 
 314.5,    -24.58950819 
 314.6,    -24.98643739 
 314.7,    -25.40170336 
 314.8,    -25.83659047 
 314.9,    -26.29245142 
   315,     -26.7706807 
 315.1,    -27.27266621 
 315.2,    -27.79970558 
 315.3,    -28.35286668 
 315.4,    -28.93276025 
 315.5,    -29.53917594 
 315.6,    -30.17051034 
 315.7,    -30.82289017 
 315.8,     -31.4888781 
 315.9,    -32.15568436 
   316,    -32.80298397 
 316.1,    -33.40091167 
 316.2,    -33.90967991 
 316.3,    -34.28318002 
 316.4,    -34.47844211 
 316.5,    -34.46913255 
 316.6,    -34.25591122 
 316.7,    -33.86615229 
 316.8,    -33.34324812 
 316.9,    -32.73317392 
   317,    -32.07529737 
 317.1,    -31.39901431 
 317.2,    -30.72425154 
 317.3,    -30.06350365 
 317.4,    -29.42400509 
 317.5,      -28.809496 
 317.6,    -28.22149502 
 317.7,     -27.6601597 
 317.8,    -27.12484703 
 317.9,    -26.61446981 
   318,    -26.12771905 
 318.1,    -25.66320036 
 318.2,    -25.21951558 
 318.3,    -24.79530996 
 318.4,    -24.38929787 
 318.5,    -24.00027514 
 318.6,    -23.62712331 
 318.7,    -23.26880901 
 318.8,    -22.92438065 
 318.9,    -22.59296349 
   319,     -22.2737542 
 319.1,    -21.96601512 
 319.2,    -21.66906871 
 319.3,    -21.38229217 
 319.4,    -21.10511254 
 319.5,    -20.83700209 
 319.6,    -20.57747416 
 319.7,    -20.32607937 
 319.8,     -20.0824022 
 319.9,     -19.8460579 
   320,    -19.61668969 
 320.1,    -19.39396628 
 320.2,     -19.1775796 
 320.3,     -18.9672428 
 320.4,    -18.76268839 
 320.5,    -18.56366662 
 320.6,    -18.36994399 
 320.7,    -18.18130191 
 320.8,    -17.99753551 
 320.9,    -17.81845253 
   321,    -17.64387231 
 321.1,    -17.47362494 
 321.2,     -17.3075504 
 321.3,    -17.14549785 
 321.4,    -16.98732492 
 321.5,    -16.83289714 
 321.6,    -16.68208733 
 321.7,    -16.53477511 
 321.8,    -16.39084642 
 321.9,    -16.25019311 
   322,    -16.11271252 
 322.1,    -15.97830711 
 322.2,    -15.84688416 
 322.3,    -15.71835543 
 322.4,    -15.59263688 
 322.5,    -15.46964842 
 322.6,    -15.34931367 
 322.7,    -15.23155971 
 322.8,    -15.11631689 
 322.9,    -15.00351865 
   323,    -14.89310131 
 323.1,    -14.78500393 
 323.2,    -14.67916814 
 323.3,      -14.575538 
 323.4,    -14.47405988 
 323.5,     -14.3746823 
 323.6,    -14.27735587 
 323.7,    -14.18203311 
 323.8,     -14.0886684 
 323.9,    -13.99721787 
   324,    -13.90763932 
 324.1,     -13.8198921 
 324.2,    -13.73393708 
 324.3,    -13.64973655 
 324.4,    -13.56725415 
 324.5,    -13.48645479 
 324.6,    -13.40730465 
 324.7,    -13.32977105 
 324.8,    -13.25382243 
 324.9,     -13.1794283 
   325,    -13.10655917 
 325.1,    -13.03518655 
 325.2,    -12.96528286 
 325.3,    -12.89682139 
 325.4,     -12.8297763 
 325.5,    -12.76412257 
 325.6,    -12.69983592 
 325.7,    -12.63689285 
 325.8,    -12.57527055 
 325.9,    -12.51494691 
   326,    -12.45590046 
 326.1,    -12.39811036 
 326.2,    -12.34155639 
 326.3,     -12.2862189 
 326.4,    -12.23207879 
 326.5,     -12.1791175 
 326.6,    -12.12731699 
 326.7,     -12.0766597 
 326.8,    -12.02712857 
 326.9,    -11.97870698 
   327,    -11.93137874 
 327.1,    -11.88512813 
 327.2,    -11.83993978 
 327.3,    -11.79579876 
 327.4,    -11.75269051 
 327.5,    -11.71060081 
 327.6,    -11.66951584 
 327.7,    -11.62942207 
 327.8,    -11.59030635 
 327.9,    -11.55215581 
   328,    -11.51495791 
 328.1,     -11.4787004 
 328.2,    -11.44337131 
 328.3,    -11.40895895 
 328.4,    -11.37545191 
 328.5,    -11.34283903 
 328.6,     -11.3111094 
 328.7,    -11.28025236 
 328.8,    -11.25025747 
 328.9,    -11.22111453 
   329,    -11.19281357 
 329.1,    -11.16534481 
 329.2,    -11.13869869 
 329.3,    -11.11286585 
 329.4,    -11.08783713 
 329.5,    -11.06360353 
 329.6,    -11.04015628 
 329.7,    -11.01748675 
 329.8,    -10.99558649 
 329.9,    -10.97444722 
   330,    -10.95406083 
 330.1,    -10.93441934 
 330.2,    -10.91551495 
 330.3,    -10.89734001 
 330.4,    -10.87988698 
 330.5,    -10.86314849 
 330.6,     -10.8471173 
 330.7,     -10.8317863 
 330.8,    -10.81714849 
 330.9,    -10.80319703 
   331,    -10.78992516 
 331.1,    -10.77732628 
 331.2,    -10.76539386 
 331.3,    -10.75412152 
 331.4,    -10.74350296 
 331.5,      -10.733532 
 331.6,    -10.72420256 
 331.7,    -10.71550865 
 331.8,    -10.70744439 
 331.9,    -10.70000397 
   332,    -10.69318171 
 332.1,    -10.68697199 
 332.2,    -10.68136927 
 332.3,    -10.67636812 
 332.4,    -10.67196317 
 332.5,    -10.66814914 
 332.6,    -10.66492084 
 332.7,    -10.66227312 
 332.8,    -10.66020093 
 332.9,    -10.65869929 
   333,    -10.65776329 
 333.1,    -10.65738807 
 333.2,    -10.65756885 
 333.3,    -10.65830091 
 333.4,     -10.6595796 
 333.5,    -10.66140032 
 333.6,    -10.66375854 
 333.7,    -10.66664977 
 333.8,    -10.67006959 
 333.9,    -10.67401363 
   334,    -10.67847758 
 334.1,    -10.68345716 
 334.2,    -10.68894817 
 334.3,    -10.69494642 
 334.4,    -10.70144781 
 334.5,    -10.70844826 
 334.6,    -10.71594372 
 334.7,    -10.72393023 
 334.8,    -10.73240382 
 334.9,     -10.7413606 
   335,     -10.7507967 
 335.1,    -10.76070829 
 335.2,    -10.77109157 
 335.3,     -10.7819428 
 335.4,    -10.79325825 
 335.5,    -10.80503424 
 335.6,     -10.8172671 
 335.7,    -10.82995323 
 335.8,    -10.84308902 
 335.9,    -10.85667091 
   336,    -10.87069538 
 336.1,     -10.8851589 
 336.2,    -10.90005801 
 336.3,    -10.91538924 
 336.4,    -10.93114917 
 336.5,    -10.94733438 
 336.6,     -10.9639415 
 336.7,    -10.98096716 
 336.8,    -10.99840803 
 336.9,    -11.01626077 
   337,    -11.03452209 
 337.1,     -11.0531887 
 337.2,    -11.07225734 
 337.3,    -11.09172475 
 337.4,    -11.11158771 
 337.5,    -11.13184298 
 337.6,    -11.15248738 
 337.7,    -11.17351769 
 337.8,    -11.19493074 
 337.9,    -11.21672337 
   338,    -11.23889241 
 338.1,    -11.26143472 
 338.2,    -11.28434716 
 338.3,    -11.30762659 
 338.4,     -11.3312699 
 338.5,    -11.35527396 
 338.6,    -11.37963568 
 338.7,    -11.40435193 
 338.8,    -11.42941962 
 338.9,    -11.45483566 
   339,    -11.48059694 
 339.1,    -11.50670038 
 339.2,    -11.53314289 
 339.3,    -11.55992138 
 339.4,    -11.58703275 
 339.5,    -11.61447391 
 339.6,    -11.64224178 
 339.7,    -11.67033326 
 339.8,    -11.69874524 
 339.9,    -11.72747463 
   340,    -11.75651831 
 340.1,    -11.78587319 
 340.2,    -11.81553613 
 340.3,    -11.84550401 
 340.4,     -11.8757737 
 340.5,    -11.90634206 
 340.6,    -11.93720594 
 340.7,    -11.96836217 
 340.8,    -11.99980758 
 340.9,      -12.031539 
   341,    -12.06355322 
 341.1,    -12.09584704 
 341.2,    -12.12841723 
 341.3,    -12.16126056 
 341.4,    -12.19437378 
 341.5,    -12.22775361 
 341.6,    -12.26139678 
 341.7,    -12.29529998 
 341.8,    -12.32945989 
 341.9,    -12.36387317 
   342,    -12.39853646 
 342.1,    -12.43344637 
 342.2,    -12.46859952 
 342.3,    -12.50399246 
 342.4,    -12.53962176 
 342.5,    -12.57548395 
 342.6,    -12.61157552 
 342.7,    -12.64789296 
 342.8,    -12.68443271 
 342.9,    -12.72119121 
   343,    -12.75816484 
 343.1,    -12.79534999 
 343.2,    -12.83274299 
 343.3,    -12.87034014 
 343.4,    -12.90813773 
 343.5,      -12.946132 
 343.6,    -12.98431916 
 343.7,     -13.0226954 
 343.8,    -13.06125687 
 343.9,    -13.09999966 
   344,    -13.13891987 
 344.1,    -13.17801352 
 344.2,    -13.21727662 
 344.3,    -13.25670514 
 344.4,    -13.29629498 
 344.5,    -13.33604205 
 344.6,    -13.37594219 
 344.7,    -13.41599119 
 344.8,    -13.45618481 
 344.9,    -13.49651878 
   345,    -13.53698877 
 345.1,    -13.57759041 
 345.2,    -13.61831928 
 345.3,    -13.65917092 
 345.4,    -13.70014082 
 345.5,    -13.74122442 
 345.6,    -13.78241713 
 345.7,    -13.82371429 
 345.8,    -13.86511119 
 345.9,    -13.90660309 
   346,    -13.94818517 
 346.1,    -13.98985259 
 346.2,    -14.03160044 
 346.3,    -14.07342375 
 346.4,    -14.11531751 
 346.5,    -14.15727665 
 346.6,    -14.19929605 
 346.7,    -14.24137053 
 346.8,    -14.28349485 
 346.9,    -14.32566372 
   347,    -14.36787179 
 347.1,    -14.41011366 
 347.2,    -14.45238386 
 347.3,    -14.49467687 
 347.4,     -14.5369871 
 347.5,    -14.57930891 
 347.6,     -14.6216366 
 347.7,    -14.66396441 
 347.8,    -14.70628651 
 347.9,    -14.74859702 
   348,    -14.79088999 
 348.1,    -14.83315943 
 348.2,    -14.87539925 
 348.3,    -14.91760333 
 348.4,    -14.95976548 
 348.5,    -15.00187943 
 348.6,    -15.04393889 
 348.7,    -15.08593746 
 348.8,    -15.12786871 
 348.9,    -15.16972613 
   349,    -15.21150315 
 349.1,    -15.25319316 
 349.2,    -15.29478947 
 349.3,    -15.33628532 
 349.4,     -15.3776739 
 349.5,    -15.41894834 
 349.6,    -15.46010171 
 349.7,    -15.50112703 
 349.8,    -15.54201723 
 349.9,    -15.58276522 
   350,    -15.62336382 
 350.1,    -15.66380581 
 350.2,    -15.70408391 
 350.3,    -15.74419078 
 350.4,    -15.78411904 
 350.5,    -15.82386124 
 350.6,    -15.86340989 
 350.7,    -15.90275743 
 350.8,    -15.94189627 
 350.9,    -15.98081876 
   351,    -16.01951721 
 351.1,    -16.05798388 
 351.2,    -16.09621098 
 351.3,    -16.13419069 
 351.4,    -16.17191514 
 351.5,    -16.20937641 
 351.6,    -16.24656657 
 351.7,    -16.28347763 
 351.8,    -16.32010158 
 351.9,    -16.35643036 
   352,    -16.39245592 
 352.1,    -16.42817014 
 352.2,     -16.4635649 
 352.3,    -16.49863204 
 352.4,    -16.53336341 
 352.5,    -16.56775081 
 352.6,    -16.60178604 
 352.7,     -16.6354609 
 352.8,    -16.66876717 
 352.9,    -16.70169662 
   353,    -16.73424103 
 353.1,    -16.76639216 
 353.2,    -16.79814181 
 353.3,    -16.82948175 
 353.4,    -16.86040379 
 353.5,    -16.89089973 
 353.6,     -16.9209614 
 353.7,    -16.95058067 
 353.8,     -16.9797494 
 353.9,    -17.00845951 
   354,    -17.03670292 
 354.1,    -17.06447164 
 354.2,    -17.09175766 
 354.3,    -17.11855306 
 354.4,    -17.14484996 
 354.5,    -17.17064051 
 354.6,    -17.19591696 
 354.7,    -17.22067159 
 354.8,    -17.24489675 
 354.9,    -17.26858488 
   355,    -17.29172848 
 355.1,    -17.31432014 
 355.2,    -17.33635253 
 355.3,     -17.3578184 
 355.4,    -17.37871062 
 355.5,    -17.39902214 
 355.6,    -17.41874601 
 355.7,     -17.4378754 
 355.8,    -17.45640359 
 355.9,    -17.47432397 
   356,    -17.49163007 
 356.1,    -17.50831553 
 356.2,    -17.52437412 
 356.3,    -17.53979976 
 356.4,     -17.5545865 
 356.5,    -17.56872854 
 356.6,    -17.58222022 
 356.7,    -17.59505605 
 356.8,    -17.60723068 
 356.9,    -17.61873893 
   357,     -17.6295758 
 357.1,    -17.63973643 
 357.2,    -17.64921616 
 357.3,    -17.65801049 
 357.4,    -17.66611513 
 357.5,    -17.67352594 
 357.6,      -17.680239 
 357.7,    -17.68625055 
 357.8,    -17.69155707 
 357.9,    -17.69615519 
   358,    -17.70004177 
 358.1,    -17.70321389 
 358.2,    -17.70566879 
 358.3,    -17.70740397 
 358.4,     -17.7084171 
 358.5,    -17.70870611 
 358.6,     -17.7082691 
 358.7,    -17.70710442 
 358.8,    -17.70521063 
 358.9,    -17.70258651 
   359,    -17.69923107 
 359.1,    -17.69514353 
 359.2,    -17.69032336 
 359.3,    -17.68477023 
 359.4,    -17.67848404 
 359.5,    -17.67146493 
 359.6,    -17.66371327 
 359.7,    -17.65522963 
 359.8,    -17.64601483 
 359.9,    -17.63606991 
   360,    -17.62539614 
