M5A_HWBC_MS_AS_E0_F10.txt
NTNU_FFI
Method: IGABEM CCBIE with 19456 elements (24324 degrees of freedom) and NURBS degree 4. Computational time for system assembly (4x6-core Xeon 2.67 GHz): 36.1831 hours.
0, 360
0
10000
3601
     0,     11.60327142 
   0.1,     11.60098433 
   0.2,     11.59412363 
   0.3,     11.58269108 
   0.4,     11.56668967 
   0.5,     11.54612362 
   0.6,     11.52099848 
   0.7,     11.49132113 
   0.8,     11.45709996 
   0.9,     11.41834488 
     1,     11.37506744 
   1.1,     11.32728095 
   1.2,     11.27500058 
   1.3,     11.21824345 
   1.4,      11.1570287 
   1.5,     11.09137762 
   1.6,     11.02131364 
   1.7,     10.94686242 
   1.8,     10.86805176 
   1.9,     10.78491163 
     2,     10.69747398 
   2.1,     10.60577261 
   2.2,     10.50984289 
   2.3,     10.40972141 
   2.4,     10.30544555 
   2.5,     10.19705289 
   2.6,     10.08458055 
   2.7,     9.968064334 
   2.8,     9.847537756 
   2.9,     9.723030896 
     3,     9.594569091 
   3.1,     9.462171434 
   3.2,     9.325849109 
   3.3,      9.18560352 
   3.4,     9.041424263 
   3.5,     8.893286902 
   3.6,     8.741150582 
   3.7,     8.584955496 
   3.8,     8.424620203 
   3.9,     8.260038835 
     4,     8.091078203 
   4.1,     7.917574836 
   4.2,     7.739331973 
   4.3,     7.556116517 
   4.4,     7.367655994 
   4.5,     7.173635513 
   4.6,     6.973694733 
   4.7,     6.767424855 
   4.8,      6.55436558 
   4.9,     6.334002062 
     5,     6.105761742 
   5.1,     5.869011075 
   5.2,     5.623051979 
   5.3,     5.367117983 
   5.4,      5.10036986 
   5.5,     4.821890631 
   5.6,     4.530679717 
   5.7,     4.225645976 
   5.8,     3.905599371 
   5.9,     3.569240846 
     6,     3.215150002 
   6.1,     2.841770003 
   6.2,     2.447389002 
   6.3,      2.03011718 
   6.4,     1.587858319 
   6.5,      1.11827429 
   6.6,    0.6187406051 
   6.7,   0.08629029118 
   6.8,   -0.4824573275 
   6.9,    -1.091387903 
     7,    -1.745009816 
   7.1,    -2.448607605 
   7.2,    -3.208443393 
   7.3,    -4.032023282 
   7.4,    -4.928450916 
   7.5,    -5.908894864 
   7.6,    -6.987193643 
   7.7,    -8.180590077 
   7.8,    -9.510454276 
   7.9,    -11.00238706 
     8,    -12.68350456 
   8.1,    -14.56935915 
   8.2,    -16.61631036 
   8.3,    -18.58250692 
   8.4,    -19.83027955 
   8.5,     -19.7143702 
   8.6,    -18.54914134 
   8.7,    -17.09206515 
   8.8,    -15.73688363 
   8.9,    -14.58695729 
     9,    -13.64350054 
   9.1,    -12.88277378 
   9.2,    -12.27888308 
   9.3,     -11.8091991 
   9.4,    -11.45481253 
   9.5,    -11.19970419 
   9.6,    -11.02966522 
   9.7,    -10.93122838 
   9.8,    -10.89066205 
   9.9,    -10.89305684 
    10,    -10.92159019 
  10.1,    -10.95715631 
  10.2,    -10.97865464 
  10.3,    -10.96425566 
  10.4,    -10.89377213 
  10.5,    -10.75178133 
  10.6,    -10.53053624 
  10.7,     -10.2314496 
  10.8,    -9.864428044 
  10.9,    -9.445356411 
    11,    -8.992826424 
  11.1,    -8.525251121 
  11.2,    -8.058982921 
  11.3,     -7.60747299 
  11.4,    -7.181188281 
  11.5,     -6.78794737 
  11.6,    -6.433416356 
  11.7,    -6.121611674 
  11.8,    -5.855338821 
  11.9,    -5.636544654 
    12,    -5.466586013 
  12.1,    -5.346426303 
  12.2,    -5.276773467 
  12.3,    -5.258170941 
  12.4,    -5.291049981 
  12.5,    -5.375748056 
  12.6,     -5.51249488 
  12.7,    -5.701363434 
  12.8,        -5.94218 
  12.9,    -6.234382781 
    13,    -6.576814604 
  13.1,      -6.9674318 
  13.2,    -7.402911802 
  13.3,    -7.878149557 
  13.4,    -8.385660102 
  13.5,     -8.91496097 
  13.6,    -9.452111537 
  13.7,    -9.979728389 
  13.8,    -10.47791853 
  13.9,     -10.9265239 
    14,    -11.30865622 
  14.1,    -11.61471172 
  14.2,    -11.84534796 
  14.3,    -12.01202583 
  14.4,    -12.13487334 
  14.5,    -12.23898141 
  14.6,    -12.35073986 
  14.7,    -12.49531456 
  14.8,    -12.69552711 
  14.9,    -12.97183349 
    15,    -13.34292659 
  15.1,    -13.82652361 
  15.2,    -14.43990999 
  15.3,    -15.19957547 
  15.4,    -16.11842262 
  15.5,    -17.19671232 
  15.6,    -18.39770177 
  15.7,    -19.59293161 
  15.8,    -20.48755661 
  15.9,    -20.67822131 
    16,    -20.02067115 
  16.1,    -18.81559166 
  16.2,    -17.45231505 
  16.3,    -16.15499799 
  16.4,    -15.00893941 
  16.5,    -14.03445186 
  16.6,    -13.22807646 
  16.7,    -12.57965464 
  16.8,    -12.07862852 
  16.9,    -11.71614617 
    17,    -11.48562544 
  17.1,    -11.38279185 
  17.2,    -11.40556964 
  17.3,    -11.55395665 
  17.4,    -11.82990827 
  17.5,    -12.23718886 
  17.6,     -12.7810638 
  17.7,    -13.46753692 
  17.8,     -14.3014589 
  17.9,    -15.28200004 
    18,    -16.39231009 
  18.1,    -17.57788857 
  18.2,    -18.71041696 
  18.3,    -19.56173748 
  18.4,     -19.8778597 
  18.5,     -19.5847243 
  18.6,    -18.86668518 
  18.7,    -17.98496351 
  18.8,    -17.11997666 
  18.9,    -16.35796089 
    19,    -15.72801739 
  19.1,    -15.23107718 
  19.2,    -14.85449493 
  19.3,    -14.57801154 
  19.4,    -14.37573145 
  19.5,    -14.21687132 
  19.6,    -14.06711688 
  19.7,    -13.89189921 
  19.8,    -13.66194087 
  19.9,    -13.35967737 
    20,    -12.98358985 
  20.1,    -12.54790832 
  20.2,    -12.07783409 
  20.3,    -11.60298762 
  20.4,    -11.15200389 
  20.5,     -10.7495891 
  20.6,    -10.41578691 
  20.7,    -10.16658824 
  20.8,    -10.01512091 
  20.9,     -9.97298237 
    21,    -10.05155962 
  21.1,    -10.26336121 
  21.2,    -10.62350982 
  21.3,    -11.15166846 
  21.4,    -11.87488887 
  21.5,    -12.83233338 
  21.6,    -14.08393756 
  21.7,    -15.72809228 
  21.8,    -17.94281585 
  21.9,    -21.10072724 
    22,    -26.18535697 
  22.1,    -35.29632963 
  22.2,    -28.43606544 
  22.3,    -22.57078205 
  22.4,    -19.19581748 
  22.5,    -16.95392542 
  22.6,     -15.3737637 
  22.7,    -14.24506284 
  22.8,    -13.45873771 
  22.9,    -12.95345396 
    23,    -12.69399492 
  23.1,    -12.66141871 
  23.2,    -12.84838097 
  23.3,    -13.25709301 
  23.4,      -13.898846 
  23.5,    -14.79450249 
  23.6,    -15.97500924 
  23.7,    -17.47848634 
  23.8,    -19.32962822 
  23.9,    -21.44573784 
    24,    -23.33052803 
  24.1,    -23.85705412 
  24.2,    -22.71991429 
  24.3,    -21.02372222 
  24.4,    -19.50845024 
  24.5,    -18.35449725 
  24.6,    -17.56345212 
  24.7,    -17.10622239 
  24.8,    -16.95860332 
  24.9,    -17.10731805 
    25,    -17.54861165 
  25.1,    -18.28244362 
  25.2,    -19.29633738 
  25.3,     -20.5198614 
  25.4,    -21.71680146 
  25.5,    -22.37353492 
  25.6,    -22.00228398 
  25.7,    -20.78906749 
  25.8,    -19.31336446 
  25.9,     -17.9450289 
    26,    -16.81429547 
  26.1,    -15.94586312 
  26.2,    -15.33131529 
  26.3,    -14.95496489 
  26.4,    -14.80108814 
  26.5,    -14.85413329 
  26.6,    -15.09523743 
  26.7,    -15.49504236 
  26.8,    -16.00172518 
  26.9,     -16.5254972 
    27,    -16.93145301 
  27.1,    -17.06969009 
  27.2,    -16.85593293 
  27.3,    -16.33487202 
  27.4,    -15.64445096 
  27.5,    -14.92918251 
  27.6,    -14.29224264 
  27.7,    -13.79423024 
  27.8,     -13.4679857 
  27.9,    -13.33197489 
    28,    -13.39878311 
  28.1,    -13.67975201 
  28.2,    -14.18685653 
  28.3,    -14.93157323 
  28.4,     -15.9177567 
  28.5,    -17.11940461 
  28.6,    -18.42339937 
  28.7,     -19.5285159 
  28.8,    -19.95125104 
  28.9,    -19.45144583 
    29,    -18.36015048 
  29.1,    -17.14743836 
  29.2,    -16.07536076 
  29.3,    -15.23740707 
  29.4,    -14.65498872 
  29.5,    -14.32689749 
  29.6,    -14.24840022 
  29.7,    -14.41810232 
  29.8,    -14.84055326 
  29.9,    -15.52750061 
    30,    -16.49849163 
  30.1,    -17.77971175 
  30.2,    -19.39563494 
  30.3,    -21.33379392 
  30.4,    -23.42392426 
  30.5,    -25.08120267 
  30.6,    -25.46183785 
  30.7,    -24.67390468 
  30.8,    -23.60594256 
  30.9,    -22.78975517 
    31,     -22.3873933 
  31.1,    -22.43994609 
  31.2,     -22.9761727 
  31.3,    -24.05156743 
  31.4,    -25.76792951 
  31.5,    -28.25534651 
  31.6,    -31.29279617 
  31.7,    -32.44925251 
  31.8,    -29.96864061 
  31.9,    -27.11598491 
    32,    -25.03033241 
  32.1,    -23.66363533 
  32.2,    -22.89240388 
  32.3,    -22.64488061 
  32.4,    -22.89932202 
  32.5,    -23.67812398 
  32.6,    -25.04526178 
  32.7,    -27.07608282 
  32.8,     -29.5906872 
  32.9,    -30.99916106 
    33,    -29.34837722 
  33.1,    -26.69212358 
  33.2,    -24.55153663 
  33.3,    -23.09187078 
  33.4,    -22.24762815 
  33.5,    -21.97418837 
  33.6,    -22.28179017 
  33.7,    -23.25180446 
  33.8,    -25.07164462 
  33.9,    -28.04526812 
    34,    -31.46742875 
  34.1,    -29.53227868 
  34.2,    -25.01926272 
  34.3,    -21.62389993 
  34.4,    -19.21196229 
  34.5,    -17.49985618 
  34.6,    -16.32714908 
  34.7,    -15.61202653 
  34.8,    -15.32244991 
  34.9,    -15.46624502 
    35,    -16.09585388 
  35.1,    -17.33303582 
  35.2,    -19.43937908 
  35.3,    -23.01855739 
  35.4,    -28.99060738 
  35.5,    -26.94466755 
  35.6,     -20.6372106 
  35.7,    -16.63277583 
  35.8,    -13.88098523 
  35.9,    -11.87554438 
    36,     -10.3813971 
  36.1,    -9.274310581 
  36.2,    -8.482312185 
  36.3,    -7.961329893 
  36.4,    -7.683765417 
  36.5,    -7.632618436 
  36.6,    -7.798246075 
  36.7,    -8.176459045 
  36.8,    -8.767293799 
  36.9,    -9.574037148 
    37,    -10.60210283 
  37.1,    -11.85718593 
  37.2,    -13.34167791 
  37.3,    -15.04746384 
  37.4,    -16.94197599 
  37.5,    -18.94397118 
  37.6,    -20.89106576 
  37.7,    -22.52134854 
  37.8,    -23.51607908 
  37.9,    -23.62978399 
    38,    -22.85496813 
  38.1,    -21.46176831 
  38.2,    -19.81803357 
  38.3,    -18.20152888 
  38.4,    -16.76385265 
  38.5,    -15.57280821 
  38.6,    -14.65455163 
  38.7,    -14.01852813 
  38.8,    -13.67027956 
  38.9,    -13.61816826 
    39,    -13.87765687 
  39.1,    -14.47508507 
  39.2,    -15.45174443 
  39.3,    -16.86666735 
  39.4,    -18.78500075 
  39.5,    -21.17793469 
  39.6,    -23.43828028 
  39.7,     -23.8109852 
  39.8,    -22.12434134 
  39.9,    -20.17864389 
    40,    -18.71573287 
  40.1,    -17.80809207 
  40.2,    -17.41072571 
  40.3,     -17.4826057 
  40.4,    -17.99768128 
  40.5,    -18.92453867 
  40.6,    -20.16313099 
  40.7,    -21.39312984 
  40.8,    -21.95449748 
  40.9,    -21.39321874 
    41,    -20.15028402 
  41.1,    -18.88702333 
  41.2,    -17.92569942 
  41.3,    -17.36379906 
  41.4,    -17.22609502 
  41.5,    -17.52742639 
  41.6,    -18.29245632 
  41.7,    -19.55280021 
  41.8,    -21.29494412 
  41.9,    -23.22264711 
    42,    -24.23724834 
  42.1,    -23.31389759 
  42.2,      -21.458814 
  42.3,    -19.78952312 
  42.4,    -18.61802998 
  42.5,    -17.97144373 
  42.6,    -17.83871016 
  42.7,     -18.2336624 
  42.8,    -19.22140303 
  42.9,     -20.9604987 
    43,    -23.82192287 
  43.1,    -28.81084493 
  43.2,    -36.76445907 
  43.3,    -29.61644242 
  43.4,    -24.28477087 
  43.5,    -21.26468497 
  43.6,    -19.41216754 
  43.7,    -18.30446376 
  43.8,    -17.74924101 
  43.9,    -17.64521805 
    44,    -17.93001434 
  44.1,    -18.55059618 
  44.2,    -19.43338948 
  44.3,    -20.44294877 
  44.4,    -21.34446349 
  44.5,    -21.85507608 
  44.6,    -21.84855521 
  44.7,    -21.47442368 
  44.8,    -20.98560545 
  44.9,    -20.55075101 
    45,     -20.2248914 
  45.1,    -19.98985755 
  45.2,    -19.79845388 
  45.3,    -19.61341968 
  45.4,    -19.43655048 
  45.5,    -19.31678993 
  45.6,    -19.33735214 
  45.7,    -19.59817827 
  45.8,    -20.20887865 
  45.9,    -21.29414148 
    46,    -22.99383772 
  46.1,    -25.33743582 
  46.2,    -27.33830108 
  46.3,    -26.25876113 
  46.4,     -23.2336327 
  46.5,    -20.56457195 
  46.6,    -18.61620621 
  46.7,    -17.30780139 
  46.8,    -16.55589873 
  46.9,    -16.32215822 
    47,    -16.61595047 
  47.1,    -17.50534141 
  47.2,    -19.15803769 
  47.3,    -21.97513856 
  47.4,      -27.155553 
  47.5,    -38.60571468 
  47.6,    -27.95529002 
  47.7,    -22.15186898 
  47.8,     -19.0029437 
  47.9,    -17.10353923 
    48,    -16.00633093 
  48.1,    -15.52948757 
  48.2,    -15.60135403 
  48.3,    -16.21430587 
  48.4,    -17.41203332 
  48.5,    -19.28169044 
  48.6,    -21.86468355 
  48.7,    -24.48343696 
  48.8,    -24.50854626 
  48.9,    -22.07141945 
    49,    -19.74636966 
  49.1,    -18.13586178 
  49.2,    -17.18520612 
  49.3,    -16.79982431 
  49.4,    -16.91945033 
  49.5,    -17.51249654 
  49.6,    -18.55629469 
  49.7,    -19.99128392 
  49.8,    -21.60134995 
  49.9,    -22.82374569 
    50,    -22.98397284 
  50.1,    -22.21384257 
  50.2,    -21.22727508 
  50.3,    -20.46497357 
  50.4,     -20.0528477 
  50.5,    -19.98208156 
  50.6,    -20.19155466 
  50.7,    -20.59231934 
  50.8,      -21.084251 
  50.9,    -21.59038502 
    51,    -22.10297674 
  51.1,    -22.70368357 
  51.2,    -23.53681774 
  51.3,    -24.75433599 
  51.4,    -26.40378089 
  51.5,    -28.01688559 
  51.6,    -28.04189951 
  51.7,    -26.05428278 
  51.8,    -23.71356688 
  51.9,    -21.87297301 
    52,    -20.66653423 
  52.1,    -20.08415634 
  52.2,    -20.12837478 
  52.3,    -20.85314813 
  52.4,    -22.38925819 
  52.5,    -24.94309812 
  52.6,    -28.24197695 
  52.7,    -28.47237901 
  52.8,    -24.91602397 
  52.9,    -21.87304918 
    53,    -19.89148024 
  53.1,    -18.78215126 
  53.2,     -18.4286836 
  53.3,    -18.82302313 
  53.4,    -20.08366014 
  53.5,    -22.56855768 
  53.6,    -27.39232483 
  53.7,    -38.92997415 
  53.8,    -28.86979962 
  53.9,    -22.82651487 
    54,    -19.67412704 
  54.1,    -17.89996457 
  54.2,    -17.05701588 
  54.3,    -17.00177694 
  54.4,    -17.74978148 
  54.5,    -19.49061307 
  54.6,    -22.80510535 
  54.7,     -30.0581472 
  54.8,    -37.27355602 
  54.9,    -24.66011863 
    55,     -20.0597839 
  55.1,    -17.56383306 
  55.2,    -16.21920141 
  55.3,     -15.7237663 
  55.4,    -15.99708112 
  55.5,    -17.10450598 
  55.6,    -19.31468505 
  55.7,    -23.43619575 
  55.8,    -32.90648632 
  55.9,    -29.36092575 
    56,    -21.95821356 
  56.1,    -18.40705089 
  56.2,    -16.46255359 
  56.3,    -15.53140802 
  56.4,    -15.41851193 
  56.5,    -16.10747563 
  56.6,    -17.74469806 
  56.7,    -20.78389052 
  56.8,    -26.69365808 
  56.9,    -33.75319666 
    57,    -24.16332559 
  57.1,    -19.51232011 
  57.2,    -17.01743079 
  57.3,    -15.72078779 
  57.4,     -15.3081447 
  57.5,    -15.69777844 
  57.6,    -16.96433037 
  57.7,    -19.40411287 
  57.8,    -23.88699207 
  57.9,    -32.35588292 
    58,    -26.68138128 
  58.1,    -20.90377147 
  58.2,    -17.89352149 
  58.3,    -16.29150601 
  58.4,     -15.6562406 
  58.5,    -15.85082119 
  58.6,    -16.90911356 
  58.7,    -19.06713966 
  58.8,    -23.03962941 
  58.9,    -31.31049747 
    59,    -29.41286478 
  59.1,    -22.30703364 
  59.2,    -18.84416926 
  59.3,    -17.01081814 
  59.4,     -16.2225843 
  59.5,    -16.29263786 
  59.6,    -17.22490659 
  59.7,    -19.21863208 
  59.8,    -22.90154547 
  59.9,    -30.68018007 
    60,    -32.44902055 
  60.1,    -23.81010509 
  60.2,    -19.96369405 
  60.3,    -17.96018498 
  60.4,    -17.06869862 
  60.5,     -17.0562441 
  60.6,    -17.89847981 
  60.7,       -19.75681 
  60.8,    -23.16432162 
  60.9,    -30.22632718 
    61,    -40.73640495 
  61.1,    -26.67593449 
  61.2,    -22.25379104 
  61.3,    -20.12606518 
  61.4,    -19.27742074 
  61.5,    -19.43285581 
  61.6,    -20.60538758 
  61.7,    -23.11215619 
  61.8,    -28.12614393 
  61.9,    -45.32602318 
    62,    -30.17803334 
  62.1,    -24.01486655 
  62.2,    -21.02601183 
  62.3,    -19.47977402 
  62.4,    -18.89969211 
  62.5,    -19.13111193 
  62.6,    -20.17688986 
  62.7,    -22.19205348 
  62.8,    -25.59818404 
  62.9,    -31.24574862 
    63,    -33.62910812 
  63.1,    -28.10485199 
  63.2,    -24.75638746 
  63.3,      -23.064153 
  63.4,    -22.47308753 
  63.5,    -22.77196837 
  63.6,    -23.92024519 
  63.7,    -25.98416221 
  63.8,    -29.00175808 
  63.9,    -31.94482257 
    64,    -31.46907317 
  64.1,    -29.04377932 
  64.2,    -27.27420467 
  64.3,    -26.42303727 
  64.4,    -26.33594052 
  64.5,    -26.83749356 
  64.6,    -27.69831306 
  64.7,    -28.57291537 
  64.8,    -29.11152501 
  64.9,    -29.29293131 
    65,    -29.46421082 
  65.1,    -29.99636728 
  65.2,    -31.05705669 
  65.3,    -32.38677767 
  65.4,    -32.86177277 
  65.5,     -31.6103641 
  65.6,    -29.74998165 
  65.7,    -28.34973611 
  65.8,    -27.73866833 
  65.9,    -28.04670499 
    66,    -29.50032269 
  66.1,    -32.73692965 
  66.2,    -40.24667112 
  66.3,    -41.64854168 
  66.4,      -32.682206 
  66.5,    -28.69350529 
  66.6,    -26.65611069 
  66.7,    -25.86836253 
  66.8,    -26.16244625 
  66.9,    -27.65798414 
    67,    -30.88037473 
  67.1,    -37.02603017 
  67.2,    -36.23666569 
  67.3,    -29.92092426 
  67.4,    -26.45461504 
  67.5,    -24.63136727 
  67.6,    -23.94550434 
  67.7,    -24.23291078 
  67.8,    -25.46250108 
  67.9,    -27.44922168 
    68,    -28.74111466 
  68.1,     -27.1285224 
  68.2,    -24.44104583 
  68.3,    -22.39511558 
  68.4,    -21.22800787 
  68.5,    -20.91550792 
  68.6,    -21.48128336 
  68.7,    -23.05619669 
  68.8,    -25.83816145 
  68.9,    -28.89643064 
    69,    -27.35730026 
  69.1,    -23.67368325 
  69.2,    -21.09117946 
  69.3,    -19.65219071 
  69.4,    -19.19120221 
  69.5,    -19.68761294 
  69.6,    -21.30527351 
  69.7,     -24.5038668 
  69.8,    -29.45470023 
  69.9,    -27.70139596 
    70,    -22.54949121 
  70.1,    -19.37091119 
  70.2,    -17.58604727 
  70.3,    -16.82840487 
  70.4,    -16.98382194 
  70.5,    -18.11329922 
  70.6,    -20.48424721 
  70.7,    -24.56622164 
  70.8,    -27.47656869 
  70.9,    -22.99305289 
    71,    -19.12732333 
  71.1,    -16.86931979 
  71.2,    -15.77251116 
  71.3,    -15.64738581 
  71.4,    -16.51141048 
  71.5,    -18.62473255 
  71.6,      -22.791227 
  71.7,    -30.16254881 
  71.8,    -24.85879067 
  71.9,    -19.28821591 
    72,    -16.32775026 
  72.1,    -14.80971858 
  72.2,    -14.34620147 
  72.3,    -14.86026231 
  72.4,    -16.50818117 
  72.5,    -19.86076206 
  72.6,    -26.74720013 
  72.7,     -27.4247145 
  72.8,    -19.93079643 
  72.9,    -16.18779794 
    73,    -14.23413647 
  73.1,     -13.4491811 
  73.2,    -13.66436042 
  73.3,    -14.96266868 
  73.4,    -17.78367385 
  73.5,    -23.75617512 
  73.6,    -32.56439163 
  73.7,    -20.95976962 
  73.8,    -16.19280994 
  73.9,    -13.76333387 
    74,    -12.65171453 
  74.1,    -12.57222218 
  74.2,    -13.52939438 
  74.3,    -15.82495669 
  74.4,    -20.55361808 
  74.5,    -33.91047548 
  74.6,    -22.72979544 
  74.7,    -16.55411484 
  74.8,     -13.5812813 
  74.9,    -12.13887453 
    75,    -11.79435974 
  75.1,    -12.48273836 
  75.2,    -14.42263675 
  75.3,    -18.45106267 
  75.4,    -29.10905882 
  75.5,    -24.26868419 
  75.6,    -16.58890281 
  75.7,    -13.10825707 
  75.8,    -11.33854785 
  75.9,    -10.69588659 
    76,     -11.0325646 
  76.1,    -12.44180965 
  76.2,    -15.36570701 
  76.3,    -21.38610658 
  76.4,    -29.34236839 
  76.5,    -18.74503284 
  76.6,    -14.18537434 
  76.7,    -11.93515982 
  76.8,    -11.02989157 
  76.9,    -11.22067234 
    77,       -12.58331 
  77.1,    -15.63145719 
  77.2,    -22.57048977 
  77.3,    -29.42627731 
  77.4,    -17.43282762 
  77.5,    -12.96734087 
  77.6,    -10.69602363 
  77.7,     -9.69940728 
  77.8,    -9.726143536 
  77.9,    -10.80367817 
    78,    -13.27192067 
  78.1,    -18.37567358 
  78.2,    -33.44750985 
  78.3,     -19.2883721 
  78.4,    -13.56343378 
  78.5,    -10.81309569 
  78.6,     -9.55598296 
  78.7,    -9.414696047 
  78.8,    -10.37577874 
  78.9,    -12.77289269 
    79,    -17.92566845 
  79.1,     -40.7206377 
  79.2,    -18.35450735 
  79.3,    -12.51337489 
  79.4,    -9.654869166 
  79.5,    -8.259373059 
  79.6,     -7.92684744 
  79.7,    -8.593866992 
  79.8,    -10.45174417 
  79.9,    -14.19869395 
    80,    -22.62828551 
  80.1,    -21.17520496 
  80.2,    -13.53460659 
  80.3,    -10.02143293 
  80.4,    -8.287991843 
  80.5,    -7.741883198 
  80.6,    -8.255534271 
  80.7,    -9.993408489 
  80.8,    -13.64955776 
  80.9,    -22.30959725 
    81,    -21.10940409 
  81.1,     -12.9418879 
  81.2,    -9.283863034 
  81.3,    -7.446029612 
  81.4,    -6.796611698 
  81.5,    -7.186923074 
  81.6,    -8.745802604 
  81.7,    -12.05235913 
  81.8,    -19.45107949 
  81.9,    -22.01087856 
    82,    -12.78088855 
  82.1,    -8.782635935 
  82.2,    -6.765358106 
  82.3,    -5.987679594 
  82.4,    -6.263882424 
  82.5,    -7.696320775 
  82.6,    -10.81230841 
  82.7,    -17.70294629 
  82.8,    -22.11419512 
  82.9,    -12.18072137 
    83,    -7.956841002 
  83.1,    -5.810330205 
  83.2,    -4.928870292 
  83.3,    -5.101030367 
  83.4,     -6.40502834 
  83.5,    -9.311657937 
  83.6,    -15.64248684 
  83.7,     -22.6565692 
  83.8,    -11.63122267 
  83.9,    -7.099733032 
    84,    -4.800254096 
  84.1,    -3.810898764 
  84.2,     -3.88850167 
  84.3,    -5.092209582 
  84.4,    -7.862179299 
  84.5,    -13.89868153 
  84.6,    -22.52723006 
  84.7,    -10.66312144 
  84.8,    -5.910050499 
  84.9,    -3.492381305 
    85,    -2.411309649 
  85.1,    -2.401516029 
  85.2,    -3.506632512 
  85.3,    -6.138054102 
  85.4,    -11.88498805 
  85.5,    -22.78778212 
  85.6,    -9.534988553 
  85.7,    -4.504134664 
  85.8,     -1.95095157 
  85.9,    -0.770832309 
    86,   -0.6727427595 
  86.1,    -1.687511079 
  86.2,    -4.210437621 
  86.3,     -9.78213113 
  86.4,    -22.50704419 
  86.5,    -7.853502566 
  86.6,    -2.606262341 
  86.7,   0.06848052805 
  86.8,     1.349917329 
  86.9,     1.546615359 
    87,    0.6376284329 
  87.1,    -1.757628458 
  87.2,    -7.132915087 
  87.3,    -22.64568034 
  87.4,    -5.607825823 
  87.5,  -0.09079612853 
  87.6,     2.745092451 
  87.7,     4.167564206 
  87.8,     4.504278514 
  87.9,      3.74321248 
    88,     1.513335663 
  88.1,    -3.656915336 
  88.2,    -22.35722609 
  88.3,    -2.123894334 
  88.4,     3.696899482 
  88.5,     6.781548587 
  88.6,     8.460083731 
  88.7,     9.076446226 
  88.8,      8.63011585 
  88.9,     6.765487723 
    89,     2.048091771 
  89.1,    -22.52383626 
  89.2,     4.227751831 
  89.3,     10.79292517 
  89.4,     14.69517144 
  89.5,     17.38156298 
  89.6,      19.3113752 
  89.7,     20.68829401 
  89.8,     21.61739146 
  89.9,     22.15572349 
    90,     22.33218478 
  90.1,     22.15565545 
  90.2,     21.61725608 
  90.3,     20.68809275 
  90.4,     19.31111063 
  90.5,     17.38123939 
  90.6,     14.69479661 
  90.7,     10.79251637 
  90.8,      4.22736973 
  90.9,     -22.5262312 
    91,     2.047209721 
  91.1,     6.764660726 
  91.2,     8.629280432 
  91.3,     9.075595405 
  91.4,     8.459226225 
  91.5,     6.780708193 
  91.6,     3.696133993 
  91.7,    -2.124384468 
  91.8,    -22.36189636 
  91.9,    -3.658958347 
    92,     1.511725759 
  92.1,     3.741745105 
  92.2,     4.502902182 
  92.3,     4.166281555 
  92.4,     2.743943343 
  92.5,  -0.09170247408 
  92.6,    -5.608120928 
  92.7,    -22.65246427 
  92.8,    -7.136405075 
  92.9,     -1.76004313 
    93,    0.6355946382 
  93.1,     1.544829038 
  93.2,     1.348361425 
  93.3,    0.0672042486 
  93.4,    -2.607106827 
  93.5,    -7.853441419 
  93.6,    -22.51551129 
  93.7,    -9.787334809 
  93.8,    -4.213601069 
  93.9,    -1.689970334 
    94,   -0.6747561434 
  94.1,   -0.7724516274 
  94.2,    -1.952126615 
  94.3,    -4.504680711 
  94.4,    -9.534372646 
  94.5,    -22.79761712 
  94.6,    -11.89202361 
  94.7,    -6.141822112 
  94.8,     -3.50931827 
  94.9,    -2.403540173 
    95,      -2.4127768 
  95.1,    -3.493260602 
  95.2,    -5.910169364 
  95.3,    -10.66206161 
  95.4,    -22.53749909 
  95.5,    -13.90779253 
  95.6,     -7.86628912 
  95.7,    -5.094799392 
  95.8,    -3.890204559 
  95.9,    -3.811886627 
    96,    -4.800525244 
  96.1,    -7.099141064 
  96.2,    -11.62948231 
  96.3,    -22.66712028 
  96.4,    -15.65367408 
  96.5,    -9.315785867 
  96.6,    -6.407197251 
  96.7,    -5.102116543 
  96.8,    -4.929130903 
  96.9,    -5.809821763 
    97,    -7.955507114 
  97.1,    -12.17857594 
  97.2,     -22.1234222 
  97.3,    -17.71660424 
  97.4,    -10.81577665 
  97.5,    -7.697394413 
  97.6,    -6.263715364 
  97.7,     -5.98660709 
  97.8,    -6.763485198 
  97.9,    -8.779982362 
    98,    -12.77772093 
  98.1,    -22.01975683 
  98.2,    -19.46788173 
  98.3,    -12.05477768 
  98.4,    -8.745346987 
  98.5,    -7.185081358 
  98.6,    -6.793817323 
  98.7,    -7.442460157 
  98.8,    -9.279651909 
  98.9,    -12.93754145 
    99,    -21.11409586 
  99.1,    -22.33056206 
  99.2,    -13.64863785 
  99.3,    -9.989302431 
  99.4,    -8.249889791 
  99.5,    -7.735082145 
  99.6,    -8.280134166 
  99.7,    -10.01257596 
  99.8,    -13.52537559 
  99.9,     -21.1791747 
   100,    -22.66541588 
 100.1,    -14.19759901 
 100.2,    -10.44410966 
 100.3,    -8.582586115 
 100.4,    -7.912133885 
 100.5,    -8.240377734 
 100.6,    -9.629340194 
 100.7,    -12.47535199 
 100.8,    -18.28041895 
 100.9,     -42.4802633 
   101,    -18.00238744 
 101.1,    -12.81108926 
 101.2,    -10.40173704 
 101.3,    -9.435225882 
 101.4,    -9.574263655 
 101.5,    -10.83162581 
 101.6,    -13.58605691 
 101.7,    -19.32891705 
 101.8,     -33.5029537 
 101.9,    -18.35343509 
   102,    -13.26056375 
 102.1,     -10.7967618 
 102.2,     -9.72206976 
 102.3,    -9.697994705 
 102.4,    -10.69805704 
 102.5,    -12.97519412 
 102.6,    -17.45356859 
 102.7,    -29.44116077 
 102.8,    -22.45237778 
 102.9,     -15.5754921 
   103,     -12.5398822 
 103.1,    -11.18065572 
 103.2,    -10.98895617 
 103.3,    -11.88905645 
 103.4,    -14.12629741 
 103.5,    -18.64762759 
 103.6,    -29.07204045 
 103.7,    -21.45594187 
 103.8,    -15.40169609 
 103.9,    -12.46394478 
   104,     -11.0478632 
 104.1,    -10.70738271 
 104.2,     -11.3479038 
 104.3,    -13.11668695 
 104.4,    -16.59796995 
 104.5,    -24.28526537 
 104.6,     -29.1074707 
 104.7,    -18.45089096 
 104.8,    -14.42398875 
 104.9,    -12.48512994 
   105,    -11.79783161 
 105.1,    -12.14375391 
 105.2,    -13.58829693 
 105.3,    -16.56503935 
 105.4,    -22.75088484 
 105.5,    -33.81883638 
 105.6,     -20.5365999 
 105.7,    -15.81826887 
 105.8,    -13.52726555 
 105.9,    -12.57339795 
   106,    -12.65612707 
 106.1,    -13.77173653 
 106.2,    -16.20741327 
 106.3,    -20.98779753 
 106.4,    -32.60062229 
 106.5,    -23.71375883 
 106.6,    -17.76624032 
 106.7,    -14.95431068 
 106.8,    -13.66163047 
 106.9,    -13.45121078 
   107,    -14.24125011 
 107.1,    -16.20166634 
 107.2,     -19.9561924 
 107.3,    -27.46619651 
 107.4,    -26.68531547 
 107.5,    -19.83495732 
 107.6,    -16.49623915 
 107.7,    -14.85636147 
 107.8,    -14.34874461 
 107.9,    -14.81879609 
   108,     -16.3449717 
 108.1,    -19.31810336 
 108.2,    -24.91192218 
 108.3,    -30.10410874 
 108.4,    -22.74651665 
 108.5,    -18.60376658 
 108.6,    -16.50282655 
 108.7,    -15.64771482 
 108.8,    -15.78099086 
 108.9,    -16.88684657 
   109,    -19.15678077 
 109.1,    -23.03890193 
 109.2,    -27.49716246 
 109.3,    -24.53173423 
 109.4,    -20.46623217 
 109.5,    -18.10982652 
 109.6,    -16.99216684 
 109.7,    -16.84832431 
 109.8,    -17.61945191 
 109.9,    -19.42275338 
   110,    -22.63025441 
 110.1,    -27.80811723 
 110.2,    -29.36094713 
 110.3,    -24.41561901 
 110.4,    -21.25367736 
 110.5,    -19.65898994 
 110.6,    -19.17948972 
 110.7,    -19.65544698 
 110.8,    -21.10995968 
 110.9,    -23.70954128 
   111,    -27.39646875 
 111.1,    -28.86165232 
 111.2,    -25.78843724 
 111.3,    -23.02854787 
 111.4,     -21.4730775 
 111.5,    -20.92436156 
 111.6,    -21.25387719 
 111.7,    -22.43963701 
 111.8,    -24.50487128 
 111.9,    -27.19399328 
   112,    -28.73691446 
 112.1,    -27.38789027 
 112.2,    -25.40996627 
 112.3,    -24.20260035 
 112.4,    -23.93801248 
 112.5,    -24.64825278 
 112.6,    -26.50226754 
 112.7,     -30.0174491 
 112.8,    -36.40291624 
 112.9,     -36.8621667 
   113,    -30.78627684 
 113.1,    -27.61818428 
 113.2,    -26.15953189 
 113.3,    -25.89888133 
 113.4,    -26.72507746 
 113.5,    -28.81838223 
 113.6,    -32.92003619 
 113.7,    -42.33006575 
 113.8,    -39.85939579 
 113.9,    -32.59335204 
   114,    -29.45388848 
 114.1,    -28.06587279 
 114.2,    -27.81862709 
 114.3,    -28.49535579 
 114.4,    -29.96250419 
 114.5,    -31.83940833 
 114.6,    -32.93205821 
 114.7,     -32.2405984 
 114.8,    -30.85754292 
 114.9,    -29.84431358 
   115,    -29.40007923 
 115.1,    -29.33411405 
 115.2,    -29.23849531 
 115.3,    -28.71418507 
 115.4,    -27.78456962 
 115.5,    -26.85011472 
 115.6,     -26.2864767 
 115.7,    -26.32727547 
 115.8,     -27.1460611 
 115.9,    -28.90696107 
   116,    -31.41737884 
 116.1,    -32.12055558 
 116.2,    -29.17148411 
 116.3,    -26.07361394 
 116.4,    -23.95726175 
 116.5,    -22.77615102 
 116.6,    -22.45455465 
 116.7,    -23.02746732 
 116.8,    -24.70202054 
 116.9,    -28.03027932 
   117,    -33.58995526 
 117.1,     -31.3426621 
 117.2,     -25.6424021 
 117.3,    -22.21345961 
 117.4,     -20.1893792 
 117.5,    -19.14171731 
 117.6,    -18.91377716 
 117.7,    -19.50349494 
 117.8,    -21.06937299 
 117.9,    -24.10013666 
   118,    -30.37757741 
 118.1,    -42.31441856 
 118.2,    -27.76798934 
 118.3,    -22.89996756 
 118.4,    -20.44028761 
 118.5,    -19.28927065 
 118.6,    -19.14421366 
 118.7,    -19.99590427 
 118.8,    -22.11821316 
 118.9,    -26.51391352 
   119,     -40.3016141 
 119.1,    -30.26063773 
 119.2,    -23.13305519 
 119.3,    -19.70892719 
 119.4,    -17.84340227 
 119.5,    -16.99714596 
 119.6,    -17.00674975 
 119.7,     -17.8954637 
 119.8,    -19.89493952 
 119.9,    -23.73182617 
   120,    -32.31661471 
 120.1,    -30.63296242 
 120.2,    -22.85604542 
 120.3,    -19.17021129 
 120.4,    -17.17500016 
 120.5,     -16.2419734 
 120.6,    -16.17151956 
 120.7,    -16.95945933 
 120.8,    -18.79222407 
 120.9,    -22.25254623 
   121,    -29.33454837 
 121.1,    -31.20614875 
 121.2,    -22.98112052 
 121.3,     -19.0147286 
 121.4,    -16.85912271 
 121.5,    -15.80248514 
 121.6,    -15.60943639 
 121.7,    -16.24641312 
 121.8,    -17.85066137 
 121.9,    -20.86440339 
   122,    -26.64829493 
 122.1,    -32.28218652 
 122.2,    -23.82712566 
 122.3,    -19.35185567 
 122.4,    -16.91597151 
 122.5,    -15.65233209 
 122.6,    -15.26545315 
 122.7,    -15.68118918 
 122.8,     -16.9818928 
 122.9,    -19.48319888 
   123,    -24.14743174 
 123.1,    -33.72777337 
 123.2,    -26.60311909 
 123.3,    -20.71849108 
 123.4,    -17.68880428 
 123.5,    -16.05717806 
 123.6,     -15.3725454 
 123.7,    -15.48955362 
 123.8,    -16.42539526 
 123.9,     -18.3764834 
   124,    -21.94010382 
 124.1,    -29.38567547 
 124.2,    -32.80484539 
 124.3,    -23.36592808 
 124.4,    -19.25757195 
 124.5,    -17.05456915 
 124.6,    -15.95252092 
 124.7,     -15.6842162 
 124.8,    -16.18522883 
 124.9,    -17.53725193 
   125,    -20.04533397 
 125.1,    -24.67408969 
 125.2,    -37.49740038 
 125.3,    -29.90016694 
 125.4,    -22.71394017 
 125.5,    -19.41784589 
 125.6,    -17.68607454 
 125.7,    -16.94370435 
 125.8,    -17.00289504 
 125.9,    -17.84874861 
   126,    -19.62489062 
 126.1,    -22.77772854 
 126.2,    -28.81497182 
 126.3,    -38.84631816 
 126.4,    -27.35971786 
 126.5,    -22.53772655 
 126.6,    -20.05452032 
 126.7,    -18.79582709 
 126.8,    -18.40361332 
 126.9,     -18.7593671 
   127,    -19.87126537 
 127.1,    -21.85648141 
 127.2,    -24.90895826 
 127.3,    -28.50518123 
 127.4,    -28.32048022 
 127.5,    -25.00954723 
 127.6,    -22.44963386 
 127.7,    -20.91630109 
 127.8,    -20.19991531 
 127.9,    -20.16843544 
   128,    -20.76719926 
 128.1,    -21.99143089 
 128.2,    -23.84091772 
 128.3,    -26.14077524 
 128.4,    -27.95422947 
 128.5,    -27.74472372 
 128.6,    -26.13471168 
 128.7,    -24.55526239 
 128.8,    -23.40515379 
 128.9,    -22.62689891 
   129,     -22.0666979 
 129.1,     -21.5774753 
 129.2,    -21.07679857 
 129.3,    -20.57655278 
 129.4,    -20.16068102 
 129.5,     -19.9351111 
 129.6,    -19.99196267 
 129.7,    -20.39386482 
 129.8,    -21.15121828 
 129.9,    -22.14156019 
   130,    -22.92817938 
 130.1,    -22.78892447 
 130.2,    -21.57355428 
 130.3,    -19.95815467 
 130.4,    -18.51497147 
 130.5,    -17.46386952 
 130.6,    -16.86490365 
 130.7,    -16.74040237 
 130.8,    -17.12148001 
 130.9,    -18.06791471 
   131,    -19.67384865 
 131.1,    -21.99450547 
 131.2,     -24.4350992 
 131.3,    -24.43107435 
 131.4,    -21.82111952 
 131.5,    -19.23701421 
 131.6,     -17.3653082 
 131.7,    -16.16611124 
 131.8,    -15.55231858 
 131.9,    -15.48014476 
   132,    -15.95716432 
 132.1,    -17.05506377 
 132.2,    -18.95583386 
 132.3,    -22.10718494 
 132.4,    -27.91347002 
 132.5,    -38.41274093 
 132.6,    -27.07477514 
 132.7,    -21.91036742 
 132.8,    -19.09881527 
 132.9,    -17.44934606 
   133,      -16.562452 
 133.1,    -16.27100018 
 133.2,    -16.50727846 
 133.3,    -17.26230727 
 133.4,    -18.57509451 
 133.5,    -20.53053534 
 133.6,    -23.21261166 
 133.7,    -26.25926225 
 133.8,    -27.33859522 
 133.9,    -25.30957574 
   134,    -22.95185239 
 134.1,    -21.24685005 
 134.2,    -20.15920935 
 134.3,    -19.54710203 
 134.4,    -19.28535133 
 134.5,    -19.26459517 
 134.6,    -19.38572366 
 134.7,     -19.5667501 
 134.8,    -19.75989607 
 134.9,    -19.96396781 
   135,    -20.21615007 
 135.1,     -20.5630158 
 135.2,    -21.02107419 
 135.3,    -21.53056654 
 135.4,    -21.91236003 
 135.5,    -21.90153373 
 135.6,    -21.35174219 
 135.7,    -20.40908535 
 135.8,    -19.37012064 
 135.9,    -18.47044041 
   136,    -17.84166285 
 136.1,    -17.55399223 
 136.2,    -17.65844311 
 136.3,    -18.21646154 
 136.4,    -19.32926804 
 136.5,    -21.19027494 
 136.6,    -24.22624269 
 136.7,    -29.59772612 
 136.8,    -36.69554216 
 136.9,    -28.65764909 
   137,    -23.69258064 
 137.1,    -20.84390281 
 137.2,    -19.11321839 
 137.3,    -18.13222679 
 137.4,    -17.74363078 
 137.5,    -17.88324774 
 137.6,    -18.53827412 
 137.7,    -19.72122547 
 137.8,    -21.40664303 
 137.9,    -23.27941666 
   138,    -24.19905567 
 138.1,    -23.15249429 
 138.2,    -21.20229031 
 138.3,     -19.4518045 
 138.4,    -18.18968529 
 138.5,    -17.42574683 
 138.6,     -17.1271625 
 138.7,    -17.26912622 
 138.8,    -17.83725656 
 138.9,    -18.80767988 
   139,    -20.08356975 
 139.1,    -21.33959944 
 139.2,    -21.90229556 
 139.3,    -21.32455913 
 139.4,    -20.07531047 
 139.5,    -18.82371703 
 139.6,    -17.88915745 
 139.7,    -17.36938344 
 139.8,    -17.29441101 
 139.9,     -17.6896748 
   140,    -18.59627481 
 140.1,    -20.06056047 
 140.2,    -22.01505238 
 140.3,    -23.72740571 
 140.4,    -23.37849486 
 140.5,    -21.11317138 
 140.6,    -18.70934105 
 140.7,      -16.783601 
 140.8,    -15.36454889 
 140.9,    -14.38617832 
   141,     -13.7890662 
 141.1,    -13.53195294 
 141.2,     -13.5889082 
 141.3,    -13.94531349 
 141.4,    -14.59426482 
 141.5,    -15.53263515 
 141.6,    -16.75491925 
 141.7,     -18.2412124 
 141.8,     -19.9327472 
 141.9,    -21.68746422 
   142,    -23.22683246 
 142.1,    -24.15312714 
 142.2,    -24.14130534 
 142.3,    -23.16370028 
 142.4,    -21.47766655 
 142.5,    -19.44038244 
 142.6,    -17.34600611 
 142.7,    -15.37159584 
 142.8,    -13.60125964 
 142.9,    -12.06575673 
   143,    -10.77038043 
 143.1,    -9.710181134 
 143.2,    -8.877447048 
 143.3,    -8.265247499 
 143.4,    -7.869166238 
 143.5,    -7.688318268 
 143.6,    -7.726240268 
 143.7,    -7.992052448 
 143.8,    -8.502308239 
 143.9,    -9.284182858 
   144,    -10.38128537 
 144.1,    -11.86498403 
 144.2,    -13.85856879 
 144.3,    -16.59542537 
 144.4,    -20.57953401 
 144.5,    -26.89022207 
 144.6,    -29.19153097 
 144.7,    -23.11974297 
 144.8,    -19.49327454 
 144.9,    -17.36468515 
   145,    -16.11430157 
 145.1,    -15.47567025 
 145.2,    -15.32516471 
 145.3,    -15.60952234 
 145.4,    -16.32058217 
 145.5,    -17.49040781 
 145.6,    -19.20138621 
 145.7,    -21.61600982 
 145.8,    -25.02565649 
 145.9,    -29.59546581 
   146,    -31.57717798 
 146.1,    -28.06887807 
 146.2,    -25.05735012 
 146.3,    -23.22003311 
 146.4,    -22.23795772 
 146.5,    -21.91905162 
 146.6,    -22.17952814 
 146.7,    -23.00671253 
 146.8,     -24.4415122 
 146.9,    -26.54388869 
   147,    -29.15296183 
 147.1,    -30.83332042 
 147.2,    -29.55075555 
 147.3,    -27.08995251 
 147.4,    -25.06872923 
 147.5,    -23.69997328 
 147.6,     -22.9171848 
 147.7,    -22.65844912 
 147.8,    -22.90163961 
 147.9,    -23.66802039 
   148,    -25.02786067 
 148.1,    -27.10023192 
 148.2,    -29.91927968 
 148.3,    -32.33307651 
 148.4,    -31.18278792 
 148.5,    -28.19070579 
 148.6,    -25.72682598 
 148.7,     -24.0220646 
 148.8,    -22.95335617 
 148.9,    -22.42185962 
   149,    -22.37359783 
 149.1,    -22.78099762 
 149.2,    -23.60437945 
 149.3,    -24.68317187 
 149.4,    -25.48345662 
 149.5,    -25.10554127 
 149.6,    -23.43908021 
 149.7,    -21.33931834 
 149.8,    -19.39514506 
 149.9,    -17.77599834 
   150,    -16.49327253 
 150.1,    -15.52186682 
 150.2,    -14.83528171 
 150.3,    -14.41383505 
 150.4,    -14.24575334 
 150.5,    -14.32653997 
 150.6,    -14.65771003 
 150.7,    -15.24417195 
 150.8,    -16.08730256 
 150.9,    -17.16558748 
   151,    -18.38428313 
 151.1,    -19.47713707 
 151.2,    -19.96791927 
 151.3,    -19.52798637 
 151.4,    -18.40865362 
 151.5,    -17.09756989 
 151.6,    -15.89382665 
 151.7,    -14.90821276 
 151.8,    -14.16547756 
 151.9,    -13.66121982 
   152,    -13.38377063 
 152.1,    -13.32113541 
 152.2,    -13.46203643 
 152.3,    -13.79397203 
 152.4,    -14.29848851 
 152.5,     -14.9425006 
 152.6,    -15.66455723 
 152.7,    -16.35959696 
 152.8,    -16.88037323 
 152.9,    -17.08727955 
   153,    -16.93746574 
 153.1,    -16.51948476 
 153.2,     -15.9864033 
 153.3,    -15.47397062 
 153.4,    -15.07155091 
 153.5,    -14.83031524 
 153.6,    -14.77916795 
 153.7,    -14.93680893 
 153.8,    -15.31892791 
 153.9,    -15.94171487 
   154,    -16.82171295 
 154.1,    -17.96858462 
 154.2,    -19.35867086 
 154.3,     -20.8593546 
 154.4,    -22.08630598 
 154.5,    -22.43614841 
 154.6,    -21.73209394 
 154.7,    -20.49529516 
 154.8,    -19.24827381 
 154.9,    -18.22175398 
   155,    -17.48088659 
 155.1,    -17.03509327 
 155.2,    -16.88267637 
 155.3,    -17.02616449 
 155.4,    -17.47754878 
 155.5,    -18.25906729 
 155.6,     -19.3961126 
 155.7,    -20.87992306 
 155.8,    -22.52065466 
 155.9,    -23.59484008 
   156,    -23.07082301 
 156.1,    -21.24265726 
 156.2,    -19.17429046 
 156.3,     -17.3525249 
 156.4,    -15.86678998 
 156.5,    -14.69752349 
 156.6,     -13.8094039 
 156.7,    -13.17297722 
 156.8,    -12.76820945 
 156.9,    -12.58429568 
   157,    -12.61932993 
 157.1,    -12.88086737 
 157.2,    -13.38802145 
 157.3,    -14.17619378 
 157.4,    -15.30700683 
 157.5,    -16.89018166 
 157.6,    -19.13789722 
 157.7,    -22.52980433 
 157.8,    -28.49382527 
 157.9,    -36.02904813 
   158,    -26.23208279 
 158.1,     -21.0786883 
 158.2,      -17.904102 
 158.3,    -15.68325697 
 158.4,     -14.0365573 
 158.5,    -12.78403043 
 158.6,    -11.82657453 
 158.7,    -11.10395921 
 158.8,    -10.57689872 
 158.9,    -10.21830178 
   159,    -10.00851401 
 159.1,    -9.932453164 
 159.2,     -9.97767355 
 159.3,    -10.13286499 
 159.4,    -10.38650775 
 159.5,    -10.72552991 
 159.6,    -11.13393581 
 159.7,     -11.5915572 
 159.8,    -12.07337059 
 159.9,    -12.55017345 
   160,    -12.99154642 
 160.1,    -13.37141591 
 160.2,    -13.67489051 
 160.3,    -13.90330549 
 160.4,    -14.07458201 
 160.5,    -14.21871239 
 160.6,    -14.37105844 
 160.7,     -14.5665993 
 160.8,    -14.83658662 
 160.9,    -15.20722502 
   161,    -15.69901799 
 161.1,     -16.3249234 
 161.2,    -17.08457794 
 161.3,    -17.94995636 
 161.4,     -18.8365615 
 161.5,    -19.56559185 
 161.6,    -19.87433942 
 161.7,    -19.57187594 
 161.8,    -18.72660928 
 161.9,    -17.59332278 
   162,    -16.40373015 
 162.1,    -15.28863712 
 162.2,    -14.30362636 
 162.3,    -13.46587938 
 162.4,    -12.77625694 
 162.5,    -12.22984161 
 162.6,    -11.82054174 
 162.7,    -11.54300826 
 162.8,    -11.39340265 
 162.9,    -11.36970258 
   163,    -11.47184461 
 163.1,    -11.70183096 
 163.2,    -12.06383967 
 163.3,    -12.56430831 
 163.4,     -13.2118499 
 163.5,    -14.01660145 
 163.6,    -14.98795025 
 163.7,    -16.12792113 
 163.8,    -17.41362946 
 163.9,    -18.75592765 
   164,    -19.92836178 
 164.1,    -20.55035794 
 164.2,    -20.34218947 
 164.3,    -19.45444091 
 164.4,    -18.27751234 
 164.5,    -17.09563019 
 164.6,    -16.03389014 
 164.7,    -15.12892892 
 164.8,    -14.38117621 
 164.9,    -13.77844029 
   165,    -13.30479875 
 165.1,     -12.9433834 
 165.2,    -12.67675804 
 165.3,    -12.48637345 
 165.4,    -12.35175752 
 165.5,    -12.24987566 
 165.6,    -12.15512117 
 165.7,    -12.04044842 
 165.8,    -11.87999559 
 165.9,    -11.65294854 
   166,     -11.3474831 
 166.1,    -10.96305221 
 166.2,    -10.50981088 
 166.3,     -10.0054456 
 166.4,    -9.470925485 
 166.5,    -8.926804098 
 166.6,    -8.390915407 
 166.7,    -7.877457123 
 166.8,    -7.397024659 
 166.9,    -6.957123599 
   167,    -6.562828221 
 167.1,    -6.217407055 
 167.2,    -5.922843436 
 167.3,    -5.680237644 
 167.4,    -5.490102978 
 167.5,    -5.352575319 
 167.6,     -5.26755533 
 167.7,    -5.234798638 
 167.8,    -5.253964729 
 167.9,    -5.324630857 
   168,     -5.44627359 
 168.1,    -5.618216386 
 168.2,    -5.839538218 
 168.3,    -6.108934427 
 168.4,    -6.424517445 
 168.5,    -6.783542751 
 168.6,      -7.1820464 
 168.7,     -7.61438916 
 168.8,    -8.072726722 
 168.9,    -8.546475548 
   169,    -9.021930638 
 169.1,    -9.482306211 
 169.2,    -9.908564631 
 169.3,     -10.2813527 
 169.4,    -10.58403019 
 169.5,    -10.80614665 
 169.6,    -10.94613684 
 169.7,    -11.01203862 
 169.8,    -11.01990147 
 169.9,    -10.99067481 
   170,    -10.94689824 
 170.1,    -10.91022118 
 170.2,    -10.90011095 
 170.3,    -10.93359025 
 170.4,    -11.02565326 
 170.5,    -11.19004654 
 170.6,    -11.44022125 
 170.7,    -11.79037165 
 170.8,    -12.25653828 
 170.9,    -12.85773736 
   171,    -13.61688418 
 171.1,    -14.56053979 
 171.2,    -15.71394811 
 171.3,    -17.07919896 
 171.4,    -18.55919017 
 171.5,    -19.76481875 
 171.6,    -19.91843739 
 171.7,    -18.67205314 
 171.8,    -16.68438196 
 171.9,    -14.61583751 
   172,    -12.71391265 
 172.1,    -11.02146807 
 172.2,    -9.521495786 
 172.3,    -8.185805929 
 172.4,    -6.988100381 
 172.5,    -5.906562224 
 172.6,    -4.923657218 
 172.7,    -4.025351615 
 172.8,    -3.200342286 
 172.9,     -2.43943021 
   173,    -1.735039927 
 173.1,    -1.080857609 
 173.2,   -0.4715592735 
 173.3,   0.09739422257 
 173.4,    0.6299130341 
 173.5,     1.129397774 
 173.6,     1.598831952 
 173.7,     2.040854068 
 173.8,     2.457814339 
 173.9,     2.851819603 
   174,     3.224769169 
 174.1,     3.578383493 
 174.2,     3.914227319 
 174.3,      4.23372839 
 174.4,     4.538192624 
 174.5,     4.828816525 
 174.6,     5.106697325 
 174.7,     5.372841352 
 174.8,     5.628170996 
 174.9,     5.873530557 
   175,     6.109691227 
 175.1,     6.337355446 
 175.2,     6.557160736 
 175.3,     6.769683228 
 175.4,     6.975440928 
 175.5,     7.174896863 
 175.6,     7.368462129 
 175.7,     7.556498912 
 175.8,     7.739323515 
 175.9,     7.917209391 
   176,     8.090390204 
 176.1,      8.25906288 
 176.2,     8.423390691 
 176.3,     8.583506277 
 176.4,     8.739514655 
 176.5,     8.891496139 
 176.6,     9.039509174 
 176.7,      9.18359305 
 176.8,     9.323770484 
 176.9,     9.460050028 
   177,     9.592428336 
 177.1,     9.720892226 
 177.2,     9.845420574 
 177.3,     9.965986006 
 177.4,     10.08255643 
 177.5,     10.19509635 
 177.6,     10.30356803 
 177.7,     10.40793253 
 177.8,     10.50815047 
 177.9,     10.60418279 
   178,     10.69599132 
 178.1,     10.78353919 
 178.2,     10.86679121 
 178.3,     10.94571414 
 178.4,     11.02027682 
 178.5,     11.09045035 
 178.6,     11.15620807 
 178.7,     11.21752565 
 178.8,     11.27438097 
 178.9,     11.32675415 
   179,     11.37462741 
 179.1,       11.417985 
 179.2,      11.4568131 
 179.3,     11.49109969 
 179.4,     11.52083448 
 179.5,     11.54600878 
 179.6,      11.5666154 
 179.7,     11.58264859 
 179.8,     11.59410395 
 179.9,      11.6009784 
   180,     11.60327007 
 180.1,     11.60097838 
 180.2,     11.59410391 
 180.3,     11.58264853 
 180.4,     11.56661532 
 180.5,     11.54600869 
 180.6,     11.52083438 
 180.7,     11.49109958 
 180.8,     11.45681298 
 180.9,     11.41798488 
   181,     11.37462729 
 181.1,     11.32675404 
 181.2,     11.27438087 
 181.3,     11.21752556 
 181.4,     11.15620801 
 181.5,     11.09045032 
 181.6,     11.02027683 
 181.7,     10.94571418 
 181.8,     10.86679131 
 181.9,     10.78353935 
   182,     10.69599154 
 182.1,     10.60418309 
 182.2,     10.50815085 
 182.3,     10.40793301 
 182.4,     10.30356862 
 182.5,     10.19509705 
 182.6,     10.08255725 
 182.7,     9.965986964 
 182.8,     9.845421677 
 182.9,     9.720893486 
   183,     9.592429762 
 183.1,     9.460051632 
 183.2,     9.323772277 
 183.3,     9.183595043 
 183.4,     9.039511376 
 183.5,     8.891498562 
 183.6,      8.73951731 
 183.7,     8.583509174 
 183.8,     8.423393841 
 183.9,     8.259066294 
   184,      8.09039389 
 184.1,     7.917213364 
 184.2,     7.739327784 
 184.3,      7.55650349 
 184.4,     7.368467027 
 184.5,     7.174902096 
 184.6,     6.975446507 
 184.7,      6.76968917 
 184.8,     6.557167059 
 184.9,     6.337362169 
   185,     6.109698371 
 185.1,     5.873538146 
 185.2,      5.62817906 
 185.3,     5.372849924 
 185.4,     5.106706439 
 185.5,     4.828826227 
 185.6,     4.538202962 
 185.7,      4.23373942 
 185.8,     3.914239112 
 185.9,     3.578396123 
   186,     3.224782727 
 186.1,     2.851834193 
 186.2,     2.457830081 
 186.3,     2.040871107 
 186.4,     1.598850449 
 186.5,     1.129417925 
 186.6,    0.6299350668 
 186.7,   0.09741840613 
 186.8,   -0.4715326183 
 186.9,    -1.080828097 
   187,    -1.735007102 
 187.1,    -2.439393512 
 187.2,     -3.20030103 
 187.3,    -4.025304972 
 187.4,    -4.923604134 
 187.5,    -5.906501408 
 187.6,    -6.988030203 
 187.7,    -8.185724344 
 187.8,    -9.521400329 
 187.9,    -11.02135594 
   188,    -12.71378156 
 188.1,     -14.6156888 
 188.2,    -16.68423075 
 188.3,    -18.67195291 
 188.4,    -19.91848546 
 188.5,    -19.76503475 
 188.6,    -18.55947599 
 188.7,    -17.07948311 
 188.8,    -15.71420927 
 188.9,    -14.56077616 
   189,    -13.61709884 
 189.1,    -12.85793376 
 189.2,    -12.25671918 
 189.3,    -11.79053896 
 189.4,    -11.44037615 
 189.5,    -11.19018952 
 189.6,    -11.02578404 
 189.7,      -10.933708 
 189.8,    -10.90021413 
 189.9,    -10.91030771 
   190,    -10.94696548 
 190.1,    -10.99071992 
 190.2,    -11.01992174 
 190.3,    -11.01203212 
 190.4,     -10.9461031 
 190.5,    -10.80608711 
 190.6,    -10.58394829 
 190.7,    -10.28125348 
 190.8,     -9.90845386 
 190.9,    -9.482189477 
   191,    -9.021812743 
 191.1,    -8.546360212 
 191.2,    -8.072616567 
 191.3,    -7.614285867 
 191.4,     -7.18195092 
 191.5,    -6.783455545 
 191.6,    -6.424438626 
 191.7,    -6.108863895 
 191.8,    -5.839475757 
 191.9,     -5.61816174 
   192,    -5.446226475 
 192.1,    -5.324591005 
 192.2,    -5.253931895 
 192.3,    -5.234772633 
 192.4,    -5.267535971 
 192.5,    -5.352562495 
 192.6,    -5.490096605 
 192.7,    -5.680237659 
 192.8,     -5.92284983 
 192.9,    -6.217419816 
   193,    -6.562847307 
 193.1,    -6.957148919 
 193.2,    -7.397056059 
 193.3,     -7.87749425 
 193.4,    -8.390957631 
 193.5,    -8.926850443 
 193.6,    -9.470974466 
 193.7,    -10.00549513 
 193.8,    -10.50985833 
 193.9,    -10.96309457 
   194,    -11.34751736 
 194.1,    -11.65297227 
 194.2,    -11.88000734 
 194.3,    -12.04044795 
 194.4,    -12.15510928 
 194.5,    -12.24985381 
 194.6,    -12.35172753 
 194.7,    -12.48633706 
 194.8,    -12.67671682 
 194.9,    -12.94333864 
   195,    -13.30475135 
 195.1,    -13.77839083 
 195.2,    -14.38112491 
 195.3,    -15.12887571 
 195.4,    -16.03383434 
 195.5,    -17.09557049 
 195.6,    -18.27744676 
 195.7,      -19.454367 
 195.8,    -20.34210703 
 195.9,     -20.5502728 
   196,    -19.92828323 
 196.1,    -18.75586012 
 196.2,    -17.41357226 
 196.3,    -16.12787202 
 196.4,    -14.98790741 
 196.5,    -14.01656356 
 196.6,    -13.21181618 
 196.7,    -12.56427826 
 196.8,    -12.06381298 
 196.9,     -11.7018075 
   197,    -11.47182437 
 197.1,    -11.36968566 
 197.2,    -11.39338925 
 197.3,    -11.54299866 
 197.4,     -11.8205364 
 197.5,    -12.22984112 
 197.6,    -12.77626216 
 197.7,    -13.46589143 
 197.8,    -14.30364676 
 197.9,    -15.28866791 
   198,    -16.40377371 
 198.1,    -17.59338114 
 198.2,    -18.72668194 
 198.3,    -19.57195593 
 198.4,    -19.87441297 
 198.5,    -19.56564762 
 198.6,    -18.83659817 
 198.7,    -17.94997913 
 198.8,    -17.08459268 
 198.9,    -16.32493474 
   199,    -15.69902906 
 199.1,    -15.20723805 
 199.2,    -14.83660316 
 199.3,    -14.56662044 
 199.4,    -14.37108482 
 199.5,    -14.21874412 
 199.6,    -14.07461853 
 199.7,    -13.90334549 
 199.8,    -13.67493195 
 199.9,    -13.37145645 
   200,    -12.99158387 
 200.1,    -12.55020615 
 200.2,    -12.07339767 
 200.3,    -11.59157854 
 200.4,    -11.13395172 
 200.5,    -10.72554102 
 200.6,    -10.38651476 
 200.7,    -10.13286863 
 200.8,    -9.977674482 
 200.9,    -9.932451964 
   201,     -10.0085112 
 201.1,    -10.21829779 
 201.2,    -10.57689398 
 201.3,     -11.1039541 
 201.4,    -11.82656948 
 201.5,    -12.78402585 
 201.6,    -14.03655377 
 201.7,    -15.68325535 
 201.8,    -17.90410399 
 201.9,    -21.07869806 
   202,    -26.23211703 
 202.1,    -36.02924553 
 202.2,    -28.49381379 
 202.3,    -22.52978567 
 202.4,    -19.13788075 
 202.5,    -16.89016749 
 202.6,    -15.30699476 
 202.7,    -14.17618379 
 202.8,    -13.38801358 
 202.9,    -12.88086185 
   203,    -12.61932706 
 203.1,    -12.58429597 
 203.2,    -12.76821355 
 203.3,    -13.17298617 
 203.4,    -13.80941915 
 203.5,     -14.6975472 
 203.6,    -15.86682538 
 203.7,      -17.352577 
 203.8,    -19.17436605 
 203.9,    -21.24276131 
   204,    -23.07093755 
 204.1,    -23.59490271 
 204.2,    -22.52064224 
 204.3,    -20.87986923 
 204.4,    -19.39604224 
 204.5,    -18.25899086 
 204.6,    -17.47746979 
 204.7,    -17.02608429 
 204.8,    -16.88259547 
 204.9,    -17.03501246 
   205,    -17.48080756 
 205.1,    -18.22168103 
 205.2,    -19.24821707 
 205.3,    -20.49527706 
 205.4,    -21.73215536 
 205.5,    -22.43632576 
 205.6,    -22.08656496 
 205.7,    -20.85961605 
 205.8,    -19.35889567 
 205.9,    -17.96876968 
   206,    -16.82186516 
 206.1,    -15.94184136 
 206.2,    -15.31903395 
 206.3,    -14.93689782 
 206.4,    -14.77924134 
 206.5,    -14.83037342 
 206.6,    -15.07159243 
 206.7,    -15.47399246 
 206.8,    -15.98640107 
 206.9,    -16.51945363 
   207,    -16.93740399 
 207.1,    -17.08719352 
 207.2,    -16.88027752 
 207.3,    -16.35950716 
 207.4,      -15.664483 
 207.5,    -14.94244477 
 207.6,    -14.29845014 
 207.7,    -13.79394904 
 207.8,    -13.46202669 
 207.9,    -13.32113728 
   208,    -13.38378291 
 208.1,    -13.66124183 
 208.2,    -14.16550883 
 208.3,    -14.90825284 
 208.4,    -15.89387447 
 208.5,     -17.0976219 
 208.6,     -18.4087003 
 208.7,    -19.52800855 
 208.8,     -19.9678975 
 208.9,    -19.47707719 
   209,    -18.38420909 
 209.1,    -17.16551579 
 209.2,    -16.08723919 
 209.3,    -15.24411806 
 209.4,    -14.65766516 
 209.5,     -14.3265033 
 209.6,     -14.2457242 
 209.7,    -14.41381296 
 209.8,    -14.83526636 
 209.9,    -15.52185818 
   210,    -16.49327074 
 210.1,    -17.77600351 
 210.2,    -19.39515686 
 210.3,    -21.33933433 
 210.4,    -23.43909062 
 210.5,    -25.10552493 
 210.6,     -25.4834031 
 210.7,    -24.68310281 
 210.8,      -23.604314 
 210.9,    -22.78094115 
   211,    -22.37355097 
 211.1,    -22.42182174 
 211.2,    -22.95332682 
 211.3,    -24.02204415 
 211.4,    -25.72681521 
 211.5,    -28.19070458 
 211.6,    -31.18278351 
 211.7,    -32.33302317 
 211.8,    -29.91920365 
 211.9,     -27.1001648 
   212,    -25.02780354 
 212.1,    -23.66797063 
 212.2,    -22.90159521 
 212.3,    -22.65840825 
 212.4,    -22.91714566 
 212.5,    -23.69993318 
 212.6,    -25.06868232 
 212.7,     -27.0898844 
 212.8,    -29.55063002 
 212.9,    -30.83312065 
   213,     -29.1527926 
 213.1,    -26.54377496 
 213.2,    -24.44143074 
 213.3,     -23.0066496 
 213.4,    -22.17947686 
 213.5,    -21.91900876 
 213.6,    -22.23792186 
 213.7,    -23.22000483 
 213.8,    -25.05733353 
 213.9,    -28.06889046 
   214,    -31.57727132 
 214.1,     -29.5955354 
 214.2,     -25.0256734 
 214.3,    -21.61601036 
 214.4,    -19.20138143 
 214.5,    -17.49040162 
 214.6,    -16.32057629 
 214.7,    -15.60951789 
 214.8,     -15.3251626 
 214.9,    -15.47567155 
   215,    -16.11430793 
 215.1,    -17.36469952 
 215.2,    -19.49330368 
 215.3,    -23.11980754 
 215.4,    -29.19169794 
 215.5,    -26.89021045 
 215.6,    -20.57949387 
 215.7,     -16.5953908 
 215.8,    -13.85853972 
 215.9,    -11.86495913 
   216,     -10.3812638 
 216.1,    -9.284164055 
 216.2,    -8.502291836 
 216.3,    -7.992038235 
 216.4,    -7.726228066 
 216.5,     -7.68830805 
 216.6,    -7.869157934 
 216.7,    -8.265241134 
 216.8,    -8.877442624 
 216.9,    -9.710178678 
   217,    -10.77038002 
 217.1,     -12.0657583 
 217.2,     -13.6012631 
 217.3,    -15.37160075 
 217.4,    -17.34601151 
 217.5,    -19.44038627 
 217.6,    -21.47766507 
 217.7,    -23.16368812 
 217.8,    -24.14127752 
 217.9,    -24.15308291 
   218,    -23.22677721 
 218.1,    -21.68740591 
 218.2,    -19.93269115 
 218.3,    -18.24116064 
 218.4,    -16.75487218 
 218.5,    -15.53259242 
 218.6,      -14.594226 
 218.7,    -13.94527805 
 218.8,    -13.58887573 
 218.9,     -13.5319231 
   219,    -13.78903862 
 219.1,    -14.38615262 
 219.2,    -15.36452457 
 219.3,    -16.78357713 
 219.4,    -18.70931548 
 219.5,    -21.11313889 
 219.6,     -23.3784466 
 219.7,    -23.72734898 
 219.8,     -22.0150076 
 219.9,    -20.06052822 
   220,    -18.59625137 
 220.1,    -17.68965803 
 220.2,    -17.29440039 
 220.3,    -17.36937942 
 220.4,    -17.88916173 
 220.5,    -18.82373256 
 220.6,    -20.07534167 
 220.7,    -21.32460807 
 220.8,    -21.90235117 
 220.9,    -21.33964111 
   221,    -20.08359193 
 221.1,    -18.80768832 
 221.2,    -17.83725708 
 221.3,    -17.26912238 
 221.4,    -17.12715601 
 221.5,    -17.42573857 
 221.6,    -18.18967517 
 221.7,    -19.45179145 
 221.8,    -21.20227075 
 221.9,    -23.15246006 
   222,    -24.19900167 
 222.1,    -23.27935958 
 222.2,     -21.4065946 
 222.3,    -19.72118405 
 222.4,    -18.53823612 
 222.5,    -17.88321021 
 222.6,    -17.74359111 
 222.7,    -18.13218178 
 222.8,    -19.11316313 
 222.9,    -20.84382769 
   223,    -23.69246115 
 223.1,    -28.65738741 
 223.2,    -36.69477743 
 223.3,    -29.59777261 
 223.4,    -24.22631222 
 223.5,     -21.1903328 
 223.6,    -19.32931519 
 223.7,    -18.21649895 
 223.8,    -17.65847028 
 223.9,    -17.55400667 
   224,    -17.84165991 
 224.1,    -18.47041226 
 224.2,    -19.37005574 
 224.3,    -20.40897103 
 224.4,    -21.35157507 
 224.5,    -21.90133609 
 224.6,    -21.91217425 
 224.7,    -21.53042246 
 224.8,    -21.02097591 
 224.9,    -20.56295343 
   225,    -20.21611027 
 225.1,    -19.96393766 
 225.2,    -19.75986539 
 225.3,    -19.56671254 
 225.4,    -19.38567822 
 225.5,    -19.26454509 
 225.6,    -19.28530283 
 225.7,    -19.54706249 
 225.8,    -20.15918777 
 225.9,    -21.24685916 
   226,    -22.95191331 
 226.1,    -25.30972032 
 226.2,    -27.33878347 
 226.3,    -26.25927856 
 226.4,    -23.21251011 
 226.5,    -20.53040525 
 226.6,    -18.57496102 
 226.7,    -17.26217624 
 226.8,    -16.50715043 
 226.9,    -16.27087418 
   227,    -16.56232598 
 227.1,    -17.44921675 
 227.2,    -19.09867698 
 227.3,    -21.91020711 
 227.4,    -27.07455232 
 227.5,    -38.41269216 
 227.6,    -27.91360624 
 227.7,    -22.10722754 
 227.8,    -18.95584841 
 227.9,    -17.05506767 
   228,    -15.95716523 
 228.1,    -15.48014761 
 228.2,    -15.55232768 
 228.3,     -16.1661316 
 228.4,    -17.36534683 
 228.5,    -19.23708104 
 228.6,     -21.8212211 
 228.7,    -24.43115093 
 228.8,    -24.43499695 
 228.9,    -21.99431745 
   229,    -19.67365758 
 229.1,    -18.06773285 
 229.2,     -17.1213055 
 229.3,    -16.74023198 
 229.4,    -16.86473482 
 229.5,    -17.46370093 
 229.6,    -18.51480513 
 229.7,    -19.95800026 
 229.8,    -21.57343827 
 229.9,    -22.78888761 
   230,    -22.92822267 
 230.1,    -22.14163008 
 230.2,    -21.15127911 
 230.3,    -20.39391017 
 230.4,    -19.99199732 
 230.5,    -19.93514344 
 230.6,    -20.16072116 
 230.7,    -20.57661143 
 230.8,    -21.07688328 
 230.9,    -21.57758528 
   231,    -22.06682052 
 231.1,    -22.62701152 
 231.2,    -23.40522434 
 231.3,    -24.55524053 
 231.4,    -26.13450389 
 231.5,    -27.74420242 
 231.6,    -27.95353879 
 231.7,    -26.14030454 
 231.8,    -23.84067924 
 231.9,    -21.99132527 
   232,    -20.76716658 
 232.1,    -20.16844621 
 232.2,    -20.19995492 
 232.3,    -20.91636258 
 232.4,    -22.44971526 
 232.5,     -25.0096472 
 232.6,     -28.3205737 
 232.7,    -28.50519362 
 232.8,     -24.9089653 
 232.9,     -21.8565085 
   233,    -19.87130905 
 233.1,    -18.75942452 
 233.2,    -18.40368366 
 233.3,    -18.79591143 
 233.4,    -20.05462154 
 233.5,    -22.53784866 
 233.6,    -27.35984298 
 233.7,    -38.84445641 
 233.8,    -28.81450553 
 233.9,    -22.77758011 
   234,    -19.62482469 
 234.1,    -17.84872088 
 234.2,    -17.00289059 
 234.3,     -16.9437169 
 234.4,    -17.68610176 
 234.5,    -19.41788834 
 234.6,    -22.71400354 
 234.7,    -29.90028587 
 234.8,    -37.49721279 
 234.9,    -24.67409008 
   235,     -20.0453641 
 235.1,    -17.53729955 
 235.2,    -16.18529162 
 235.3,    -15.68429551 
 235.4,    -15.95262105 
 235.5,    -17.05470002 
 235.6,    -19.25775851 
 235.7,    -23.36625853 
 235.8,    -32.80614006 
 235.9,    -29.38558441 
   236,    -21.94000349 
 236.1,    -18.37642622 
 236.2,    -16.42536515 
 236.3,    -15.48954207 
 236.4,    -15.37254789 
 236.5,    -16.05719186 
 236.6,    -17.68882761 
 236.7,    -20.71852165 
 236.8,    -26.60314347 
 236.9,    -33.72768866 
   237,    -24.14747267 
 237.1,    -19.48326177 
 237.2,     -16.9819708 
 237.3,    -15.68128298 
 237.4,    -15.26556642 
 237.5,    -15.65247233 
 237.6,    -16.91615415 
 237.7,    -19.35211969 
 237.8,    -23.82761314 
 237.9,    -32.28360763 
   238,    -26.64820996 
 238.1,    -20.86430177 
 238.2,      -17.850599 
 238.3,    -16.24637841 
 238.4,    -15.60942098 
 238.5,    -15.80248362 
 238.6,    -16.85913052 
 238.7,    -19.01473992 
 238.8,    -22.98112003 
 238.9,    -31.20604216 
   239,    -29.33464246 
 239.1,    -22.25266191 
 239.2,    -18.79234728 
 239.3,    -16.95959539 
 239.4,    -16.17167432 
 239.5,    -16.24215514 
 239.6,    -17.17522361 
 239.7,    -19.17050897 
 239.8,    -22.85651684 
 239.9,    -30.63422723 
   240,     -32.3164284 
 240.1,    -23.73161184 
 240.2,    -19.89482242 
 240.3,    -17.89539859 
 240.4,    -17.00671564 
 240.5,    -16.99713047 
 240.6,    -17.84339573 
 240.7,    -19.70891665 
 240.8,     -23.1330123 
 240.9,    -30.26042711 
   241,    -40.30278769 
 241.1,    -26.51427156 
 241.2,    -22.11850497 
 241.3,    -19.99618995 
 241.4,      -19.144517 
 241.5,    -19.28961218 
 241.6,    -20.44069834 
 241.7,    -22.90051761 
 241.8,    -27.76893691 
 241.9,    -42.32002782 
   242,    -30.37687833 
 242.1,     -24.0998409 
 242.2,    -21.06921933 
 242.3,    -19.50341024 
 242.4,    -18.91372853 
 242.5,    -19.14168324 
 242.6,    -20.18933791 
 242.7,    -22.21337867 
 242.8,    -25.64221707 
 242.9,    -31.34231294 
   243,     -33.5907784 
 243.1,    -28.03109677 
 243.2,    -24.70270223 
 243.3,    -23.02809533 
 243.4,    -22.45516644 
 243.5,    -22.77676169 
 243.6,    -23.95786561 
 243.7,    -26.07415141 
 243.8,    -29.17168204 
 243.9,    -32.11964846 
   244,    -31.41610204 
 244.1,    -28.90626656 
 244.2,    -27.14572366 
 244.3,     -26.3270971 
 244.4,    -26.28633237 
 244.5,    -26.84990369 
 244.6,    -27.78422271 
 244.7,    -28.71376337 
 244.8,    -29.23828531 
 244.9,    -29.33444657 
   245,    -29.40111292 
 245.1,    -29.84611199 
 245.2,    -30.86013648 
 245.3,    -32.24363985 
 245.4,    -32.93396536 
 245.5,     -31.8391811 
 245.6,    -29.96134009 
 245.7,    -28.49410026 
 245.8,    -27.81753784 
 245.9,     -28.0650187 
   246,    -29.45331015 
 246.1,    -32.59316716 
 246.2,    -39.86041762 
 246.3,    -42.32951992 
 246.4,    -32.91947623 
 246.5,    -28.81813648 
 246.6,    -26.72512654 
 246.7,    -25.89926275 
 246.8,    -26.16034732 
 246.9,    -27.61964677 
   247,    -30.78880834 
 247.1,    -36.86443298 
 247.2,    -36.39338711 
 247.3,     -30.0122781 
 247.4,    -26.49891149 
 247.5,    -24.64578879 
 247.6,    -23.93612134 
 247.7,    -24.20118045 
 247.8,     -25.4090626 
 247.9,     -27.3877178 
   248,    -28.73744193 
 248.1,    -27.19420725 
 248.2,    -24.50474039 
 248.3,    -22.43951763 
 248.4,    -21.25398906 
 248.5,    -20.92489548 
 248.6,    -21.47429208 
 248.7,    -23.03085299 
 248.8,    -25.79216031 
 248.9,    -28.86258755 
   249,    -27.38819539 
 249.1,    -23.70077236 
 249.2,    -21.10203084 
 249.3,    -19.64790492 
 249.4,    -19.17182978 
 249.5,    -19.65062245 
 249.6,    -21.24361567 
 249.7,    -24.40161635 
 249.8,    -29.34139545 
 249.9,    -27.80894873 
   250,    -22.63311014 
 250.1,    -19.42426243 
 250.2,    -17.61990037 
 250.3,    -16.84794384 
 250.4,    -16.99102487 
 250.5,    -18.10782836 
 250.6,    -20.46306776 
 250.7,     -24.5272877 
 250.8,    -27.49919954 
 250.9,    -23.04365072 
   251,    -19.15994092 
 251.1,     -16.8890064 
 251.2,     -15.7825285 
 251.3,    -15.64882013 
 251.4,    -16.50359255 
 251.5,    -18.60421497 
 251.6,    -22.74653405 
 251.7,     -30.1032759 
 251.8,    -24.91238721 
 251.9,    -19.31843846 
   252,    -16.34513279 
 252.1,    -14.81879346 
 252.2,    -14.34856882 
 252.3,    -14.85597385 
 252.4,    -16.49554063 
 252.5,    -19.83367029 
 252.6,    -26.68261449 
 252.7,    -27.46898819 
 252.8,     -19.9577413 
 252.9,    -16.20261685 
   253,    -14.24189931 
 253.1,     -13.4516688 
 253.2,    -13.66194488 
 253.3,    -14.95449695 
 253.4,    -17.76627869 
 253.5,    -23.71349539 
 253.6,    -32.60085152 
 253.7,    -20.98810252 
 253.8,    -16.20755765 
 253.9,    -13.77177656 
   254,      -12.656074 
 254.1,    -12.57324305 
 254.2,    -13.52697651 
 254.3,      -15.817757 
 254.4,    -20.53554323 
 254.5,     -33.8152281 
 254.6,    -22.75233693 
 254.7,    -16.56573268 
 254.8,     -13.5887287 
 254.9,    -12.14404449 
   255,    -11.79802569 
 255.1,     -12.4852449 
 255.2,     -14.4240234 
 255.3,    -18.45080701 
 255.4,    -29.10686995 
 255.5,    -24.28561019 
 255.6,     -16.5980964 
 255.7,    -13.11672685 
 255.8,    -11.34788051 
 255.9,    -10.70729852 
   256,    -11.04770795 
 256.1,    -12.46368972 
 256.2,    -15.40126317 
 256.3,    -21.45504743 
 256.4,    -29.07366326 
 256.5,    -18.64836157 
 256.6,    -14.12668769 
 256.7,     -11.8893016 
 256.8,    -10.98911553 
 256.9,    -11.18075212 
   257,    -12.53992196 
 257.1,    -15.57546327 
 257.2,    -22.45218546 
 257.3,    -29.44157952 
 257.4,    -17.45368494 
 257.5,    -12.97523264 
 257.6,    -10.69804731 
 257.7,    -9.697942184 
 257.8,    -9.721970077 
 257.9,    -10.79659926 
   258,     -13.2602953 
 258.1,    -18.35290242 
 258.2,    -33.50247994 
 258.3,    -19.32956799 
 258.4,    -13.58635601 
 258.5,    -10.83180399 
 258.6,    -9.574376039 
 258.7,    -9.435292751 
 258.8,    -10.40176565 
 258.9,    -12.81107655 
   259,     -18.0023017 
 259.1,    -42.47883788 
 259.2,     -18.2805204 
 259.3,    -12.47537975 
 259.4,    -9.629331633 
 259.5,    -8.240340092 
 259.6,    -7.912066549 
 259.7,    -8.582482248 
 259.8,    -10.44395131 
 259.9,    -14.19733469 
   260,     -22.6649068 
 260.1,    -21.17986767 
 260.2,    -13.52563333 
 260.3,    -10.01271541 
 260.4,    -8.280217197 
 260.5,    -7.735129385 
 260.6,    -8.249909454 
 260.7,    -9.989296057 
 260.8,    -13.64859788 
 260.9,    -22.33044518 
   261,    -21.11421846 
 261.1,     -12.9375671 
 261.2,    -9.279644933 
 261.3,    -7.442430776 
 261.4,    -6.793766624 
 261.5,    -7.185005701 
 261.6,    -8.745235368 
 261.7,    -12.05459901 
 261.8,    -19.46752542 
 261.9,    -22.02042549 
   262,    -12.77792717 
 262.1,    -8.780088049 
 262.2,    -6.763546778 
 262.3,    -5.986642293 
 262.4,    -6.263731375 
 262.5,    -7.697393643 
 262.6,    -10.81575703 
 262.7,    -17.71655038 
 262.8,    -22.12351215 
 262.9,    -12.17859003 
   263,    -7.955498775 
 263.1,    -5.809798863 
 263.2,    -4.929094518 
 263.3,     -5.10206461 
 263.4,    -6.407123533 
 263.5,    -9.315673501 
 263.6,    -15.65346595 
 263.7,    -22.66774353 
 263.8,    -11.62964369 
 263.9,    -7.099218812 
   264,      -4.8005698 
 264.1,    -3.811912484 
 264.2,    -3.890217556 
 264.3,    -5.094801963 
 264.4,      -7.8662812 
 264.5,    -13.90776828 
 264.6,    -22.53754854 
 264.7,    -10.66206667 
 264.8,    -5.910161314 
 264.9,    -3.493244131 
   265,    -2.412752442 
 265.1,    -2.403506684 
 265.2,    -3.509272004 
 265.3,    -6.141753418 
 265.4,    -11.89189891 
 265.5,    -22.79816232 
 265.6,    -9.534487078 
 265.7,    -4.504733236 
 265.8,    -1.952156611 
 265.9,   -0.7724695513 
   266,   -0.6747661491 
 266.1,    -1.689974308 
 266.2,    -4.213599531 
 266.3,    -9.787325816 
 266.4,    -22.51552912 
 266.5,    -7.853441797 
 266.6,    -2.607101043 
 266.7,   0.06721420088 
 266.8,     1.348375432 
 266.9,     1.544847829 
   267,    0.6356202121 
 267.1,    -1.760005513 
 267.2,    -7.136335757 
 267.3,    -22.65293904 
 267.4,    -5.608187292 
 267.5,  -0.09173206684 
 267.6,     2.743926351 
 267.7,     4.166271094 
 267.8,     4.502895848 
 267.9,     3.741741744 
   268,     1.511724858 
 268.1,     -3.65895646 
 268.2,    -22.36189708 
 268.3,    -2.124384064 
 268.4,     3.696136486 
 268.5,     6.780712167 
 268.6,      8.45923162 
 268.7,     9.075602438 
 268.8,     8.629289722 
 268.9,     6.764673999 
   269,     2.047233969 
 269.1,    -22.52666918 
 269.2,     4.227349923 
 269.3,     10.79250815 
 269.4,     14.69479225 
 269.5,     17.38123694 
 269.6,     19.31110929 
 269.7,      20.6880921 
 269.8,     21.61725585 
 269.9,     22.15565546 
   270,     22.33218486 
 270.1,     22.15572349 
 270.2,     21.61739124 
 270.3,     20.68829336 
 270.4,     19.31137387 
 270.5,     17.38156054 
 270.6,     14.69516708 
 270.7,     10.79291696 
 270.8,     4.227732036 
 270.9,    -22.52427404 
   271,     2.048116026 
 271.1,     6.765501007 
 271.2,     8.630125154 
 271.3,     9.076453274 
 271.4,     8.460089144 
 271.5,     6.781552579 
 271.6,     3.696901997 
 271.7,    -2.123893908 
 271.8,    -22.35722674 
 271.9,    -3.656913426 
   272,     1.513334784 
 272.1,     3.743209146 
 272.2,     4.504272209 
 272.3,     4.167553774 
 272.4,     2.745075482 
 272.5,  -0.09082570393 
 272.6,    -5.607892182 
 272.7,    -22.64615456 
 272.8,    -7.132845763 
 272.9,    -1.757590818 
   273,    0.6376540397 
 273.1,     1.546634189 
 273.2,     1.349931382 
 273.3,   0.06849052742 
 273.4,    -2.606256501 
 273.5,    -7.853502891 
 273.6,    -22.50706206 
 273.7,    -9.782122093 
 273.8,    -4.210436045 
 273.9,    -1.687515004 
   274,   -0.6727527228 
 274.1,   -0.7708501858 
 274.2,    -1.950981532 
 274.3,    -4.504187158 
 274.4,    -9.535103014 
 274.5,    -22.78832652 
 274.6,    -11.88486344 
 274.7,    -6.137985358 
 274.8,    -3.506586186 
 274.9,    -2.401482471 
   275,    -2.411285216 
 275.1,    -3.492364764 
 275.2,    -5.910042371 
 275.3,    -10.66312643 
 275.4,    -22.52727945 
 275.5,    -13.89865722 
 275.6,    -7.862171323 
 275.7,    -5.092212085 
 275.8,    -3.888514587 
 275.9,    -3.810924546 
   276,     -4.80029859 
 276.1,     -7.09981076 
 276.2,    -11.63138416 
 276.3,     -22.6571917 
 276.4,    -15.64227905 
 276.5,    -9.311545523 
 276.6,    -6.404954542 
 276.7,    -5.100978321 
 276.8,    -4.928833789 
 276.9,    -5.810307194 
   277,    -7.956832543 
 277.1,    -12.18073538 
 277.2,    -22.11428479 
 277.3,    -17.70289256 
 277.4,    -10.81228875 
 277.5,    -7.696319917 
 277.6,    -6.263898328 
 277.7,    -5.987714733 
 277.8,    -6.765419669 
 277.9,    -8.782741651 
   278,    -12.78109504 
 278.1,    -22.01154668 
 278.2,    -19.45072473 
 278.3,    -12.05218037 
 278.4,    -8.745690803 
 278.5,    -7.186847227 
 278.6,    -6.796560811 
 278.7,    -7.446000024 
 278.8,    -9.283855896 
 278.9,    -12.94191343 
   279,    -21.10952662 
 279.1,    -22.30948112 
 279.2,     -13.6495177 
 279.3,    -9.993401964 
 279.4,    -8.255553785 
 279.5,    -7.741930362 
 279.6,    -8.288074848 
 279.7,    -10.02157254 
 279.8,    -13.53486483 
 279.9,    -21.17589797 
   280,    -22.62778235 
 280.1,    -14.19842969 
 280.2,    -10.45158547 
 280.3,    -8.593762766 
 280.4,    -7.926779716 
 280.5,    -8.259335009 
 280.6,    -9.654860207 
 280.7,    -12.51340224 
 280.8,    -18.35460852 
 280.9,    -40.71945326 
   281,    -17.92558371 
 281.1,    -12.77288027 
 281.2,    -10.37580738 
 281.3,    -9.414762911 
 281.4,    -9.556095275 
 281.5,    -10.81327374 
 281.6,    -13.56373265 
 281.7,    -19.28902087 
 281.8,    -33.44711032 
 281.9,    -18.37513907 
   282,    -13.27165137 
 282.1,     -10.8035151 
 282.2,    -9.726043538 
 282.3,    -9.699354509 
 282.4,    -10.69601376 
 282.5,    -12.96737936 
 282.6,    -17.43294423 
 282.7,    -29.42670902 
 282.8,     -22.5702943 
 282.9,    -15.63142789 
   283,    -12.58334979 
 283.1,    -11.22076905 
 283.2,    -11.03005165 
 283.3,    -11.93540631 
 283.4,    -14.18576753 
 283.5,    -18.74577619 
 283.6,     -29.3440111 
 283.7,    -21.38521344 
 283.8,    -15.36527467 
 283.9,    -12.44155458 
   284,    -11.03240918 
 284.1,    -10.69580214 
 284.2,    -11.33852428 
 284.3,    -13.10829674 
 284.4,    -16.58902908 
 284.5,    -24.26902787 
 284.6,     -29.1084581 
 284.7,    -18.45097856 
 284.8,     -14.4226715 
 284.9,    -12.48285343 
   285,    -11.79455402 
 285.1,     -12.1391654 
 285.2,    -13.58171343 
 285.3,    -16.55480864 
 285.4,    -22.73124828 
 285.5,    -33.90684986 
 285.6,    -20.55255763 
 285.7,    -15.82444344 
 285.8,     -13.5291046 
 285.9,     -12.5720669 
   286,     -12.6516612 
 286.1,    -13.76337366 
 286.2,    -16.19295419 
 286.3,    -20.96007428 
 286.4,    -32.56464017 
 286.5,    -23.75591039 
 286.6,    -17.78371245 
 286.7,    -14.96285541 
 286.8,    -13.66467541 
 286.9,    -13.44963982 
   287,    -14.23478638 
 287.1,    -16.18874909 
 287.2,    -19.93234569 
 287.3,    -27.42752721 
 287.4,    -26.74448984 
 287.5,    -19.85947034 
 287.6,    -16.50748099 
 287.7,    -14.85987395 
 287.8,     -14.3460255 
 287.9,    -14.80971605 
   288,    -16.32791153 
 288.1,    -19.28855138 
 288.2,    -24.85925953 
 288.3,    -30.16172469 
 288.4,    -22.79124539 
 288.5,    -18.62518325 
 288.6,    -16.51217889 
 288.7,    -15.64849337 
 288.8,    -15.77405089 
 288.9,     -16.8714811 
   289,    -19.13048434 
 289.1,    -22.99781169 
 289.2,    -27.47875553 
 289.3,     -24.5618054 
 289.4,    -20.48108724 
 289.5,    -18.11130547 
 289.6,    -16.98268569 
 289.7,    -16.82803116 
 289.8,    -17.58650353 
 289.9,    -19.37243031 
   290,    -22.55237556 
 290.1,    -27.70252459 
 290.2,    -29.43520717 
 290.3,    -24.48971135 
 290.4,    -21.29513515 
 290.5,    -19.67920116 
 290.6,    -19.18351391 
 290.7,    -19.64462949 
 290.8,    -21.08323594 
 290.9,     -23.6648896 
   291,    -27.34889266 
 291.1,    -28.89713487 
 291.2,    -25.84184422 
 291.3,    -23.05848887 
 291.4,    -21.48248848 
 291.5,    -20.91603351 
 291.6,    -21.22811187 
 291.7,    -22.39498789 
 291.8,    -24.44090308 
 291.9,    -27.12871598 
   292,    -28.74163728 
 292.1,    -27.44905784 
 292.2,    -25.46160006 
 292.3,    -24.23149203 
 292.4,    -23.94361686 
 292.5,    -24.62891296 
 292.6,    -26.45128184 
 292.7,    -29.91581031 
 292.8,    -36.22718945 
 292.9,    -37.02800988 
   293,    -30.88288286 
 293.1,    -27.65943143 
 293.2,    -26.16324788 
 293.3,    -25.86873213 
 293.4,    -26.65615018 
 293.5,    -28.69325447 
 293.6,    -32.68165054 
 293.7,    -41.64795167 
 293.8,    -40.24778471 
 293.9,     -32.7367545 
   294,    -29.49975158 
 294.1,    -28.04586434 
 294.2,    -27.73760394 
 294.3,    -28.34851846 
 294.4,    -29.74885243 
 294.5,    -31.61009486 
 294.6,    -32.86355829 
 294.7,    -32.38983663 
 294.8,    -31.05971292 
 294.9,    -29.99819184 
   295,    -29.46523504 
 295.1,    -29.29324362 
 295.2,    -29.11130933 
 295.3,    -28.57249875 
 295.4,     -27.6979675 
 295.5,    -26.83727982 
 295.6,    -26.33579333 
 295.7,     -26.4228563 
 295.8,    -27.27386166 
 295.9,    -29.04307222 
   296,      -31.467797 
 296.1,    -31.94396282 
 296.2,    -29.00194873 
 296.3,    -25.98468576 
 296.4,    -23.92084045 
 296.5,    -22.77257502 
 296.6,    -22.47369882 
 296.7,    -23.06478321 
 296.8,    -24.75707391 
 296.9,    -28.10567725 
   297,    -33.62992137 
 297.1,    -31.24539881 
 297.2,    -25.59799883 
 297.3,    -22.19197204 
 297.4,    -20.17684816 
 297.5,    -19.13107754 
 297.6,    -18.89964295 
 297.7,    -19.47968809 
 297.8,     -21.0258553 
 297.9,    -24.01456259 
   298,    -30.17728519 
 298.1,    -45.33389824 
 298.2,    -28.12709951 
 298.3,    -23.11270969 
 298.4,    -20.60580133 
 298.5,    -19.43320044 
 298.6,    -19.27772722 
 298.7,    -20.12635447 
 298.8,    -22.25408755 
 298.9,    -26.67630023 
   299,     -40.7376588 
 299.1,    -30.22611808 
 299.2,    -23.16427862 
 299.3,    -19.75679967 
 299.4,    -17.89847345 
 299.5,    -17.05622897 
 299.6,    -17.06866479 
 299.7,    -17.96012011 
 299.8,    -19.96357701 
 299.9,    -23.80989006 
   300,    -32.44883307 
 300.1,    -30.68144609 
 300.2,    -22.90201723 
 300.3,    -19.21893042 
 300.4,    -17.22513078 
 300.5,     -16.2928204 
 300.6,     -16.2227398 
 300.7,    -17.01095491 
 300.8,    -18.84429335 
 300.9,     -22.3071504 
   301,    -29.41296148 
 301.1,    -31.31039047 
 301.2,    -23.03962911 
 301.3,    -19.06715126 
 301.4,    -16.90912169 
 301.5,    -15.85081988 
 301.6,    -15.65622534 
 301.7,    -16.29147145 
 301.8,    -17.89345926 
 301.9,    -20.90366988 
   302,    -26.68129589 
 302.1,    -32.35731482 
 302.2,    -23.88748249 
 302.3,    -19.40437833 
 302.4,    -16.96451392 
 302.5,    -15.69791937 
 302.6,    -15.30825857 
 302.7,    -15.72088208 
 302.8,    -17.01750916 
 302.9,    -19.51238336 
   303,    -24.16336689 
 303.1,    -33.75311392 
 303.2,    -26.69368283 
 303.3,    -20.78392139 
 303.4,     -17.7447217 
 303.5,    -16.10748965 
 303.6,    -15.41851454 
 303.7,    -15.53139656 
 303.8,    -16.46252349 
 303.9,     -18.4069937 
   304,    -21.95811331 
 304.1,    -29.36083432 
 304.2,    -32.90780197 
 304.3,    -23.43652981 
 304.4,    -19.31487317 
 304.5,    -17.10463789 
 304.6,    -15.99718198 
 304.7,    -15.72384618 
 304.8,    -16.21926468 
 304.9,    -17.56388101 
   305,    -20.05981433 
 305.1,    -24.66011934 
 305.2,    -37.27337354 
 305.3,    -30.05826801 
 305.4,    -22.80516948 
 305.5,    -19.49065583 
 305.6,    -17.74980886 
 305.7,    -17.00178949 
 305.8,     -17.0570113 
 305.9,    -17.89993657 
   306,    -19.67406059 
 306.1,    -22.82636524 
 306.2,    -28.86933062 
 306.3,    -38.92811194 
 306.4,    -27.39245384 
 306.5,    -22.56868183 
 306.6,     -20.0837626 
 306.7,    -18.82310848 
 306.8,    -18.42875477 
 306.9,    -18.78220943 
   307,    -19.89152454 
 307.1,    -21.87307685 
 307.2,    -24.91603161 
 307.3,    -28.47239238 
 307.4,     -28.2420697 
 307.5,    -24.94319721 
 307.6,    -22.38933884 
 307.7,    -20.85320928 
 307.8,    -20.12841429 
 307.9,    -20.08416764 
   308,    -20.66650336 
 308.1,    -21.87287165 
 308.2,    -23.71333781 
 308.3,    -26.05382555 
 308.4,    -28.04120154 
 308.5,    -28.01633704 
 308.6,      -26.403564 
 308.7,    -24.75431537 
 308.8,    -23.53689167 
 308.9,    -22.70379879 
   309,    -22.10310058 
 309.1,    -21.59049507 
 309.2,     -21.0843354 
 309.3,    -20.59237773 
 309.4,     -20.1915945 
 309.5,    -19.98211361 
 309.6,    -20.05288203 
 309.7,    -20.46501898 
 309.8,    -21.22733632 
 309.9,    -22.21391284 
   310,    -22.98401613 
 310.1,    -22.82370883 
 310.2,    -21.60123419 
 310.3,    -19.99112955 
 310.4,    -18.55612816 
 310.5,    -17.51232747 
 310.6,    -16.91928073 
 310.7,    -16.79965304 
 310.8,    -17.18503059 
 310.9,    -18.13567865 
   311,    -19.74617708 
 311.1,    -22.07122993 
 311.2,    -24.50844343 
 311.3,    -24.48351397 
 311.4,    -21.86478536 
 311.5,    -19.28175736 
 311.6,    -17.41207199 
 311.7,    -16.21432616 
 311.8,     -15.6013631 
 311.9,    -15.52949037 
   312,    -16.00633173 
 312.1,    -17.10354294 
 312.2,    -19.00295791 
 312.3,    -22.15191122 
 312.4,    -27.95542571 
 312.5,    -38.60567284 
 312.6,    -27.15532945 
 312.7,    -21.97497819 
 312.8,    -19.15789935 
 312.9,    -17.50521216 
   313,     -16.6158244 
 313.1,    -16.32203213 
 313.2,    -16.55577072 
 313.3,    -17.30767035 
 313.4,    -18.61607284 
 313.5,    -20.56444201 
 313.6,    -23.23353166 
 313.7,    -26.25877751 
 313.8,    -27.33848834 
 313.9,    -25.33758088 
   314,    -22.99389928 
 314.1,    -21.29415111 
 314.2,    -20.20885746 
 314.3,    -19.59813882 
 314.4,    -19.33730354 
 314.5,    -19.31673965 
 314.6,    -19.43650461 
 314.7,    -19.61338171 
 314.8,     -19.7984227 
 314.9,    -19.98982694 
   315,    -20.22485118 
 315.1,    -20.55068871 
 315.2,      -20.985508 
 315.3,    -21.47428168 
 315.4,    -21.84837239 
 315.5,    -21.85488049 
 315.6,     -21.3442962 
 315.7,     -20.4428327 
 315.8,    -19.43332259 
 315.9,    -18.55056628 
   316,    -17.93001009 
 316.1,    -17.64523156 
 316.2,    -17.74926747 
 316.3,    -18.30450068 
 316.4,    -19.41221429 
 316.5,    -21.26474237 
 316.6,    -24.28483964 
 316.7,    -29.61648755 
 316.8,    -36.76369577 
 316.9,     -28.8105788 
   317,    -23.82180203 
 317.1,    -20.96042302 
 317.2,    -19.22134747 
 317.3,    -18.23361721 
 317.4,    -17.83867046 
 317.5,    -17.97140621 
 317.6,    -18.61799207 
 317.7,    -19.78948191 
 317.8,    -21.45876592 
 317.9,    -23.31384081 
   318,    -24.23719441 
 318.1,    -23.22261225 
 318.2,    -21.29492391 
 318.3,    -19.55278663 
 318.4,    -18.29244585 
 318.5,    -17.52741774 
 318.6,    -17.22608832 
 318.7,    -17.36379499 
 318.8,    -17.92569988 
 318.9,    -18.88703178 
   319,     -20.1503062 
 319.1,    -21.39326043 
 319.2,    -21.95455326 
 319.3,     -21.3931791 
 319.4,    -20.16316262 
 319.5,    -18.92455459 
 319.6,     -17.9976858 
 319.7,    -17.48260183 
 319.8,     -17.4107151 
 319.9,    -17.80807525 
   320,    -18.71570931 
 320.1,    -20.17861145 
 320.2,    -22.12429626 
 320.3,    -23.81092839 
 320.4,    -23.43823186 
 320.5,    -21.17790196 
 320.6,    -18.78497491 
 320.7,    -16.86664323 
 320.8,    -15.45171985 
 320.9,    -14.47505913 
   321,    -13.87762903 
 321.1,    -13.61813814 
 321.2,    -13.67024684 
 321.3,    -14.01849243 
 321.4,    -14.65451255 
 321.5,    -15.57276535 
 321.6,    -16.76380556 
 321.7,    -18.20147733 
 321.8,    -19.81797827 
 321.9,    -21.46171155 
   322,    -22.85491536 
 322.1,    -23.62974235 
 322.2,    -23.51605322 
 322.3,    -22.52133746 
 322.4,     -20.8910646 
 322.5,    -18.94397496 
 322.6,    -16.94198128 
 322.7,    -15.04746874 
 322.8,     -13.3416814 
 322.9,    -11.85718757 
   323,    -10.60210249 
 323.1,    -9.574034832 
 323.2,    -8.767289473 
 323.3,     -8.17645278 
 323.4,    -7.798237871 
 323.5,    -7.632608308 
 323.6,    -7.683753286 
 323.7,    -7.961315703 
 323.8,    -8.482295805 
 323.9,    -9.274291771 
   324,    -10.38137549 
 324.1,    -11.87551941 
 324.2,    -13.88095604 
 324.3,    -16.63274113 
 324.4,    -20.63717034 
 324.5,    -26.94465821 
 324.6,    -28.99077064 
 324.7,    -23.01862144 
 324.8,    -19.43940825 
 324.9,    -17.33305036 
   325,    -16.09586038 
 325.1,    -15.46624648 
 325.2,    -15.32244795 
 325.3,    -15.61202221 
 325.4,    -16.32714329 
 325.5,    -17.49985005 
 325.6,    -19.21195765 
 325.7,    -21.62390058 
 325.8,    -25.01927965 
 325.9,    -29.53234763 
   326,    -31.46752014 
 326.1,    -28.04528103 
 326.2,    -25.07162836 
 326.3,    -23.25177625 
 326.4,    -22.28175438 
 326.5,    -21.97414533 
 326.6,    -22.24757666 
 326.7,    -23.09180741 
 326.8,     -24.5514543 
 326.9,    -26.69200788 
   327,    -29.34820449 
 327.1,    -30.99895978 
 327.2,    -29.59056519 
 327.3,    -27.07601744 
 327.4,    -25.04521685 
 327.5,    -23.67808523 
 327.6,    -22.89928397 
 327.7,    -22.64484062 
 327.8,    -22.89236025 
 327.9,    -23.66358635 
   328,    -25.03027596 
 328.1,    -27.11591826 
 328.2,    -29.96856458 
 328.3,     -32.4491983 
 328.4,    -31.29279207 
 328.5,    -28.25534556 
 328.6,    -25.76791898 
 328.7,    -24.05154722 
 328.8,    -22.97614369 
 328.9,    -22.43990853 
   329,     -22.3873468 
 329.1,    -22.78969942 
 329.2,    -23.60587776 
 329.3,    -24.67383644 
 329.4,    -25.46178507 
 329.5,    -25.08118644 
 329.6,    -23.42393439 
 329.7,    -21.33380958 
 329.8,    -19.39564659 
 329.9,    -17.77971683 
   330,    -16.49848982 
 330.1,    -15.52749197 
 330.2,    -14.84053795 
 330.3,    -14.41808032 
 330.4,    -14.24837126 
 330.5,    -14.32686104 
 330.6,    -14.65494415 
 330.7,    -15.23735357 
 330.8,    -16.07529794 
 330.9,    -17.14736727 
   331,    -18.36007715 
 331.1,    -19.45138644 
 331.2,    -19.95122916 
 331.3,    -19.52853761 
 331.4,    -18.42344569 
 331.5,     -17.1194563 
 331.6,    -15.91780427 
 331.7,    -14.93161316 
 331.8,    -14.18688765 
 331.9,    -13.67977387 
   332,    -13.39879526 
 332.1,    -13.33197663 
 332.2,    -13.46797589 
 332.3,    -13.79420728 
 332.4,    -14.29220443 
 332.5,    -14.92912702 
 332.6,    -15.64437733 
 332.7,    -16.33478312 
 332.8,    -16.85583817 
 332.9,    -17.06960488 
   333,     -16.9313918 
 333.1,    -16.52546632 
 333.2,     -16.0017232 
 333.3,     -15.4950646 
 333.4,    -15.09527937 
 333.5,    -14.85419192 
 333.6,     -14.8011621 
 333.7,    -14.95505436 
 333.8,     -15.3314219 
 333.9,    -15.94599013 
   334,    -16.81444796 
 334.1,    -17.94521368 
 334.2,     -19.3135881 
 334.3,    -20.78932652 
 334.4,    -22.00254051 
 334.5,    -22.37371258 
 334.6,    -21.71686512 
 334.7,    -20.51984509 
 334.8,    -19.29628136 
 334.9,    -18.28237064 
   335,    -17.54853212 
 335.1,    -17.10723646 
 335.2,    -16.95852146 
 335.3,    -17.10614098 
 335.4,    -17.56337171 
 335.5,    -18.35441902 
 335.6,    -19.50837782 
 335.7,    -21.02366576 
 335.8,    -22.71989963 
 335.9,    -23.85711821 
   336,    -23.33064695 
 336.1,    -21.44584512 
 336.2,     -19.3297055 
 336.3,    -17.47853931 
 336.4,    -15.97504516 
 336.5,    -14.79452651 
 336.6,    -13.89886143 
 336.7,    -13.25710209 
 336.8,    -12.84838516 
 336.9,    -12.66141904 
   337,    -12.69399207 
 337.1,    -12.95344847 
 337.2,    -13.45872988 
 337.3,     -14.2450529 
 337.4,    -15.37375173 
 337.5,    -16.95391143 
 337.6,    -19.19580136 
 337.7,     -22.5707643 
 337.8,    -28.43605774 
 337.9,    -35.29651097 
   338,    -26.18539251 
 338.1,    -21.10073751 
 338.2,    -17.94281814 
 338.3,    -15.72809083 
 338.4,    -14.08393413 
 338.5,    -12.83232889 
 338.6,    -11.87488391 
 338.7,    -11.15166347 
 338.8,    -10.62350521 
 338.9,    -10.26335735 
   339,    -10.05155693 
 339.1,    -9.972981313 
 339.2,    -10.01512198 
 339.3,    -10.16659207 
 339.4,    -10.41579412 
 339.5,    -10.74960041 
 339.6,    -11.15202003 
 339.7,    -11.60300915 
 339.8,    -12.07786133 
 339.9,    -12.54794111 
   340,    -12.98362732 
 340.1,    -13.35971793 
 340.2,    -13.66198228 
 340.3,    -13.89193918 
 340.4,    -14.06715343 
 340.5,    -14.21690314 
 340.6,    -14.37575797 
 340.7,    -14.57803287 
 340.8,     -14.8545117 
 340.9,    -15.23109048 
   341,    -15.72802881 
 341.1,    -16.35797257 
 341.2,    -17.11999189 
 341.3,    -17.98498682 
 341.4,    -18.86672254 
 341.5,    -19.58478078 
 341.6,    -19.87793367 
 341.7,    -19.56181754 
 341.8,    -18.71048948 
 341.9,     -17.5779468 
   342,    -16.39235357 
 342.1,    -15.28203082 
 342.2,    -14.30147932 
 342.3,    -13.46754899 
 342.4,    -12.78106906 
 342.5,    -12.23718842 
 342.6,    -11.82990298 
 342.7,     -11.5539471 
 342.8,     -11.4055563 
 342.9,      -11.382775 
   343,    -11.48560527 
 343.1,    -11.71612279 
 343.2,    -12.07860192 
 343.3,    -12.57962468 
 343.4,    -13.22804286 
 343.5,    -14.03441415 
 343.6,    -15.00889675 
 343.7,    -16.15494908 
 343.8,    -17.45225797 
 343.9,    -18.81552412 
   344,    -20.02059211 
 344.1,    -20.67813514 
 344.2,    -20.48747285 
 344.3,    -19.59285661 
 344.4,    -18.39763538 
 344.5,    -17.19665213 
 344.6,    -16.11836647 
 344.7,    -15.19952205 
 344.8,    -14.43985862 
 344.9,    -13.82647414 
   345,    -13.34287926 
 345.1,    -12.97178888 
 345.2,    -12.69548614 
 345.3,    -12.49527848 
 345.4,     -12.3507102 
 345.5,    -12.23895989 
 345.6,     -12.1348617 
 345.7,    -12.01202549 
 345.8,    -11.84535968 
 345.9,    -11.61473523 
   346,     -11.3086901 
 346.1,    -10.92656577 
 346.2,    -10.47796547 
 346.3,    -9.979777447 
 346.4,    -9.452160122 
 346.5,    -8.915007009 
 346.6,    -8.385702114 
 346.7,    -7.878186532 
 346.8,     -7.40294311 
 346.9,    -6.967457085 
   347,    -6.576833663 
 347.1,    -6.234395535 
 347.2,    -5.942186398 
 347.3,    -5.701363459 
 347.4,    -5.512488506 
 347.5,     -5.37573522 
 347.6,    -5.291030602 
 347.7,    -5.258144899 
 347.8,    -5.276740598 
 347.9,    -5.346386408 
   348,    -5.466538867 
 348.1,     -5.63648998 
 348.2,    -5.855276367 
 348.3,    -6.121541193 
 348.4,    -6.433337647 
 348.5,    -6.787860375 
 348.6,    -7.181093144 
 348.7,    -7.607370196 
 348.8,    -8.058873461 
 348.9,    -8.525136697 
   349,    -8.992709654 
 349.1,    -9.445240977 
 349.2,    -9.864318676 
 349.3,    -10.23135175 
 349.4,    -10.53045552 
 349.5,    -10.75172261 
 349.6,    -10.89373882 
 349.7,    -10.96424917 
 349.8,    -10.97867461 
 349.9,     -10.9572009 
   350,    -10.92165684 
 350.1,     -10.8931428 
 350.2,    -10.89076477 
 350.3,    -10.93134581 
 350.4,    -11.02979589 
 350.5,    -11.19984723 
 350.6,    -11.45496774 
 350.7,    -11.80936694 
 350.8,     -12.2790647 
 350.9,    -12.88297114 
   351,    -13.64371638 
 351.1,    -14.58719498 
 351.2,    -15.73714607 
 351.3,    -17.09235007 
 351.4,    -18.54942636 
 351.5,    -19.71458349 
 351.6,    -19.83032626 
 351.7,    -18.58240823 
 351.8,    -16.61616099 
 351.9,    -14.56921155 
   352,    -12.68337397 
 352.1,    -11.00227504 
 352.2,    -9.510358718 
 352.3,    -8.180508283 
 352.4,    -6.987123196 
 352.5,    -5.908833747 
 352.6,    -4.928397527 
 352.7,    -4.031976328 
 352.8,    -3.208401847 
 352.9,    -2.448570628 
   353,     -1.74497673 
 353.1,    -1.091358144 
 353.2,   -0.4824304418 
 353.3,   0.08631468883 
 353.4,    0.6187628367 
 353.5,     1.118294629 
 353.6,      1.58787699 
 353.7,     2.030134379 
 353.8,     2.447404893 
 353.9,     2.841784733 
   354,     3.215163688 
 354.1,     3.569253595 
 354.2,     3.905611272 
 354.3,     4.225657109 
 354.4,     4.530690145 
 354.5,     4.821900417 
 354.6,     5.100379052 
 354.7,     5.367126623 
 354.8,     5.623060107 
 354.9,     5.869018723 
   355,     6.105768939 
 355.1,     6.334008832 
 355.2,     6.554371948 
 355.3,     6.767430836 
 355.4,     6.973700349 
 355.5,     7.173640776 
 355.6,     7.367660922 
 355.7,     7.556121121 
 355.8,     7.739336267 
 355.9,     7.917578831 
   356,     8.091081909 
 356.1,     8.260042266 
 356.2,     8.424623369 
 356.3,     8.584958408 
 356.4,      8.74115325 
 356.5,     8.893289337 
 356.6,     9.041426477 
 356.7,     9.185605523 
 356.8,     9.325850912 
 356.9,     9.462173049 
   357,     9.594570526 
 357.1,     9.723032165 
 357.2,     9.847538867 
 357.3,     9.968065301 
 357.4,     10.08458138 
 357.5,      10.1970536 
 357.6,     10.30544614 
 357.7,     10.40972189 
 357.8,     10.50984328 
 357.9,     10.60577292 
   358,     10.69747421 
 358.1,     10.78491179 
 358.2,     10.86805186 
 358.3,     10.94686247 
 358.4,     11.02131365 
 358.5,     11.09137759 
 358.6,     11.15702864 
 358.7,     11.21824337 
 358.8,     11.27500049 
 358.9,     11.32728084 
   359,     11.37506732 
 359.1,     11.41834476 
 359.2,     11.45709985 
 359.3,     11.49132103 
 359.4,     11.52099838 
 359.5,     11.54612354 
 359.6,      11.5666896 
 359.7,     11.58269103 
 359.8,     11.59412359 
 359.9,     11.60098431 
   360,     11.60327142 
