M5B_HWBC_MS_AS_E0_F1.txt
NTNU_FFI
Method: IGABEM CCBIE with 19456 elements (24324 degrees of freedom) and NURBS degree 4. Computational time for system assembly (4x6-core Xeon 2.67 GHz): 36.3169 hours.
0, 360
0
1000
3601
     0,    -12.50199493 
   0.1,    -12.50135273 
   0.2,    -12.49942645 
   0.3,    -12.49621693 
   0.4,    -12.49172564 
   0.5,     -12.4859546 
   0.6,    -12.47890642 
   0.7,    -12.47058426 
   0.8,    -12.46099186 
   0.9,    -12.45013353 
     1,    -12.43801412 
   1.1,    -12.42463904 
   1.2,    -12.41001422 
   1.3,    -12.39414615 
   1.4,    -12.37704183 
   1.5,    -12.35870879 
   1.6,    -12.33915504 
   1.7,     -12.3183891 
   1.8,    -12.29641998 
   1.9,    -12.27325715 
     2,    -12.24891054 
   2.1,    -12.22339053 
   2.2,    -12.19670795 
   2.3,    -12.16887401 
   2.4,    -12.13990036 
   2.5,    -12.10979903 
   2.6,    -12.07858243 
   2.7,    -12.04626333 
   2.8,    -12.01285485 
   2.9,    -11.97837042 
     3,    -11.94282383 
   3.1,    -11.90622912 
   3.2,    -11.86860065 
   3.3,    -11.82995303 
   3.4,    -11.79030113 
   3.5,    -11.74966005 
   3.6,    -11.70804512 
   3.7,    -11.66547186 
   3.8,    -11.62195599 
   3.9,    -11.57751339 
     4,    -11.53216011 
   4.1,    -11.48591234 
   4.2,    -11.43878639 
   4.3,    -11.39079867 
   4.4,    -11.34196571 
   4.5,     -11.2923041 
   4.6,    -11.24183051 
   4.7,    -11.19056166 
   4.8,    -11.13851431 
   4.9,    -11.08570523 
     5,    -11.03215123 
   5.1,    -10.97786909 
   5.2,     -10.9228756 
   5.3,    -10.86718751 
   5.4,    -10.81082155 
   5.5,    -10.75379439 
   5.6,    -10.69612263 
   5.7,    -10.63782284 
   5.8,    -10.57891147 
   5.9,     -10.5194049 
     6,     -10.4593194 
   6.1,    -10.39867116 
   6.2,    -10.33747622 
   6.3,    -10.27575052 
   6.4,    -10.21350987 
   6.5,    -10.15076992 
   6.6,    -10.08754621 
   6.7,    -10.02385408 
   6.8,    -9.959708768 
   6.9,    -9.895125308 
     7,    -9.830118584 
   7.1,    -9.764703302 
   7.2,    -9.698893993 
   7.3,    -9.632705004 
   7.4,    -9.566150499 
   7.5,    -9.499244451 
   7.6,    -9.432000642 
   7.7,    -9.364432658 
   7.8,    -9.296553889 
   7.9,    -9.228377525 
     8,    -9.159916554 
   8.1,    -9.091183762 
   8.2,    -9.022191729 
   8.3,     -8.95295283 
   8.4,    -8.883479234 
   8.5,    -8.813782903 
   8.6,    -8.743875591 
   8.7,    -8.673768845 
   8.8,    -8.603474003 
   8.9,    -8.533002197 
     9,    -8.462364352 
   9.1,    -8.391571186 
   9.2,    -8.320633213 
   9.3,    -8.249560741 
   9.4,    -8.178363874 
   9.5,    -8.107052516 
   9.6,    -8.035636368 
   9.7,    -7.964124933 
   9.8,    -7.892527516 
   9.9,    -7.820853226 
    10,    -7.749110976 
  10.1,     -7.67730949 
  10.2,      -7.6054573 
  10.3,    -7.533562751 
  10.4,    -7.461633999 
  10.5,    -7.389679019 
  10.6,    -7.317705606 
  10.7,    -7.245721372 
  10.8,    -7.173733755 
  10.9,    -7.101750018 
    11,    -7.029777253 
  11.1,    -6.957822382 
  11.2,    -6.885892162 
  11.3,    -6.813993183 
  11.4,    -6.742131876 
  11.5,    -6.670314514 
  11.6,     -6.59854721 
  11.7,    -6.526835928 
  11.8,    -6.455186479 
  11.9,    -6.383604524 
    12,    -6.312095582 
  12.1,    -6.240665027 
  12.2,    -6.169318094 
  12.3,    -6.098059878 
  12.4,    -6.026895342 
  12.5,    -5.955829314 
  12.6,    -5.884866494 
  12.7,    -5.814011454 
  12.8,    -5.743268642 
  12.9,    -5.672642382 
    13,     -5.60213688 
  13.1,    -5.531756225 
  13.2,    -5.461504392 
  13.3,     -5.39138524 
  13.4,    -5.321402522 
  13.5,    -5.251559883 
  13.6,    -5.181860861 
  13.7,    -5.112308893 
  13.8,    -5.042907315 
  13.9,    -4.973659365 
    14,    -4.904568184 
  14.1,     -4.83563682 
  14.2,    -4.766868229 
  14.3,    -4.698265278 
  14.4,    -4.629830747 
  14.5,    -4.561567329 
  14.6,    -4.493477634 
  14.7,    -4.425564193 
  14.8,    -4.357829453 
  14.9,    -4.290275789 
    15,    -4.222905495 
  15.1,    -4.155720797 
  15.2,    -4.088723843 
  15.3,    -4.021916716 
  15.4,    -3.955301428 
  15.5,    -3.888879924 
  15.6,    -3.822654086 
  15.7,    -3.756625731 
  15.8,    -3.690796614 
  15.9,    -3.625168433 
    16,    -3.559742823 
  16.1,    -3.494521365 
  16.2,    -3.429505584 
  16.3,     -3.36469695 
  16.4,    -3.300096881 
  16.5,    -3.235706743 
  16.6,    -3.171527854 
  16.7,    -3.107561482 
  16.8,    -3.043808848 
  16.9,    -2.980271127 
    17,    -2.916949449 
  17.1,    -2.853844901 
  17.2,    -2.790958529 
  17.3,    -2.728291335 
  17.4,    -2.665844284 
  17.5,      -2.6036183 
  17.6,    -2.541614271 
  17.7,    -2.479833047 
  17.8,    -2.418275443 
  17.9,     -2.35694224 
    18,    -2.295834185 
  18.1,    -2.234951992 
  18.2,    -2.174296343 
  18.3,     -2.11386789 
  18.4,    -2.053667256 
  18.5,    -1.993695033 
  18.6,    -1.933951788 
  18.7,    -1.874438057 
  18.8,    -1.815154353 
  18.9,    -1.756101162 
    19,    -1.697278944 
  19.1,    -1.638688136 
  19.2,    -1.580329154 
  19.3,    -1.522202388 
  19.4,    -1.464308208 
  19.5,    -1.406646962 
  19.6,    -1.349218978 
  19.7,    -1.292024564 
  19.8,     -1.23506401 
  19.9,    -1.178337586 
    20,    -1.121845544 
  20.1,     -1.06558812 
  20.2,    -1.009565533 
  20.3,   -0.9537779841 
  20.4,    -0.898225661 
  20.5,   -0.8429087354 
  20.6,   -0.7878273643 
  20.7,   -0.7329816911 
  20.8,   -0.6783718453 
  20.9,   -0.6239979438 
    21,   -0.5698600905 
  21.1,   -0.5159583777 
  21.2,   -0.4622928855 
  21.3,   -0.4088636832 
  21.4,   -0.3556708293 
  21.5,   -0.3027143719 
  21.6,   -0.2499943491 
  21.7,   -0.1975107896 
  21.8,   -0.1452637128 
  21.9,  -0.09325312947 
    22,  -0.04147904195 
  22.1,   0.01005855565 
  22.2,   0.06135967659 
  22.3,    0.1124243417 
  22.4,    0.1632525788 
  22.5,    0.2138444222 
  22.6,    0.2641999131 
  22.7,    0.3143190982 
  22.8,    0.3642020302 
  22.9,    0.4138487673 
    23,     0.463259373 
  23.1,    0.5124339155 
  23.2,    0.5613724677 
  23.3,    0.6100751069 
  23.4,    0.6585419147 
  23.5,    0.7067729763 
  23.6,    0.7547683807 
  23.7,    0.8025282203 
  23.8,    0.8500525905 
  23.9,    0.8973415898 
    24,    0.9443953194 
  24.1,     0.991213883 
  24.2,     1.037797386 
  24.3,     1.084145938 
  24.4,     1.130259647 
  24.5,     1.176138626 
  24.6,     1.221782988 
  24.7,     1.267192847 
  24.8,     1.312368319 
  24.9,     1.357309521 
    25,     1.402016569 
  25.1,     1.446489583 
  25.2,      1.49072868 
  25.3,     1.534733979 
  25.4,       1.5785056 
  25.5,     1.622043661 
  25.6,     1.665348282 
  25.7,     1.708419581 
  25.8,     1.751257676 
  25.9,     1.793862684 
    26,     1.836234724 
  26.1,     1.878373911 
  26.2,     1.920280361 
  26.3,     1.961954187 
  26.4,     2.003395502 
  26.5,     2.044604419 
  26.6,     2.085581047 
  26.7,     2.126325496 
  26.8,     2.166837873 
  26.9,     2.207118282 
    27,     2.247166829 
  27.1,     2.286983613 
  27.2,     2.326568735 
  27.3,     2.365922293 
  27.4,     2.405044381 
  27.5,     2.443935093 
  27.6,     2.482594519 
  27.7,     2.521022747 
  27.8,     2.559219862 
  27.9,     2.597185948 
    28,     2.634921083 
  28.1,     2.672425346 
  28.2,      2.70969881 
  28.3,     2.746741547 
  28.4,     2.783553625 
  28.5,     2.820135108 
  28.6,     2.856486059 
  28.7,     2.892606536 
  28.8,     2.928496594 
  28.9,     2.964156285 
    29,     2.999585656 
  29.1,     3.034784754 
  29.2,     3.069753617 
  29.3,     3.104492285 
  29.4,      3.13900079 
  29.5,     3.173279162 
  29.6,     3.207327426 
  29.7,     3.241145605 
  29.8,     3.274733716 
  29.9,     3.308091774 
    30,     3.341219787 
  30.1,     3.374117762 
  30.2,     3.406785699 
  30.3,     3.439223596 
  30.4,     3.471431445 
  30.5,     3.503409234 
  30.6,     3.535156947 
  30.7,     3.566674563 
  30.8,     3.597962057 
  30.9,     3.629019399 
    31,     3.659846555 
  31.1,     3.690443485 
  31.2,     3.720810144 
  31.3,     3.750946485 
  31.4,     3.780852453 
  31.5,      3.81052799 
  31.6,     3.839973033 
  31.7,     3.869187511 
  31.8,     3.898171353 
  31.9,     3.926924478 
    32,     3.955446804 
  32.1,     3.983738241 
  32.2,     4.011798694 
  32.3,     4.039628065 
  32.4,     4.067226247 
  32.5,     4.094593131 
  32.6,       4.1217286 
  32.7,     4.148632534 
  32.8,     4.175304805 
  32.9,     4.201745281 
    33,     4.227953824 
  33.1,     4.253930291 
  33.2,     4.279674531 
  33.3,     4.305186389 
  33.4,     4.330465704 
  33.5,     4.355512311 
  33.6,     4.380326034 
  33.7,     4.404906697 
  33.8,     4.429254113 
  33.9,     4.453368092 
    34,     4.477248437 
  34.1,     4.500894945 
  34.2,     4.524307407 
  34.3,     4.547485606 
  34.4,     4.570429322 
  34.5,     4.593138325 
  34.6,      4.61561238 
  34.7,     4.637851247 
  34.8,     4.659854678 
  34.9,     4.681622419 
    35,     4.703154208 
  35.1,     4.724449778 
  35.2,     4.745508855 
  35.3,     4.766331157 
  35.4,     4.786916397 
  35.5,      4.80726428 
  35.6,     4.827374503 
  35.7,     4.847246758 
  35.8,     4.866880729 
  35.9,     4.886276092 
    36,     4.905432519 
  36.1,     4.924349669 
  36.2,       4.9430272 
  36.3,     4.961464759 
  36.4,     4.979661985 
  36.5,     4.997618512 
  36.6,     5.015333964 
  36.7,      5.03280796 
  36.8,     5.050040109 
  36.9,     5.067030013 
    37,     5.083777267 
  37.1,     5.100281455 
  37.2,     5.116542157 
  37.3,     5.132558943 
  37.4,     5.148331375 
  37.5,     5.163859006 
  37.6,     5.179141382 
  37.7,     5.194178041 
  37.8,     5.208968509 
  37.9,     5.223512309 
    38,     5.237808952 
  38.1,     5.251857939 
  38.2,     5.265658765 
  38.3,     5.279210916 
  38.4,     5.292513867 
  38.5,     5.305567086 
  38.6,     5.318370031 
  38.7,      5.33092215 
  38.8,     5.343222882 
  38.9,     5.355271659 
    39,       5.3670679 
  39.1,     5.378611017 
  39.2,      5.38990041 
  39.3,     5.400935471 
  39.4,     5.411715581 
  39.5,     5.422240113 
  39.6,     5.432508426 
  39.7,     5.442519873 
  39.8,     5.452273794 
  39.9,     5.461769519 
    40,     5.471006368 
  40.1,      5.47998365 
  40.2,     5.488700663 
  40.3,     5.497156694 
  40.4,      5.50535102 
  40.5,     5.513282906 
  40.6,     5.520951604 
  40.7,     5.528356358 
  40.8,     5.535496398 
  40.9,     5.542370943 
    41,       5.5489792 
  41.1,     5.555320364 
  41.2,     5.561393618 
  41.3,     5.567198133 
  41.4,     5.572733066 
  41.5,     5.577997563 
  41.6,     5.582990758 
  41.7,     5.587711769 
  41.8,     5.592159705 
  41.9,     5.596333658 
    42,     5.600232709 
  42.1,     5.603855924 
  42.2,     5.607202356 
  42.3,     5.610271045 
  42.4,     5.613061015 
  42.5,     5.615571276 
  42.6,     5.617800826 
  42.7,     5.619748644 
  42.8,     5.621413699 
  42.9,      5.62279494 
    43,     5.623891306 
  43.1,     5.624701715 
  43.2,     5.625225074 
  43.3,     5.625460272 
  43.4,     5.625406181 
  43.5,     5.625061658 
  43.6,     5.624425543 
  43.7,     5.623496661 
  43.8,     5.622273816 
  43.9,     5.620755797 
    44,     5.618941378 
  44.1,     5.616829309 
  44.2,     5.614418328 
  44.3,     5.611707152 
  44.4,     5.608694479 
  44.5,     5.605378988 
  44.6,     5.601759342 
  44.7,     5.597834179 
  44.8,     5.593602123 
  44.9,     5.589061775 
    45,     5.584211715 
  45.1,     5.579050504 
  45.2,     5.573576681 
  45.3,     5.567788766 
  45.4,     5.561685253 
  45.5,     5.555264619 
  45.6,     5.548525315 
  45.7,      5.54146577 
  45.8,     5.534084393 
  45.9,     5.526379565 
    46,     5.518349647 
  46.1,     5.509992974 
  46.2,     5.501307856 
  46.3,      5.49229258 
  46.4,     5.482945406 
  46.5,      5.47326457 
  46.6,     5.463248279 
  46.7,     5.452894715 
  46.8,     5.442202034 
  46.9,     5.431168364 
    47,     5.419791802 
  47.1,     5.408070422 
  47.2,     5.396002263 
  47.3,      5.38358534 
  47.4,     5.370817634 
  47.5,     5.357697098 
  47.6,     5.344221652 
  47.7,     5.330389187 
  47.8,     5.316197559 
  47.9,     5.301644594 
    48,     5.286728083 
  48.1,     5.271445784 
  48.2,     5.255795419 
  48.3,     5.239774678 
  48.4,     5.223381211 
  48.5,     5.206612636 
  48.6,     5.189466531 
  48.7,     5.171940438 
  48.8,     5.154031859 
  48.9,     5.135738258 
    49,      5.11705706 
  49.1,     5.097985647 
  49.2,     5.078521361 
  49.3,     5.058661503 
  49.4,      5.03840333 
  49.5,     5.017744053 
  49.6,     4.996680843 
  49.7,     4.975210823 
  49.8,     4.953331068 
  49.9,      4.93103861 
    50,     4.908330429 
  50.1,     4.885203459 
  50.2,     4.861654581 
  50.3,     4.837680628 
  50.4,     4.813278379 
  50.5,      4.78844456 
  50.6,     4.763175844 
  50.7,     4.737468849 
  50.8,     4.711320136 
  50.9,     4.684726208 
    51,      4.65768351 
  51.1,     4.630188428 
  51.2,     4.602237287 
  51.3,      4.57382635 
  51.4,     4.544951814 
  51.5,     4.515609815 
  51.6,      4.48579642 
  51.7,      4.45550763 
  51.8,     4.424739378 
  51.9,     4.393487525 
    52,     4.361747862 
  52.1,     4.329516104 
  52.2,     4.296787895 
  52.3,       4.2635588 
  52.4,     4.229824307 
  52.5,     4.195579824 
  52.6,      4.16082068 
  52.7,     4.125542119 
  52.8,     4.089739299 
  52.9,     4.053407296 
    53,     4.016541093 
  53.1,     3.979135586 
  53.2,     3.941185578 
  53.3,     3.902685778 
  53.4,     3.863630798 
  53.5,     3.824015154 
  53.6,     3.783833259 
  53.7,     3.743079427 
  53.8,     3.701747866 
  53.9,     3.659832677 
    54,     3.617327851 
  54.1,     3.574227272 
  54.2,     3.530524705 
  54.3,     3.486213802 
  54.4,     3.441288097 
  54.5,     3.395741002 
  54.6,     3.349565806 
  54.7,      3.30275567 
  54.8,      3.25530363 
  54.9,     3.207202588 
    55,     3.158445312 
  55.1,     3.109024434 
  55.2,     3.058932448 
  55.3,     3.008161702 
  55.4,     2.956704402 
  55.5,     2.904552604 
  55.6,     2.851698215 
  55.7,     2.798132986 
  55.8,     2.743848513 
  55.9,     2.688836232 
    56,     2.633087416 
  56.1,     2.576593172 
  56.2,     2.519344439 
  56.3,     2.461331985 
  56.4,     2.402546404 
  56.5,     2.342978112 
  56.6,     2.282617345 
  56.7,     2.221454159 
  56.8,     2.159478421 
  56.9,     2.096679814 
    57,     2.033047829 
  57.1,     1.968571765 
  57.2,     1.903240727 
  57.3,     1.837043622 
  57.4,     1.769969162 
  57.5,     1.702005858 
  57.6,      1.63314202 
  57.7,     1.563365757 
  57.8,     1.492664976 
  57.9,     1.421027384 
    58,     1.348440484 
  58.1,      1.27489158 
  58.2,     1.200367777 
  58.3,     1.124855984 
  58.4,     1.048342915 
  58.5,     0.970815095 
  58.6,    0.8922588651 
  58.7,    0.8126603863 
  58.8,    0.7320056477 
  58.9,    0.6502804752 
    59,    0.5674705403 
  59.1,    0.4835613722 
  59.2,    0.3985383707 
  59.3,    0.3123868219 
  59.4,    0.2250919149 
  59.5,    0.1366387619 
  59.6,   0.04701242148 
  59.7,  -0.04380207689 
  59.8,   -0.1358197027 
  59.9,   -0.2290553923 
    60,   -0.3235240119 
  60.1,   -0.4192403161 
  60.2,   -0.5162189012 
  60.3,   -0.6144741535 
  60.4,   -0.7140201903 
  60.5,   -0.8148707953 
  60.6,   -0.9170393458 
  60.7,    -1.020538731 
  60.8,    -1.125381263 
  60.9,    -1.231578574 
    61,    -1.339141506 
  61.1,    -1.448079987 
  61.2,     -1.55840289 
  61.3,    -1.670117886 
  61.4,    -1.783231265 
  61.5,    -1.897747759 
  61.6,    -2.013670323 
  61.7,    -2.130999916 
  61.8,    -2.249735236 
  61.9,     -2.36987245 
    62,    -2.491404876 
  62.1,     -2.61432265 
  62.2,    -2.738612345 
  62.3,    -2.864256566 
  62.4,    -2.991233493 
  62.5,    -3.119516391 
  62.6,    -3.249073069 
  62.7,    -3.379865291 
  62.8,    -3.511848133 
  62.9,    -3.644969291 
    63,    -3.779168323 
  63.1,    -3.914375841 
  63.2,    -4.050512635 
  63.3,    -4.187488742 
  63.4,    -4.325202451 
  63.5,    -4.463539249 
  63.6,    -4.602370722 
  63.7,    -4.741553402 
  63.8,    -4.880927578 
  63.9,    -5.020316089 
    64,    -5.159523108 
  64.1,    -5.298332943 
  64.2,    -5.436508885 
  64.3,    -5.573792137 
  64.4,    -5.709900859 
  64.5,     -5.84452939 
  64.6,    -5.977347688 
  64.7,    -6.108001063 
  64.8,    -6.236110264 
  64.9,    -6.361272001 
    65,    -6.483059972 
  65.1,    -6.601026478 
  65.2,    -6.714704689 
  65.3,    -6.823611643 
  65.4,    -6.927251996 
  65.5,    -7.025122584 
  65.6,    -7.116717761 
  65.7,    -7.201535499 
  65.8,    -7.279084158 
  65.9,    -7.348889808 
    66,    -7.410503931 
  66.1,    -7.463511291 
  66.2,    -7.507537724 
  66.3,    -7.542257569 
  66.4,    -7.567400452 
  66.5,    -7.582757153 
  66.6,    -7.588184273 
  66.7,    -7.583607515 
  66.8,    -7.569023402 
  66.9,    -7.544499362 
    67,    -7.510172172 
  67.1,    -7.466244833 
  67.2,    -7.412982028 
  67.3,    -7.350704374 
  67.4,    -7.279781716 
  67.5,    -7.200625744 
  67.6,    -7.113682233 
  67.7,    -7.019423167 
  67.8,    -6.918339006 
  67.9,    -6.810931322 
    68,    -6.697705965 
  68.1,    -6.579166891 
  68.2,    -6.455810738 
  68.3,    -6.328122196 
  68.4,    -6.196570163 
  68.5,    -6.061604682 
  68.6,    -5.923654596 
  68.7,    -5.783125874 
  68.8,    -5.640400524 
  68.9,    -5.495836026 
    69,    -5.349765206 
  69.1,    -5.202496467 
  69.2,    -5.054314319 
  69.3,    -4.905480149 
  69.4,    -4.756233146 
  69.5,    -4.606791374 
  69.6,    -4.457352911 
  69.7,    -4.308097046 
  69.8,    -4.159185494 
  69.9,    -4.010763608 
    70,    -3.862961567 
  70.1,    -3.715895533 
  70.2,    -3.569668757 
  70.3,    -3.424372641 
  70.4,    -3.280087734 
  70.5,     -3.13688467 
  70.6,    -2.994825055 
  70.7,    -2.853962275 
  70.8,    -2.714342263 
  70.9,    -2.576004199 
    71,    -2.438981154 
  71.1,    -2.303300685 
  71.2,    -2.168985383 
  71.3,    -2.036053367 
  71.4,    -1.904518744 
  71.5,     -1.77439202 
  71.6,    -1.645680479 
  71.7,    -1.518388532 
  71.8,    -1.392518019 
  71.9,    -1.268068503 
    72,    -1.145037519 
  72.1,    -1.023420809 
  72.2,   -0.9032125328 
  72.3,   -0.7844054571 
  72.4,   -0.6669911268 
  72.5,   -0.5509600203 
  72.6,   -0.4363016885 
  72.7,   -0.3230048807 
  72.8,   -0.2110576577 
  72.9,   -0.1004474934 
    73,  0.008838633671 
  73.1,    0.1168141583 
  73.2,    0.2234928551 
  73.3,    0.3288887726 
  73.4,    0.4330161739 
  73.5,    0.5358894844 
  73.6,    0.6375232445 
  73.7,    0.7379320675 
  73.8,    0.8371306024 
  73.9,    0.9351335008 
    74,     1.031955387 
  74.1,     1.127610834 
  74.2,     1.222114336 
  74.3,     1.315480293 
  74.4,     1.407722992 
  74.5,      1.49885659 
  74.6,       1.5888951 
  74.7,     1.677852384 
  74.8,     1.765742136 
  74.9,     1.852577882 
    75,     1.938372963 
  75.1,     2.023140538 
  75.2,     2.106893574 
  75.3,     2.189644843 
  75.4,      2.27140692 
  75.5,     2.352192179 
  75.6,     2.432012793 
  75.7,     2.510880732 
  75.8,     2.588807761 
  75.9,     2.665805443 
    76,     2.741885139 
  76.1,     2.817058005 
  76.2,     2.891334997 
  76.3,     2.964726871 
  76.4,     3.037244186 
  76.5,     3.108897303 
  76.6,     3.179696389 
  76.7,     3.249651419 
  76.8,     3.318772178 
  76.9,     3.387068264 
    77,      3.45454909 
  77.1,     3.521223888 
  77.2,     3.587101709 
  77.3,     3.652191429 
  77.4,     3.716501749 
  77.5,     3.780041199 
  77.6,     3.842818143 
  77.7,     3.904840779 
  77.8,     3.966117141 
  77.9,     4.026655106 
    78,     4.086462395 
  78.1,     4.145546572 
  78.2,     4.203915055 
  78.3,     4.261575111 
  78.4,     4.318533864 
  78.5,     4.374798293 
  78.6,      4.43037524 
  78.7,     4.485271409 
  78.8,     4.539493372 
  78.9,     4.593047566 
    79,     4.645940302 
  79.1,     4.698177764 
  79.2,      4.74976601 
  79.3,      4.80071098 
  79.4,     4.851018493 
  79.5,     4.900694251 
  79.6,     4.949743844 
  79.7,     4.998172746 
  79.8,     5.045986326 
  79.9,     5.093189842 
    80,     5.139788448 
  80.1,     5.185787193 
  80.2,     5.231191027 
  80.3,       5.2760048 
  80.4,     5.320233263 
  80.5,     5.363881073 
  80.6,     5.406952793 
  80.7,     5.449452895 
  80.8,      5.49138576 
  80.9,     5.532755682 
    81,     5.573566866 
  81.1,     5.613823436 
  81.2,      5.65352943 
  81.3,     5.692688805 
  81.4,     5.731305438 
  81.5,     5.769383128 
  81.6,     5.806925596 
  81.7,     5.843936488 
  81.8,     5.880419375 
  81.9,     5.916377757 
    82,     5.951815061 
  82.1,     5.986734645 
  82.2,     6.021139795 
  82.3,     6.055033733 
  82.4,     6.088419614 
  82.5,     6.121300525 
  82.6,     6.153679491 
  82.7,     6.185559476 
  82.8,     6.216943377 
  82.9,     6.247834034 
    83,     6.278234228 
  83.1,     6.308146676 
  83.2,     6.337574044 
  83.3,     6.366518936 
  83.4,     6.394983903 
  83.5,     6.422971438 
  83.6,     6.450483985 
  83.7,     6.477523929 
  83.8,     6.504093607 
  83.9,     6.530195302 
    84,     6.555831247 
  84.1,     6.581003626 
  84.2,     6.605714572 
  84.3,     6.629966171 
  84.4,      6.65376046 
  84.5,     6.677099431 
  84.6,     6.699985027 
  84.7,     6.722419147 
  84.8,     6.744403644 
  84.9,     6.765940329 
    85,     6.787030965 
  85.1,     6.807677275 
  85.2,     6.827880939 
  85.3,     6.847643594 
  85.4,     6.866966835 
  85.5,     6.885852217 
  85.6,     6.904301254 
  85.7,     6.922315421 
  85.8,     6.939896153 
  85.9,     6.957044844 
    86,     6.973762852 
  86.1,     6.990051496 
  86.2,     7.005912056 
  86.3,     7.021345776 
  86.4,     7.036353863 
  86.5,     7.050937488 
  86.6,     7.065097783 
  86.7,     7.078835848 
  86.8,     7.092152744 
  86.9,       7.1050495 
    87,     7.117527108 
  87.1,     7.129586526 
  87.2,     7.141228678 
  87.3,     7.152454455 
  87.4,     7.163264712 
  87.5,     7.173660273 
  87.6,     7.183641928 
  87.7,     7.193210433 
  87.8,     7.202366512 
  87.9,     7.211110859 
    88,     7.219444132 
  88.1,     7.227366959 
  88.2,     7.234879937 
  88.3,     7.241983629 
  88.4,     7.248678567 
  88.5,     7.254965255 
  88.6,     7.260844161 
  88.7,     7.266315726 
  88.8,     7.271380357 
  88.9,     7.276038433 
    89,       7.2802903 
  89.1,     7.284136276 
  89.2,     7.287576645 
  89.3,     7.290611664 
  89.4,     7.293241559 
  89.5,     7.295466524 
  89.6,     7.297286726 
  89.7,     7.298702298 
  89.8,     7.299713346 
  89.9,     7.300319944 
    90,     7.300522139 
  90.1,     7.300319944 
  90.2,     7.299713346 
  90.3,     7.298702298 
  90.4,     7.297286726 
  90.5,     7.295466524 
  90.6,     7.293241559 
  90.7,     7.290611664 
  90.8,     7.287576645 
  90.9,     7.284136276 
    91,       7.2802903 
  91.1,     7.276038433 
  91.2,     7.271380357 
  91.3,     7.266315726 
  91.4,     7.260844161 
  91.5,     7.254965255 
  91.6,     7.248678567 
  91.7,     7.241983628 
  91.8,     7.234879937 
  91.9,     7.227366959 
    92,     7.219444132 
  92.1,     7.211110859 
  92.2,     7.202366512 
  92.3,     7.193210432 
  92.4,     7.183641927 
  92.5,     7.173660273 
  92.6,     7.163264712 
  92.7,     7.152454455 
  92.8,     7.141228678 
  92.9,     7.129586526 
    93,     7.117527108 
  93.1,       7.1050495 
  93.2,     7.092152744 
  93.3,     7.078835847 
  93.4,     7.065097783 
  93.5,     7.050937487 
  93.6,     7.036353863 
  93.7,     7.021345776 
  93.8,     7.005912055 
  93.9,     6.990051495 
    94,     6.973762852 
  94.1,     6.957044844 
  94.2,     6.939896153 
  94.3,     6.922315421 
  94.4,     6.904301254 
  94.5,     6.885852216 
  94.6,     6.866966834 
  94.7,     6.847643593 
  94.8,     6.827880939 
  94.9,     6.807677275 
    95,     6.787030965 
  95.1,     6.765940328 
  95.2,     6.744403644 
  95.3,     6.722419146 
  95.4,     6.699985026 
  95.5,      6.67709943 
  95.6,      6.65376046 
  95.7,      6.62996617 
  95.8,     6.605714571 
  95.9,     6.581003625 
    96,     6.555831247 
  96.1,     6.530195301 
  96.2,     6.504093606 
  96.3,     6.477523928 
  96.4,     6.450483984 
  96.5,     6.422971438 
  96.6,     6.394983902 
  96.7,     6.366518935 
  96.8,     6.337574043 
  96.9,     6.308146676 
    97,     6.278234227 
  97.1,     6.247834034 
  97.2,     6.216943376 
  97.3,     6.185559475 
  97.4,     6.153679491 
  97.5,     6.121300524 
  97.6,     6.088419613 
  97.7,     6.055033733 
  97.8,     6.021139794 
  97.9,     5.986734644 
    98,     5.951815061 
  98.1,     5.916377757 
  98.2,     5.880419374 
  98.3,     5.843936487 
  98.4,     5.806925595 
  98.5,     5.769383127 
  98.6,     5.731305437 
  98.7,     5.692688804 
  98.8,      5.65352943 
  98.9,     5.613823436 
    99,     5.573566866 
  99.1,     5.532755681 
  99.2,     5.491385759 
  99.3,     5.449452894 
  99.4,     5.406952792 
  99.5,     5.363881072 
  99.6,     5.320233262 
  99.7,     5.276004799 
  99.8,     5.231191027 
  99.9,     5.185787193 
   100,     5.139788447 
 100.1,     5.093189841 
 100.2,     5.045986325 
 100.3,     4.998172746 
 100.4,     4.949743843 
 100.5,     4.900694251 
 100.6,     4.851018492 
 100.7,     4.800710979 
 100.8,     4.749766009 
 100.9,     4.698177763 
   101,     4.645940302 
 101.1,     4.593047566 
 101.2,     4.539493371 
 101.3,     4.485271409 
 101.4,     4.430375239 
 101.5,     4.374798292 
 101.6,     4.318533863 
 101.7,     4.261575111 
 101.8,     4.203915055 
 101.9,     4.145546572 
   102,     4.086462394 
 102.1,     4.026655106 
 102.2,      3.96611714 
 102.3,     3.904840778 
 102.4,     3.842818143 
 102.5,     3.780041199 
 102.6,     3.716501748 
 102.7,     3.652191428 
 102.8,     3.587101709 
 102.9,     3.521223887 
   103,      3.45454909 
 103.1,     3.387068263 
 103.2,     3.318772177 
 103.3,     3.249651418 
 103.4,     3.179696388 
 103.5,     3.108897302 
 103.6,     3.037244186 
 103.7,     2.964726871 
 103.8,     2.891334996 
 103.9,     2.817058004 
   104,     2.741885138 
 104.1,     2.665805443 
 104.2,      2.58880776 
 104.3,     2.510880731 
 104.4,     2.432012793 
 104.5,     2.352192179 
 104.6,     2.271406919 
 104.7,     2.189644842 
 104.8,     2.106893573 
 104.9,     2.023140537 
   105,     1.938372962 
 105.1,     1.852577881 
 105.2,     1.765742136 
 105.3,     1.677852383 
 105.4,     1.588895099 
 105.5,     1.498856589 
 105.6,     1.407722991 
 105.7,     1.315480292 
 105.8,     1.222114335 
 105.9,     1.127610833 
   106,     1.031955387 
 106.1,    0.9351335001 
 106.2,    0.8371306017 
 106.3,    0.7379320668 
 106.4,    0.6375232438 
 106.5,    0.5358894837 
 106.6,    0.4330161731 
 106.7,    0.3288887719 
 106.8,    0.2234928544 
 106.9,    0.1168141577 
   107,  0.008838633047 
 107.1,    -0.100447494 
 107.2,   -0.2110576582 
 107.3,   -0.3230048813 
 107.4,   -0.4363016891 
 107.5,   -0.5509600209 
 107.6,   -0.6669911273 
 107.7,   -0.7844054575 
 107.8,   -0.9032125333 
 107.9,    -1.023420809 
   108,    -1.145037519 
 108.1,    -1.268068504 
 108.2,     -1.39251802 
 108.3,    -1.518388532 
 108.4,     -1.64568048 
 108.5,     -1.77439202 
 108.6,    -1.904518744 
 108.7,    -2.036053368 
 108.8,    -2.168985383 
 108.9,    -2.303300685 
   109,    -2.438981154 
 109.1,    -2.576004199 
 109.2,    -2.714342263 
 109.3,    -2.853962275 
 109.4,    -2.994825055 
 109.5,     -3.13688467 
 109.6,    -3.280087733 
 109.7,    -3.424372641 
 109.8,    -3.569668757 
 109.9,    -3.715895532 
   110,    -3.862961567 
 110.1,    -4.010763608 
 110.2,    -4.159185493 
 110.3,    -4.308097045 
 110.4,     -4.45735291 
 110.5,    -4.606791374 
 110.6,    -4.756233146 
 110.7,    -4.905480148 
 110.8,    -5.054314319 
 110.9,    -5.202496466 
   111,    -5.349765205 
 111.1,    -5.495836025 
 111.2,    -5.640400522 
 111.3,    -5.783125872 
 111.4,    -5.923654594 
 111.5,     -6.06160468 
 111.6,    -6.196570161 
 111.7,    -6.328122194 
 111.8,    -6.455810736 
 111.9,    -6.579166889 
   112,    -6.697705963 
 112.1,     -6.81093132 
 112.2,    -6.918339003 
 112.3,    -7.019423164 
 112.4,     -7.11368223 
 112.5,    -7.200625741 
 112.6,    -7.279781713 
 112.7,    -7.350704371 
 112.8,    -7.412982025 
 112.9,    -7.466244829 
   113,    -7.510172169 
 113.1,    -7.544499358 
 113.2,    -7.569023398 
 113.3,    -7.583607511 
 113.4,    -7.588184269 
 113.5,    -7.582757149 
 113.6,    -7.567400448 
 113.7,    -7.542257564 
 113.8,     -7.50753772 
 113.9,    -7.463511287 
   114,    -7.410503927 
 114.1,    -7.348889804 
 114.2,    -7.279084154 
 114.3,    -7.201535495 
 114.4,    -7.116717757 
 114.5,     -7.02512258 
 114.6,    -6.927251992 
 114.7,    -6.823611639 
 114.8,    -6.714704685 
 114.9,    -6.601026474 
   115,    -6.483059968 
 115.1,    -6.361271997 
 115.2,     -6.23611026 
 115.3,    -6.108001059 
 115.4,    -5.977347684 
 115.5,    -5.844529387 
 115.6,    -5.709900856 
 115.7,    -5.573792133 
 115.8,    -5.436508882 
 115.9,    -5.298332939 
   116,    -5.159523105 
 116.1,    -5.020316086 
 116.2,    -4.880927575 
 116.3,    -4.741553399 
 116.4,    -4.602370719 
 116.5,    -4.463539246 
 116.6,    -4.325202447 
 116.7,    -4.187488739 
 116.8,    -4.050512632 
 116.9,    -3.914375838 
   117,     -3.77916832 
 117.1,    -3.644969288 
 117.2,    -3.511848131 
 117.3,    -3.379865288 
 117.4,    -3.249073066 
 117.5,    -3.119516388 
 117.6,     -2.99123349 
 117.7,    -2.864256563 
 117.8,    -2.738612343 
 117.9,    -2.614322648 
   118,    -2.491404874 
 118.1,    -2.369872448 
 118.2,    -2.249735234 
 118.3,    -2.130999913 
 118.4,    -2.013670321 
 118.5,    -1.897747756 
 118.6,    -1.783231263 
 118.7,    -1.670117883 
 118.8,    -1.558402888 
 118.9,    -1.448079984 
   119,    -1.339141504 
 119.1,    -1.231578572 
 119.2,    -1.125381261 
 119.3,    -1.020538729 
 119.4,   -0.9170393438 
 119.5,   -0.8148707934 
 119.6,   -0.7140201884 
 119.7,   -0.6144741516 
 119.8,   -0.5162188994 
 119.9,   -0.4192403143 
   120,   -0.3235240101 
 120.1,   -0.2290553905 
 120.2,   -0.1358197009 
 120.3,  -0.04380207513 
 120.4,   0.04701242313 
 120.5,    0.1366387636 
 120.6,    0.2250919166 
 120.7,    0.3123868237 
 120.8,    0.3985383724 
 120.9,    0.4835613738 
   121,    0.5674705419 
 121.1,    0.6502804768 
 121.2,    0.7320056493 
 121.3,    0.8126603878 
 121.4,    0.8922588667 
 121.5,    0.9708150965 
 121.6,     1.048342916 
 121.7,     1.124855985 
 121.8,     1.200367779 
 121.9,     1.274891582 
   122,     1.348440486 
 122.1,     1.421027386 
 122.2,     1.492664978 
 122.3,     1.563365758 
 122.4,     1.633142021 
 122.5,     1.702005859 
 122.6,     1.769969164 
 122.7,     1.837043624 
 122.8,     1.903240728 
 122.9,     1.968571766 
   123,     2.033047831 
 123.1,     2.096679816 
 123.2,     2.159478423 
 123.3,      2.22145416 
 123.4,     2.282617347 
 123.5,     2.342978113 
 123.6,     2.402546405 
 123.7,     2.461331986 
 123.8,      2.51934444 
 123.9,     2.576593173 
   124,     2.633087417 
 124.1,     2.688836234 
 124.2,     2.743848515 
 124.3,     2.798132987 
 124.4,     2.851698216 
 124.5,     2.904552605 
 124.6,     2.956704403 
 124.7,     3.008161703 
 124.8,     3.058932449 
 124.9,     3.109024436 
   125,     3.158445313 
 125.1,     3.207202589 
 125.2,     3.255303631 
 125.3,     3.302755672 
 125.4,     3.349565807 
 125.5,     3.395741004 
 125.6,     3.441288099 
 125.7,     3.486213803 
 125.8,     3.530524706 
 125.9,     3.574227273 
   126,     3.617327853 
 126.1,     3.659832678 
 126.2,     3.701747867 
 126.3,     3.743079429 
 126.4,      3.78383326 
 126.5,     3.824015155 
 126.6,     3.863630799 
 126.7,     3.902685779 
 126.8,     3.941185579 
 126.9,     3.979135588 
   127,     4.016541094 
 127.1,     4.053407297 
 127.2,       4.0897393 
 127.3,      4.12554212 
 127.4,     4.160820681 
 127.5,     4.195579825 
 127.6,     4.229824308 
 127.7,     4.263558801 
 127.8,     4.296787896 
 127.9,     4.329516105 
   128,     4.361747863 
 128.1,     4.393487526 
 128.2,     4.424739379 
 128.3,     4.455507631 
 128.4,     4.485796421 
 128.5,     4.515609816 
 128.6,     4.544951815 
 128.7,     4.573826351 
 128.8,     4.602237289 
 128.9,     4.630188429 
   129,     4.657683511 
 129.1,     4.684726209 
 129.2,     4.711320137 
 129.3,      4.73746885 
 129.4,     4.763175845 
 129.5,     4.788444561 
 129.6,      4.81327838 
 129.7,     4.837680629 
 129.8,     4.861654582 
 129.9,      4.88520346 
   130,      4.90833043 
 130.1,     4.931038611 
 130.2,     4.953331069 
 130.3,     4.975210823 
 130.4,     4.996680844 
 130.5,     5.017744054 
 130.6,      5.03840333 
 130.7,     5.058661504 
 130.8,     5.078521362 
 130.9,     5.097985648 
   131,     5.117057061 
 131.1,     5.135738259 
 131.2,      5.15403186 
 131.3,     5.171940439 
 131.4,     5.189466532 
 131.5,     5.206612637 
 131.6,     5.223381212 
 131.7,     5.239774679 
 131.8,      5.25579542 
 131.9,     5.271445785 
   132,     5.286728084 
 132.1,     5.301644595 
 132.2,      5.31619756 
 132.3,     5.330389188 
 132.4,     5.344221653 
 132.5,     5.357697098 
 132.6,     5.370817635 
 132.7,     5.383585341 
 132.8,     5.396002264 
 132.9,     5.408070422 
   133,     5.419791803 
 133.1,     5.431168365 
 133.2,     5.442202035 
 133.3,     5.452894716 
 133.4,     5.463248279 
 133.5,      5.47326457 
 133.6,     5.482945407 
 133.7,     5.492292581 
 133.8,     5.501307857 
 133.9,     5.509992975 
   134,     5.518349648 
 134.1,     5.526379566 
 134.2,     5.534084394 
 134.3,     5.541465771 
 134.4,     5.548525315 
 134.5,      5.55526462 
 134.6,     5.561685254 
 134.7,     5.567788766 
 134.8,     5.573576682 
 134.9,     5.579050504 
   135,     5.584211715 
 135.1,     5.589061775 
 135.2,     5.593602124 
 135.3,      5.59783418 
 135.4,     5.601759342 
 135.5,     5.605378989 
 135.6,      5.60869448 
 135.7,     5.611707153 
 135.8,     5.614418329 
 135.9,      5.61682931 
   136,     5.618941378 
 136.1,     5.620755798 
 136.2,     5.622273816 
 136.3,     5.623496661 
 136.4,     5.624425544 
 136.5,     5.625061658 
 136.6,     5.625406181 
 136.7,     5.625460272 
 136.8,     5.625225075 
 136.9,     5.624701716 
   137,     5.623891306 
 137.1,     5.622794941 
 137.2,     5.621413699 
 137.3,     5.619748645 
 137.4,     5.617800826 
 137.5,     5.615571277 
 137.6,     5.613061015 
 137.7,     5.610271046 
 137.8,     5.607202357 
 137.9,     5.603855924 
   138,     5.600232709 
 138.1,     5.596333659 
 138.2,     5.592159706 
 138.3,      5.58771177 
 138.4,     5.582990759 
 138.5,     5.577997564 
 138.6,     5.572733067 
 138.7,     5.567198133 
 138.8,     5.561393619 
 138.9,     5.555320365 
   139,     5.548979201 
 139.1,     5.542370944 
 139.2,     5.535496399 
 139.3,     5.528356359 
 139.4,     5.520951605 
 139.5,     5.513282906 
 139.6,     5.505351021 
 139.7,     5.497156695 
 139.8,     5.488700663 
 139.9,      5.47998365 
   140,     5.471006368 
 140.1,     5.461769519 
 140.2,     5.452273794 
 140.3,     5.442519873 
 140.4,     5.432508427 
 140.5,     5.422240113 
 140.6,     5.411715582 
 140.7,     5.400935471 
 140.8,      5.38990041 
 140.9,     5.378611017 
   141,     5.367067901 
 141.1,      5.35527166 
 141.2,     5.343222883 
 141.3,      5.33092215 
 141.4,     5.318370031 
 141.5,     5.305567087 
 141.6,     5.292513868 
 141.7,     5.279210917 
 141.8,     5.265658766 
 141.9,     5.251857939 
   142,     5.237808952 
 142.1,      5.22351231 
 142.2,      5.20896851 
 142.3,     5.194178041 
 142.4,     5.179141383 
 142.5,     5.163859007 
 142.6,     5.148331376 
 142.7,     5.132558944 
 142.8,     5.116542158 
 142.9,     5.100281456 
   143,     5.083777267 
 143.1,     5.067030014 
 143.2,      5.05004011 
 143.3,     5.032807961 
 143.4,     5.015333965 
 143.5,     4.997618512 
 143.6,     4.979661985 
 143.7,     4.961464759 
 143.8,     4.943027201 
 143.9,      4.92434967 
   144,     4.905432519 
 144.1,     4.886276093 
 144.2,     4.866880729 
 144.3,     4.847246759 
 144.4,     4.827374504 
 144.5,      4.80726428 
 144.6,     4.786916398 
 144.7,     4.766331158 
 144.8,     4.745508856 
 144.9,     4.724449779 
   145,     4.703154209 
 145.1,     4.681622419 
 145.2,     4.659854679 
 145.3,     4.637851248 
 145.4,     4.615612381 
 145.5,     4.593138325 
 145.6,     4.570429322 
 145.7,     4.547485607 
 145.8,     4.524307408 
 145.9,     4.500894946 
   146,     4.477248438 
 146.1,     4.453368093 
 146.2,     4.429254113 
 146.3,     4.404906697 
 146.4,     4.380326035 
 146.5,     4.355512311 
 146.6,     4.330465705 
 146.7,     4.305186389 
 146.8,     4.279674531 
 146.9,     4.253930291 
   147,     4.227953825 
 147.1,     4.201745282 
 147.2,     4.175304806 
 147.3,     4.148632535 
 147.4,     4.121728601 
 147.5,     4.094593131 
 147.6,     4.067226248 
 147.7,     4.039628065 
 147.8,     4.011798695 
 147.9,     3.983738242 
   148,     3.955446805 
 148.1,     3.926924479 
 148.2,     3.898171353 
 148.3,     3.869187512 
 148.4,     3.839973033 
 148.5,     3.810527991 
 148.6,     3.780852454 
 148.7,     3.750946486 
 148.8,     3.720810145 
 148.9,     3.690443485 
   149,     3.659846556 
 149.1,       3.6290194 
 149.2,     3.597962058 
 149.3,     3.566674564 
 149.4,     3.535156948 
 149.5,     3.503409235 
 149.6,     3.471431446 
 149.7,     3.439223597 
 149.8,       3.4067857 
 149.9,     3.374117763 
   150,     3.341219788 
 150.1,     3.308091775 
 150.2,     3.274733717 
 150.3,     3.241145606 
 150.4,     3.207327427 
 150.5,     3.173279162 
 150.6,     3.139000791 
 150.7,     3.104492286 
 150.8,     3.069753618 
 150.9,     3.034784754 
   151,     2.999585657 
 151.1,     2.964156285 
 151.2,     2.928496595 
 151.3,     2.892606537 
 151.4,      2.85648606 
 151.5,     2.820135109 
 151.6,     2.783553625 
 151.7,     2.746741548 
 151.8,     2.709698811 
 151.9,     2.672425347 
   152,     2.634921084 
 152.1,     2.597185949 
 152.2,     2.559219863 
 152.3,     2.521022748 
 152.4,      2.48259452 
 152.5,     2.443935094 
 152.6,     2.405044382 
 152.7,     2.365922294 
 152.8,     2.326568736 
 152.9,     2.286983614 
   153,      2.24716683 
 153.1,     2.207118283 
 153.2,     2.166837874 
 153.3,     2.126325497 
 153.4,     2.085581048 
 153.5,      2.04460442 
 153.6,     2.003395503 
 153.7,     1.961954188 
 153.8,     1.920280362 
 153.9,     1.878373912 
   154,     1.836234725 
 154.1,     1.793862686 
 154.2,     1.751257677 
 154.3,     1.708419582 
 154.4,     1.665348283 
 154.5,     1.622043662 
 154.6,     1.578505601 
 154.7,      1.53473398 
 154.8,     1.490728681 
 154.9,     1.446489584 
   155,      1.40201657 
 155.1,     1.357309522 
 155.2,      1.31236832 
 155.3,     1.267192848 
 155.4,     1.221782989 
 155.5,     1.176138628 
 155.6,     1.130259649 
 155.7,     1.084145939 
 155.8,     1.037797388 
 155.9,    0.9912138842 
   156,    0.9443953207 
 156.1,    0.8973415911 
 156.2,    0.8500525918 
 156.3,    0.8025282216 
 156.4,     0.754768382 
 156.5,    0.7067729777 
 156.6,     0.658541916 
 156.7,    0.6100751083 
 156.8,     0.561372469 
 156.9,    0.5124339168 
   157,    0.4632593744 
 157.1,    0.4138487688 
 157.2,    0.3642020316 
 157.3,    0.3143190996 
 157.4,    0.2641999145 
 157.5,    0.2138444237 
 157.6,    0.1632525803 
 157.7,    0.1124243431 
 157.8,   0.06135967806 
 157.9,   0.01005855712 
   158,  -0.04147904041 
 158.1,  -0.09325312797 
 158.2,   -0.1452637113 
 158.3,   -0.1975107881 
 158.4,   -0.2499943476 
 158.5,   -0.3027143704 
 158.6,   -0.3556708278 
 158.7,   -0.4088636816 
 158.8,   -0.4622928839 
 158.9,   -0.5159583761 
   159,   -0.5698600889 
 159.1,   -0.6239979422 
 159.2,   -0.6783718437 
 159.3,   -0.7329816894 
 159.4,   -0.7878273626 
 159.5,   -0.8429087336 
 159.6,   -0.8982256593 
 159.7,   -0.9537779823 
 159.8,    -1.009565531 
 159.9,    -1.065588119 
   160,    -1.121845542 
 160.1,    -1.178337584 
 160.2,    -1.235064008 
 160.3,    -1.292024562 
 160.4,    -1.349218976 
 160.5,     -1.40664696 
 160.6,    -1.464308206 
 160.7,    -1.522202386 
 160.8,    -1.580329152 
 160.9,    -1.638688135 
   161,    -1.697278942 
 161.1,     -1.75610116 
 161.2,    -1.815154351 
 161.3,    -1.874438056 
 161.4,    -1.933951786 
 161.5,    -1.993695031 
 161.6,    -2.053667254 
 161.7,    -2.113867888 
 161.8,     -2.17429634 
 161.9,     -2.23495199 
   162,    -2.295834183 
 162.1,    -2.356942238 
 162.2,    -2.418275441 
 162.3,    -2.479833045 
 162.4,    -2.541614269 
 162.5,    -2.603618298 
 162.6,    -2.665844282 
 162.7,    -2.728291333 
 162.8,    -2.790958527 
 162.9,    -2.853844899 
   163,    -2.916949447 
 163.1,    -2.980271125 
 163.2,    -3.043808846 
 163.3,     -3.10756148 
 163.4,    -3.171527852 
 163.5,    -3.235706741 
 163.6,    -3.300096878 
 163.7,    -3.364696947 
 163.8,    -3.429505581 
 163.9,    -3.494521363 
   164,    -3.559742821 
 164.1,     -3.62516843 
 164.2,    -3.690796612 
 164.3,    -3.756625728 
 164.4,    -3.822654084 
 164.5,    -3.888879922 
 164.6,    -3.955301426 
 164.7,    -4.021916714 
 164.8,    -4.088723841 
 164.9,    -4.155720794 
   165,    -4.222905493 
 165.1,    -4.290275786 
 165.2,    -4.357829451 
 165.3,     -4.42556419 
 165.4,    -4.493477632 
 165.5,    -4.561567326 
 165.6,    -4.629830745 
 165.7,    -4.698265276 
 165.8,    -4.766868227 
 165.9,    -4.835636817 
   166,    -4.904568181 
 166.1,    -4.973659362 
 166.2,    -5.042907313 
 166.3,    -5.112308891 
 166.4,    -5.181860858 
 166.5,     -5.25155988 
 166.6,    -5.321402519 
 166.7,    -5.391385237 
 166.8,    -5.461504389 
 166.9,    -5.531756223 
   167,    -5.602136878 
 167.1,    -5.672642379 
 167.2,    -5.743268639 
 167.3,    -5.814011452 
 167.4,    -5.884866492 
 167.5,    -5.955829312 
 167.6,    -6.026895339 
 167.7,    -6.098059876 
 167.8,    -6.169318091 
 167.9,    -6.240665025 
   168,    -6.312095579 
 168.1,    -6.383604521 
 168.2,    -6.455186476 
 168.3,    -6.526835925 
 168.4,    -6.598547208 
 168.5,    -6.670314511 
 168.6,    -6.742131874 
 168.7,     -6.81399318 
 168.8,    -6.885892159 
 168.9,     -6.95782238 
   169,     -7.02977725 
 169.1,    -7.101750015 
 169.2,    -7.173733752 
 169.3,    -7.245721369 
 169.4,    -7.317705603 
 169.5,    -7.389679017 
 169.6,    -7.461633996 
 169.7,    -7.533562748 
 169.8,    -7.605457298 
 169.9,    -7.677309488 
   170,    -7.749110973 
 170.1,    -7.820853223 
 170.2,    -7.892527513 
 170.3,    -7.964124931 
 170.4,    -8.035636365 
 170.5,    -8.107052513 
 170.6,    -8.178363871 
 170.7,    -8.249560738 
 170.8,     -8.32063321 
 170.9,    -8.391571183 
   171,    -8.462364349 
 171.1,    -8.533002194 
 171.2,       -8.603474 
 171.3,    -8.673768842 
 171.4,    -8.743875589 
 171.5,    -8.813782901 
 171.6,    -8.883479232 
 171.7,    -8.952952827 
 171.8,    -9.022191726 
 171.9,    -9.091183759 
   172,    -9.159916552 
 172.1,    -9.228377523 
 172.2,    -9.296553887 
 172.3,    -9.364432656 
 172.4,     -9.43200064 
 172.5,    -9.499244449 
 172.6,    -9.566150497 
 172.7,    -9.632705002 
 172.8,     -9.69889399 
 172.9,    -9.764703299 
   173,    -9.830118581 
 173.1,    -9.895125305 
 173.2,    -9.959708766 
 173.3,    -10.02385408 
 173.4,     -10.0875462 
 173.5,    -10.15076992 
 173.6,    -10.21350987 
 173.7,    -10.27575052 
 173.8,    -10.33747622 
 173.9,    -10.39867116 
   174,     -10.4593194 
 174.1,    -10.51940489 
 174.2,    -10.57891147 
 174.3,    -10.63782284 
 174.4,    -10.69612263 
 174.5,    -10.75379438 
 174.6,    -10.81082155 
 174.7,    -10.86718751 
 174.8,    -10.92287559 
 174.9,    -10.97786908 
   175,    -11.03215122 
 175.1,    -11.08570523 
 175.2,    -11.13851431 
 175.3,    -11.19056166 
 175.4,    -11.24183051 
 175.5,     -11.2923041 
 175.6,    -11.34196571 
 175.7,    -11.39079867 
 175.8,    -11.43878639 
 175.9,    -11.48591234 
   176,    -11.53216011 
 176.1,    -11.57751339 
 176.2,    -11.62195598 
 176.3,    -11.66547186 
 176.4,    -11.70804512 
 176.5,    -11.74966005 
 176.6,    -11.79030113 
 176.7,    -11.82995303 
 176.8,    -11.86860064 
 176.9,    -11.90622912 
   177,    -11.94282382 
 177.1,    -11.97837042 
 177.2,    -12.01285484 
 177.3,    -12.04626333 
 177.4,    -12.07858243 
 177.5,    -12.10979903 
 177.6,    -12.13990036 
 177.7,    -12.16887401 
 177.8,    -12.19670794 
 177.9,    -12.22339053 
   178,    -12.24891054 
 178.1,    -12.27325715 
 178.2,    -12.29641998 
 178.3,     -12.3183891 
 178.4,    -12.33915504 
 178.5,    -12.35870879 
 178.6,    -12.37704183 
 178.7,    -12.39414615 
 178.8,    -12.41001422 
 178.9,    -12.42463903 
   179,    -12.43801412 
 179.1,    -12.45013353 
 179.2,    -12.46099186 
 179.3,    -12.47058426 
 179.4,    -12.47890642 
 179.5,     -12.4859546 
 179.6,    -12.49172564 
 179.7,    -12.49621693 
 179.8,    -12.49942644 
 179.9,    -12.50135273 
   180,    -12.50199493 
 180.1,    -12.50135273 
 180.2,    -12.49942644 
 180.3,    -12.49621693 
 180.4,    -12.49172564 
 180.5,     -12.4859546 
 180.6,    -12.47890642 
 180.7,    -12.47058426 
 180.8,    -12.46099186 
 180.9,    -12.45013353 
   181,    -12.43801412 
 181.1,    -12.42463903 
 181.2,    -12.41001422 
 181.3,    -12.39414615 
 181.4,    -12.37704183 
 181.5,    -12.35870879 
 181.6,    -12.33915504 
 181.7,     -12.3183891 
 181.8,    -12.29641998 
 181.9,    -12.27325715 
   182,    -12.24891054 
 182.1,    -12.22339053 
 182.2,    -12.19670795 
 182.3,    -12.16887401 
 182.4,    -12.13990036 
 182.5,    -12.10979903 
 182.6,    -12.07858243 
 182.7,    -12.04626333 
 182.8,    -12.01285484 
 182.9,    -11.97837042 
   183,    -11.94282382 
 183.1,    -11.90622912 
 183.2,    -11.86860065 
 183.3,    -11.82995303 
 183.4,    -11.79030113 
 183.5,    -11.74966005 
 183.6,    -11.70804512 
 183.7,    -11.66547186 
 183.8,    -11.62195599 
 183.9,    -11.57751339 
   184,    -11.53216011 
 184.1,    -11.48591234 
 184.2,    -11.43878639 
 184.3,    -11.39079867 
 184.4,    -11.34196571 
 184.5,     -11.2923041 
 184.6,    -11.24183051 
 184.7,    -11.19056166 
 184.8,    -11.13851431 
 184.9,    -11.08570523 
   185,    -11.03215122 
 185.1,    -10.97786909 
 185.2,    -10.92287559 
 185.3,    -10.86718751 
 185.4,    -10.81082155 
 185.5,    -10.75379439 
 185.6,    -10.69612263 
 185.7,    -10.63782284 
 185.8,    -10.57891147 
 185.9,     -10.5194049 
   186,     -10.4593194 
 186.1,    -10.39867116 
 186.2,    -10.33747622 
 186.3,    -10.27575052 
 186.4,    -10.21350987 
 186.5,    -10.15076992 
 186.6,    -10.08754621 
 186.7,    -10.02385408 
 186.8,    -9.959708768 
 186.9,    -9.895125308 
   187,    -9.830118583 
 187.1,    -9.764703301 
 187.2,    -9.698893993 
 187.3,    -9.632705004 
 187.4,    -9.566150499 
 187.5,    -9.499244451 
 187.6,    -9.432000642 
 187.7,    -9.364432658 
 187.8,    -9.296553889 
 187.9,    -9.228377525 
   188,    -9.159916554 
 188.1,    -9.091183762 
 188.2,    -9.022191729 
 188.3,     -8.95295283 
 188.4,    -8.883479234 
 188.5,    -8.813782903 
 188.6,    -8.743875591 
 188.7,    -8.673768844 
 188.8,    -8.603474002 
 188.9,    -8.533002196 
   189,    -8.462364351 
 189.1,    -8.391571186 
 189.2,    -8.320633213 
 189.3,     -8.24956074 
 189.4,    -8.178363874 
 189.5,    -8.107052515 
 189.6,    -8.035636368 
 189.7,    -7.964124933 
 189.8,    -7.892527516 
 189.9,    -7.820853225 
   190,    -7.749110976 
 190.1,     -7.67730949 
 190.2,      -7.6054573 
 190.3,     -7.53356275 
 190.4,    -7.461633998 
 190.5,    -7.389679019 
 190.6,    -7.317705605 
 190.7,    -7.245721371 
 190.8,    -7.173733754 
 190.9,    -7.101750018 
   191,    -7.029777253 
 191.1,    -6.957822382 
 191.2,    -6.885892161 
 191.3,    -6.813993183 
 191.4,    -6.742131876 
 191.5,    -6.670314514 
 191.6,     -6.59854721 
 191.7,    -6.526835928 
 191.8,    -6.455186478 
 191.9,    -6.383604524 
   192,    -6.312095582 
 192.1,    -6.240665027 
 192.2,    -6.169318094 
 192.3,    -6.098059878 
 192.4,    -6.026895342 
 192.5,    -5.955829314 
 192.6,    -5.884866494 
 192.7,    -5.814011454 
 192.8,    -5.743268641 
 192.9,    -5.672642382 
   193,     -5.60213688 
 193.1,    -5.531756225 
 193.2,    -5.461504391 
 193.3,    -5.391385239 
 193.4,    -5.321402522 
 193.5,    -5.251559882 
 193.6,    -5.181860861 
 193.7,    -5.112308893 
 193.8,    -5.042907315 
 193.9,    -4.973659364 
   194,    -4.904568183 
 194.1,    -4.835636819 
 194.2,    -4.766868229 
 194.3,    -4.698265278 
 194.4,    -4.629830747 
 194.5,    -4.561567329 
 194.6,    -4.493477634 
 194.7,    -4.425564192 
 194.8,    -4.357829453 
 194.9,    -4.290275788 
   195,    -4.222905495 
 195.1,    -4.155720796 
 195.2,    -4.088723843 
 195.3,    -4.021916716 
 195.4,    -3.955301428 
 195.5,    -3.888879924 
 195.6,    -3.822654086 
 195.7,    -3.756625731 
 195.8,    -3.690796614 
 195.9,    -3.625168432 
   196,    -3.559742823 
 196.1,    -3.494521365 
 196.2,    -3.429505584 
 196.3,    -3.364696949 
 196.4,     -3.30009688 
 196.5,    -3.235706743 
 196.6,    -3.171527854 
 196.7,    -3.107561482 
 196.8,    -3.043808848 
 196.9,    -2.980271126 
   197,    -2.916949449 
 197.1,    -2.853844901 
 197.2,    -2.790958529 
 197.3,    -2.728291335 
 197.4,    -2.665844284 
 197.5,      -2.6036183 
 197.6,    -2.541614271 
 197.7,    -2.479833047 
 197.8,    -2.418275443 
 197.9,     -2.35694224 
   198,    -2.295834185 
 198.1,    -2.234951991 
 198.2,    -2.174296342 
 198.3,     -2.11386789 
 198.4,    -2.053667256 
 198.5,    -1.993695033 
 198.6,    -1.933951788 
 198.7,    -1.874438057 
 198.8,    -1.815154353 
 198.9,    -1.756101161 
   199,    -1.697278943 
 199.1,    -1.638688136 
 199.2,    -1.580329154 
 199.3,    -1.522202388 
 199.4,    -1.464308208 
 199.5,    -1.406646961 
 199.6,    -1.349218978 
 199.7,    -1.292024564 
 199.8,     -1.23506401 
 199.9,    -1.178337586 
   200,    -1.121845544 
 200.1,     -1.06558812 
 200.2,    -1.009565533 
 200.3,   -0.9537779839 
 200.4,   -0.8982256608 
 200.5,   -0.8429087352 
 200.6,   -0.7878273641 
 200.7,   -0.7329816909 
 200.8,   -0.6783718451 
 200.9,   -0.6239979436 
   201,   -0.5698600904 
 201.1,   -0.5159583775 
 201.2,   -0.4622928853 
 201.3,    -0.408863683 
 201.4,   -0.3556708292 
 201.5,   -0.3027143717 
 201.6,   -0.2499943489 
 201.7,   -0.1975107894 
 201.8,   -0.1452637127 
 201.9,  -0.09325312927 
   202,  -0.04147904176 
 202.1,   0.01005855585 
 202.2,   0.06135967676 
 202.3,    0.1124243418 
 202.4,     0.163252579 
 202.5,    0.2138444225 
 202.6,    0.2641999133 
 202.7,    0.3143190983 
 202.8,    0.3642020304 
 202.9,    0.4138487675 
   203,    0.4632593732 
 203.1,    0.5124339156 
 203.2,    0.5613724679 
 203.3,    0.6100751071 
 203.4,    0.6585419149 
 203.5,    0.7067729765 
 203.6,    0.7547683809 
 203.7,    0.8025282204 
 203.8,    0.8500525907 
 203.9,      0.89734159 
   204,    0.9443953196 
 204.1,    0.9912138832 
 204.2,     1.037797387 
 204.3,     1.084145938 
 204.4,     1.130259648 
 204.5,     1.176138627 
 204.6,     1.221782988 
 204.7,     1.267192847 
 204.8,     1.312368319 
 204.9,     1.357309521 
   205,     1.402016569 
 205.1,     1.446489583 
 205.2,      1.49072868 
 205.3,     1.534733979 
 205.4,       1.5785056 
 205.5,     1.622043661 
 205.6,     1.665348282 
 205.7,     1.708419581 
 205.8,     1.751257676 
 205.9,     1.793862685 
   206,     1.836234724 
 206.1,     1.878373911 
 206.2,     1.920280361 
 206.3,     1.961954187 
 206.4,     2.003395502 
 206.5,     2.044604419 
 206.6,     2.085581047 
 206.7,     2.126325496 
 206.8,     2.166837873 
 206.9,     2.207118282 
   207,     2.247166829 
 207.1,     2.286983613 
 207.2,     2.326568736 
 207.3,     2.365922293 
 207.4,     2.405044382 
 207.5,     2.443935093 
 207.6,     2.482594519 
 207.7,     2.521022747 
 207.8,     2.559219862 
 207.9,     2.597185948 
   208,     2.634921083 
 208.1,     2.672425346 
 208.2,      2.70969881 
 208.3,     2.746741547 
 208.4,     2.783553625 
 208.5,     2.820135108 
 208.6,     2.856486059 
 208.7,     2.892606536 
 208.8,     2.928496594 
 208.9,     2.964156285 
   209,     2.999585657 
 209.1,     3.034784754 
 209.2,     3.069753618 
 209.3,     3.104492285 
 209.4,      3.13900079 
 209.5,     3.173279162 
 209.6,     3.207327426 
 209.7,     3.241145605 
 209.8,     3.274733717 
 209.9,     3.308091774 
   210,     3.341219788 
 210.1,     3.374117762 
 210.2,       3.4067857 
 210.3,     3.439223596 
 210.4,     3.471431445 
 210.5,     3.503409234 
 210.6,     3.535156947 
 210.7,     3.566674563 
 210.8,     3.597962057 
 210.9,       3.6290194 
   211,     3.659846555 
 211.1,     3.690443485 
 211.2,     3.720810145 
 211.3,     3.750946485 
 211.4,     3.780852454 
 211.5,     3.810527991 
 211.6,     3.839973033 
 211.7,     3.869187511 
 211.8,     3.898171353 
 211.9,     3.926924479 
   212,     3.955446804 
 212.1,     3.983738241 
 212.2,     4.011798695 
 212.3,     4.039628065 
 212.4,     4.067226247 
 212.5,     4.094593131 
 212.6,       4.1217286 
 212.7,     4.148632534 
 212.8,     4.175304805 
 212.9,     4.201745281 
   213,     4.227953825 
 213.1,     4.253930291 
 213.2,     4.279674531 
 213.3,     4.305186389 
 213.4,     4.330465705 
 213.5,     4.355512311 
 213.6,     4.380326034 
 213.7,     4.404906697 
 213.8,     4.429254113 
 213.9,     4.453368092 
   214,     4.477248438 
 214.1,     4.500894946 
 214.2,     4.524307407 
 214.3,     4.547485607 
 214.4,     4.570429322 
 214.5,     4.593138325 
 214.6,      4.61561238 
 214.7,     4.637851247 
 214.8,     4.659854678 
 214.9,     4.681622419 
   215,     4.703154208 
 215.1,     4.724449778 
 215.2,     4.745508855 
 215.3,     4.766331158 
 215.4,     4.786916397 
 215.5,      4.80726428 
 215.6,     4.827374503 
 215.7,     4.847246758 
 215.8,     4.866880729 
 215.9,     4.886276093 
   216,     4.905432519 
 216.1,      4.92434967 
 216.2,       4.9430272 
 216.3,     4.961464759 
 216.4,     4.979661985 
 216.5,     4.997618512 
 216.6,     5.015333965 
 216.7,     5.032807961 
 216.8,      5.05004011 
 216.9,     5.067030014 
   217,     5.083777267 
 217.1,     5.100281455 
 217.2,     5.116542158 
 217.3,     5.132558943 
 217.4,     5.148331375 
 217.5,     5.163859006 
 217.6,     5.179141382 
 217.7,     5.194178041 
 217.8,      5.20896851 
 217.9,     5.223512309 
   218,     5.237808952 
 218.1,     5.251857939 
 218.2,     5.265658765 
 218.3,     5.279210916 
 218.4,     5.292513868 
 218.5,     5.305567086 
 218.6,     5.318370031 
 218.7,      5.33092215 
 218.8,     5.343222883 
 218.9,     5.355271659 
   219,     5.367067901 
 219.1,     5.378611017 
 219.2,      5.38990041 
 219.3,     5.400935471 
 219.4,     5.411715581 
 219.5,     5.422240113 
 219.6,     5.432508426 
 219.7,     5.442519873 
 219.8,     5.452273794 
 219.9,     5.461769519 
   220,     5.471006368 
 220.1,      5.47998365 
 220.2,     5.488700663 
 220.3,     5.497156694 
 220.4,      5.50535102 
 220.5,     5.513282906 
 220.6,     5.520951604 
 220.7,     5.528356359 
 220.8,     5.535496399 
 220.9,     5.542370944 
   221,     5.548979201 
 221.1,     5.555320365 
 221.2,     5.561393618 
 221.3,     5.567198133 
 221.4,     5.572733066 
 221.5,     5.577997563 
 221.6,     5.582990758 
 221.7,      5.58771177 
 221.8,     5.592159705 
 221.9,     5.596333658 
   222,     5.600232709 
 222.1,     5.603855924 
 222.2,     5.607202356 
 222.3,     5.610271045 
 222.4,     5.613061015 
 222.5,     5.615571276 
 222.6,     5.617800826 
 222.7,     5.619748644 
 222.8,     5.621413699 
 222.9,      5.62279494 
   223,     5.623891306 
 223.1,     5.624701715 
 223.2,     5.625225074 
 223.3,     5.625460272 
 223.4,     5.625406181 
 223.5,     5.625061658 
 223.6,     5.624425544 
 223.7,     5.623496661 
 223.8,     5.622273816 
 223.9,     5.620755798 
   224,     5.618941378 
 224.1,      5.61682931 
 224.2,     5.614418329 
 224.3,     5.611707152 
 224.4,     5.608694479 
 224.5,     5.605378989 
 224.6,     5.601759342 
 224.7,      5.59783418 
 224.8,     5.593602123 
 224.9,     5.589061775 
   225,     5.584211715 
 225.1,     5.579050504 
 225.2,     5.573576681 
 225.3,     5.567788766 
 225.4,     5.561685253 
 225.5,     5.555264619 
 225.6,     5.548525315 
 225.7,     5.541465771 
 225.8,     5.534084393 
 225.9,     5.526379565 
   226,     5.518349647 
 226.1,     5.509992974 
 226.2,     5.501307856 
 226.3,      5.49229258 
 226.4,     5.482945407 
 226.5,      5.47326457 
 226.6,     5.463248279 
 226.7,     5.452894715 
 226.8,     5.442202035 
 226.9,     5.431168364 
   227,     5.419791803 
 227.1,     5.408070422 
 227.2,     5.396002263 
 227.3,      5.38358534 
 227.4,     5.370817634 
 227.5,     5.357697098 
 227.6,     5.344221652 
 227.7,     5.330389187 
 227.8,      5.31619756 
 227.9,     5.301644595 
   228,     5.286728084 
 228.1,     5.271445784 
 228.2,      5.25579542 
 228.3,     5.239774678 
 228.4,     5.223381211 
 228.5,     5.206612636 
 228.6,     5.189466531 
 228.7,     5.171940438 
 228.8,     5.154031859 
 228.9,     5.135738258 
   229,      5.11705706 
 229.1,     5.097985647 
 229.2,     5.078521362 
 229.3,     5.058661503 
 229.4,      5.03840333 
 229.5,     5.017744053 
 229.6,     4.996680843 
 229.7,     4.975210823 
 229.8,     4.953331068 
 229.9,      4.93103861 
   230,     4.908330429 
 230.1,     4.885203459 
 230.2,     4.861654581 
 230.3,     4.837680628 
 230.4,     4.813278379 
 230.5,      4.78844456 
 230.6,     4.763175845 
 230.7,     4.737468849 
 230.8,     4.711320136 
 230.9,     4.684726208 
   231,      4.65768351 
 231.1,     4.630188429 
 231.2,     4.602237288 
 231.3,      4.57382635 
 231.4,     4.544951814 
 231.5,     4.515609815 
 231.6,      4.48579642 
 231.7,     4.455507631 
 231.8,     4.424739379 
 231.9,     4.393487526 
   232,     4.361747862 
 232.1,     4.329516104 
 232.2,     4.296787895 
 232.3,       4.2635588 
 232.4,     4.229824307 
 232.5,     4.195579824 
 232.6,      4.16082068 
 232.7,     4.125542119 
 232.8,     4.089739299 
 232.9,     4.053407296 
   233,     4.016541093 
 233.1,     3.979135587 
 233.2,     3.941185579 
 233.3,     3.902685778 
 233.4,     3.863630798 
 233.5,     3.824015154 
 233.6,     3.783833259 
 233.7,     3.743079428 
 233.8,     3.701747866 
 233.9,     3.659832677 
   234,     3.617327852 
 234.1,     3.574227272 
 234.2,     3.530524705 
 234.3,     3.486213802 
 234.4,     3.441288098 
 234.5,     3.395741003 
 234.6,     3.349565806 
 234.7,     3.302755671 
 234.8,      3.25530363 
 234.9,     3.207202588 
   235,     3.158445312 
 235.1,     3.109024435 
 235.2,     3.058932448 
 235.3,     3.008161702 
 235.4,     2.956704402 
 235.5,     2.904552604 
 235.6,     2.851698215 
 235.7,     2.798132986 
 235.8,     2.743848514 
 235.9,     2.688836233 
   236,     2.633087416 
 236.1,     2.576593172 
 236.2,     2.519344439 
 236.3,     2.461331985 
 236.4,     2.402546404 
 236.5,     2.342978112 
 236.6,     2.282617345 
 236.7,     2.221454159 
 236.8,     2.159478422 
 236.9,     2.096679815 
   237,     2.033047829 
 237.1,     1.968571765 
 237.2,     1.903240727 
 237.3,     1.837043622 
 237.4,     1.769969162 
 237.5,     1.702005858 
 237.6,      1.63314202 
 237.7,     1.563365757 
 237.8,     1.492664977 
 237.9,     1.421027384 
   238,     1.348440484 
 238.1,      1.27489158 
 238.2,     1.200367777 
 238.3,     1.124855984 
 238.4,     1.048342915 
 238.5,    0.9708150952 
 238.6,    0.8922588652 
 238.7,    0.8126603864 
 238.8,    0.7320056479 
 238.9,    0.6502804753 
   239,    0.5674705404 
 239.1,    0.4835613723 
 239.2,    0.3985383709 
 239.3,    0.3123868221 
 239.4,     0.225091915 
 239.5,    0.1366387621 
 239.6,   0.04701242163 
 239.7,  -0.04380207672 
 239.8,   -0.1358197025 
 239.9,   -0.2290553921 
   240,   -0.3235240117 
 240.1,   -0.4192403159 
 240.2,   -0.5162189011 
 240.3,   -0.6144741533 
 240.4,   -0.7140201901 
 240.5,   -0.8148707952 
 240.6,   -0.9170393456 
 240.7,    -1.020538731 
 240.8,    -1.125381263 
 240.9,    -1.231578574 
   241,    -1.339141506 
 241.1,    -1.448079986 
 241.2,     -1.55840289 
 241.3,    -1.670117885 
 241.4,    -1.783231265 
 241.5,    -1.897747758 
 241.6,    -2.013670323 
 241.7,    -2.130999916 
 241.8,    -2.249735236 
 241.9,     -2.36987245 
   242,    -2.491404876 
 242.1,     -2.61432265 
 242.2,    -2.738612345 
 242.3,    -2.864256565 
 242.4,    -2.991233492 
 242.5,     -3.11951639 
 242.6,    -3.249073069 
 242.7,    -3.379865291 
 242.8,    -3.511848133 
 242.9,    -3.644969291 
   243,    -3.779168323 
 243.1,    -3.914375841 
 243.2,    -4.050512635 
 243.3,    -4.187488742 
 243.4,     -4.32520245 
 243.5,    -4.463539249 
 243.6,    -4.602370722 
 243.7,    -4.741553402 
 243.8,    -4.880927578 
 243.9,    -5.020316089 
   244,    -5.159523108 
 244.1,    -5.298332943 
 244.2,    -5.436508885 
 244.3,    -5.573792137 
 244.4,    -5.709900859 
 244.5,     -5.84452939 
 244.6,    -5.977347688 
 244.7,    -6.108001063 
 244.8,    -6.236110264 
 244.9,    -6.361272001 
   245,    -6.483059972 
 245.1,    -6.601026478 
 245.2,    -6.714704689 
 245.3,    -6.823611643 
 245.4,    -6.927251996 
 245.5,    -7.025122584 
 245.6,    -7.116717761 
 245.7,    -7.201535499 
 245.8,    -7.279084158 
 245.9,    -7.348889808 
   246,    -7.410503931 
 246.1,    -7.463511291 
 246.2,    -7.507537724 
 246.3,    -7.542257568 
 246.4,    -7.567400452 
 246.5,    -7.582757153 
 246.6,    -7.588184273 
 246.7,    -7.583607515 
 246.8,    -7.569023402 
 246.9,    -7.544499362 
   247,    -7.510172172 
 247.1,    -7.466244833 
 247.2,    -7.412982028 
 247.3,    -7.350704374 
 247.4,    -7.279781716 
 247.5,    -7.200625744 
 247.6,    -7.113682233 
 247.7,    -7.019423167 
 247.8,    -6.918339006 
 247.9,    -6.810931322 
   248,    -6.697705965 
 248.1,    -6.579166891 
 248.2,    -6.455810738 
 248.3,    -6.328122196 
 248.4,    -6.196570163 
 248.5,    -6.061604682 
 248.6,    -5.923654596 
 248.7,    -5.783125874 
 248.8,    -5.640400524 
 248.9,    -5.495836026 
   249,    -5.349765206 
 249.1,    -5.202496467 
 249.2,     -5.05431432 
 249.3,    -4.905480149 
 249.4,    -4.756233146 
 249.5,    -4.606791374 
 249.6,    -4.457352911 
 249.7,    -4.308097046 
 249.8,    -4.159185494 
 249.9,    -4.010763608 
   250,    -3.862961567 
 250.1,    -3.715895533 
 250.2,    -3.569668757 
 250.3,    -3.424372641 
 250.4,    -3.280087734 
 250.5,     -3.13688467 
 250.6,    -2.994825055 
 250.7,    -2.853962275 
 250.8,    -2.714342263 
 250.9,    -2.576004199 
   251,    -2.438981154 
 251.1,    -2.303300685 
 251.2,    -2.168985383 
 251.3,    -2.036053367 
 251.4,    -1.904518744 
 251.5,     -1.77439202 
 251.6,     -1.64568048 
 251.7,    -1.518388532 
 251.8,    -1.392518019 
 251.9,    -1.268068503 
   252,    -1.145037519 
 252.1,    -1.023420809 
 252.2,   -0.9032125328 
 252.3,    -0.784405457 
 252.4,   -0.6669911268 
 252.5,   -0.5509600203 
 252.6,   -0.4363016885 
 252.7,   -0.3230048807 
 252.8,   -0.2110576577 
 252.9,   -0.1004474934 
   253,  0.008838633644 
 253.1,    0.1168141583 
 253.2,    0.2234928551 
 253.3,    0.3288887726 
 253.4,    0.4330161739 
 253.5,    0.5358894844 
 253.6,    0.6375232445 
 253.7,    0.7379320675 
 253.8,    0.8371306024 
 253.9,    0.9351335008 
   254,     1.031955387 
 254.1,     1.127610834 
 254.2,     1.222114336 
 254.3,     1.315480293 
 254.4,     1.407722992 
 254.5,      1.49885659 
 254.6,       1.5888951 
 254.7,     1.677852384 
 254.8,     1.765742136 
 254.9,     1.852577882 
   255,     1.938372963 
 255.1,     2.023140538 
 255.2,     2.106893574 
 255.3,     2.189644843 
 255.4,      2.27140692 
 255.5,     2.352192179 
 255.6,     2.432012793 
 255.7,     2.510880732 
 255.8,     2.588807761 
 255.9,     2.665805443 
   256,     2.741885139 
 256.1,     2.817058005 
 256.2,     2.891334997 
 256.3,     2.964726871 
 256.4,     3.037244186 
 256.5,     3.108897303 
 256.6,     3.179696389 
 256.7,     3.249651419 
 256.8,     3.318772178 
 256.9,     3.387068264 
   257,      3.45454909 
 257.1,     3.521223888 
 257.2,     3.587101709 
 257.3,     3.652191429 
 257.4,     3.716501749 
 257.5,     3.780041199 
 257.6,     3.842818144 
 257.7,     3.904840779 
 257.8,     3.966117141 
 257.9,     4.026655106 
   258,     4.086462395 
 258.1,     4.145546572 
 258.2,     4.203915055 
 258.3,     4.261575111 
 258.4,     4.318533864 
 258.5,     4.374798293 
 258.6,      4.43037524 
 258.7,     4.485271409 
 258.8,     4.539493372 
 258.9,     4.593047566 
   259,     4.645940302 
 259.1,     4.698177764 
 259.2,      4.74976601 
 259.3,      4.80071098 
 259.4,     4.851018493 
 259.5,     4.900694251 
 259.6,     4.949743844 
 259.7,     4.998172746 
 259.8,     5.045986326 
 259.9,     5.093189842 
   260,     5.139788448 
 260.1,     5.185787193 
 260.2,     5.231191027 
 260.3,       5.2760048 
 260.4,     5.320233263 
 260.5,     5.363881073 
 260.6,     5.406952793 
 260.7,     5.449452895 
 260.8,      5.49138576 
 260.9,     5.532755682 
   261,     5.573566866 
 261.1,     5.613823436 
 261.2,      5.65352943 
 261.3,     5.692688805 
 261.4,     5.731305438 
 261.5,     5.769383128 
 261.6,     5.806925596 
 261.7,     5.843936488 
 261.8,     5.880419375 
 261.9,     5.916377757 
   262,     5.951815061 
 262.1,     5.986734645 
 262.2,     6.021139795 
 262.3,     6.055033733 
 262.4,     6.088419614 
 262.5,     6.121300525 
 262.6,     6.153679491 
 262.7,     6.185559476 
 262.8,     6.216943377 
 262.9,     6.247834034 
   263,     6.278234228 
 263.1,     6.308146676 
 263.2,     6.337574044 
 263.3,     6.366518936 
 263.4,     6.394983903 
 263.5,     6.422971438 
 263.6,     6.450483985 
 263.7,     6.477523929 
 263.8,     6.504093607 
 263.9,     6.530195302 
   264,     6.555831247 
 264.1,     6.581003626 
 264.2,     6.605714572 
 264.3,     6.629966171 
 264.4,      6.65376046 
 264.5,     6.677099431 
 264.6,     6.699985027 
 264.7,     6.722419147 
 264.8,     6.744403644 
 264.9,     6.765940329 
   265,     6.787030965 
 265.1,     6.807677275 
 265.2,     6.827880939 
 265.3,     6.847643594 
 265.4,     6.866966835 
 265.5,     6.885852217 
 265.6,     6.904301254 
 265.7,     6.922315422 
 265.8,     6.939896153 
 265.9,     6.957044844 
   266,     6.973762852 
 266.1,     6.990051496 
 266.2,     7.005912056 
 266.3,     7.021345776 
 266.4,     7.036353863 
 266.5,     7.050937488 
 266.6,     7.065097783 
 266.7,     7.078835848 
 266.8,     7.092152744 
 266.9,       7.1050495 
   267,     7.117527108 
 267.1,     7.129586526 
 267.2,     7.141228678 
 267.3,     7.152454455 
 267.4,     7.163264712 
 267.5,     7.173660273 
 267.6,     7.183641928 
 267.7,     7.193210433 
 267.8,     7.202366512 
 267.9,     7.211110859 
   268,     7.219444132 
 268.1,     7.227366959 
 268.2,     7.234879937 
 268.3,     7.241983629 
 268.4,     7.248678567 
 268.5,     7.254965255 
 268.6,     7.260844161 
 268.7,     7.266315726 
 268.8,     7.271380357 
 268.9,     7.276038433 
   269,       7.2802903 
 269.1,     7.284136276 
 269.2,     7.287576645 
 269.3,     7.290611664 
 269.4,     7.293241559 
 269.5,     7.295466524 
 269.6,     7.297286726 
 269.7,     7.298702298 
 269.8,     7.299713346 
 269.9,     7.300319944 
   270,     7.300522139 
 270.1,     7.300319944 
 270.2,     7.299713346 
 270.3,     7.298702298 
 270.4,     7.297286726 
 270.5,     7.295466524 
 270.6,     7.293241559 
 270.7,     7.290611664 
 270.8,     7.287576645 
 270.9,     7.284136276 
   271,       7.2802903 
 271.1,     7.276038433 
 271.2,     7.271380357 
 271.3,     7.266315726 
 271.4,     7.260844161 
 271.5,     7.254965255 
 271.6,     7.248678567 
 271.7,     7.241983628 
 271.8,     7.234879937 
 271.9,     7.227366959 
   272,     7.219444132 
 272.1,     7.211110859 
 272.2,     7.202366512 
 272.3,     7.193210432 
 272.4,     7.183641927 
 272.5,     7.173660273 
 272.6,     7.163264712 
 272.7,     7.152454455 
 272.8,     7.141228678 
 272.9,     7.129586526 
   273,     7.117527108 
 273.1,       7.1050495 
 273.2,     7.092152744 
 273.3,     7.078835847 
 273.4,     7.065097783 
 273.5,     7.050937487 
 273.6,     7.036353863 
 273.7,     7.021345776 
 273.8,     7.005912055 
 273.9,     6.990051495 
   274,     6.973762852 
 274.1,     6.957044844 
 274.2,     6.939896153 
 274.3,     6.922315421 
 274.4,     6.904301254 
 274.5,     6.885852216 
 274.6,     6.866966834 
 274.7,     6.847643593 
 274.8,     6.827880939 
 274.9,     6.807677275 
   275,     6.787030965 
 275.1,     6.765940328 
 275.2,     6.744403644 
 275.3,     6.722419146 
 275.4,     6.699985026 
 275.5,      6.67709943 
 275.6,      6.65376046 
 275.7,      6.62996617 
 275.8,     6.605714571 
 275.9,     6.581003625 
   276,     6.555831247 
 276.1,     6.530195301 
 276.2,     6.504093606 
 276.3,     6.477523928 
 276.4,     6.450483984 
 276.5,     6.422971438 
 276.6,     6.394983902 
 276.7,     6.366518935 
 276.8,     6.337574043 
 276.9,     6.308146676 
   277,     6.278234227 
 277.1,     6.247834034 
 277.2,     6.216943376 
 277.3,     6.185559475 
 277.4,     6.153679491 
 277.5,     6.121300524 
 277.6,     6.088419613 
 277.7,     6.055033733 
 277.8,     6.021139794 
 277.9,     5.986734644 
   278,     5.951815061 
 278.1,     5.916377757 
 278.2,     5.880419374 
 278.3,     5.843936487 
 278.4,     5.806925595 
 278.5,     5.769383127 
 278.6,     5.731305437 
 278.7,     5.692688804 
 278.8,      5.65352943 
 278.9,     5.613823436 
   279,     5.573566866 
 279.1,     5.532755681 
 279.2,     5.491385759 
 279.3,     5.449452894 
 279.4,     5.406952792 
 279.5,     5.363881072 
 279.6,     5.320233262 
 279.7,     5.276004799 
 279.8,     5.231191027 
 279.9,     5.185787193 
   280,     5.139788447 
 280.1,     5.093189841 
 280.2,     5.045986325 
 280.3,     4.998172746 
 280.4,     4.949743843 
 280.5,      4.90069425 
 280.6,     4.851018492 
 280.7,     4.800710979 
 280.8,     4.749766009 
 280.9,     4.698177763 
   281,     4.645940302 
 281.1,     4.593047566 
 281.2,     4.539493371 
 281.3,     4.485271409 
 281.4,     4.430375239 
 281.5,     4.374798292 
 281.6,     4.318533863 
 281.7,     4.261575111 
 281.8,     4.203915055 
 281.9,     4.145546572 
   282,     4.086462394 
 282.1,     4.026655106 
 282.2,      3.96611714 
 282.3,     3.904840778 
 282.4,     3.842818143 
 282.5,     3.780041199 
 282.6,     3.716501748 
 282.7,     3.652191428 
 282.8,     3.587101709 
 282.9,     3.521223887 
   283,      3.45454909 
 283.1,     3.387068263 
 283.2,     3.318772177 
 283.3,     3.249651418 
 283.4,     3.179696388 
 283.5,     3.108897302 
 283.6,     3.037244186 
 283.7,     2.964726871 
 283.8,     2.891334996 
 283.9,     2.817058004 
   284,     2.741885138 
 284.1,     2.665805443 
 284.2,      2.58880776 
 284.3,     2.510880731 
 284.4,     2.432012793 
 284.5,     2.352192179 
 284.6,     2.271406919 
 284.7,     2.189644842 
 284.8,     2.106893573 
 284.9,     2.023140537 
   285,     1.938372962 
 285.1,     1.852577881 
 285.2,     1.765742136 
 285.3,     1.677852383 
 285.4,     1.588895099 
 285.5,     1.498856589 
 285.6,     1.407722991 
 285.7,     1.315480292 
 285.8,     1.222114335 
 285.9,     1.127610833 
   286,     1.031955387 
 286.1,    0.9351335001 
 286.2,    0.8371306017 
 286.3,    0.7379320668 
 286.4,    0.6375232438 
 286.5,    0.5358894837 
 286.6,    0.4330161731 
 286.7,    0.3288887719 
 286.8,    0.2234928544 
 286.9,    0.1168141577 
   287,  0.008838633032 
 287.1,    -0.100447494 
 287.2,   -0.2110576583 
 287.3,   -0.3230048813 
 287.4,   -0.4363016891 
 287.5,   -0.5509600209 
 287.6,   -0.6669911273 
 287.7,   -0.7844054576 
 287.8,   -0.9032125333 
 287.9,    -1.023420809 
   288,    -1.145037519 
 288.1,    -1.268068504 
 288.2,     -1.39251802 
 288.3,    -1.518388532 
 288.4,     -1.64568048 
 288.5,     -1.77439202 
 288.6,    -1.904518744 
 288.7,    -2.036053368 
 288.8,    -2.168985383 
 288.9,    -2.303300685 
   289,    -2.438981154 
 289.1,    -2.576004199 
 289.2,    -2.714342264 
 289.3,    -2.853962275 
 289.4,    -2.994825055 
 289.5,     -3.13688467 
 289.6,    -3.280087734 
 289.7,    -3.424372641 
 289.8,    -3.569668757 
 289.9,    -3.715895532 
   290,    -3.862961567 
 290.1,    -4.010763607 
 290.2,    -4.159185493 
 290.3,    -4.308097045 
 290.4,     -4.45735291 
 290.5,    -4.606791374 
 290.6,    -4.756233146 
 290.7,    -4.905480148 
 290.8,    -5.054314319 
 290.9,    -5.202496466 
   291,    -5.349765205 
 291.1,    -5.495836025 
 291.2,    -5.640400522 
 291.3,    -5.783125872 
 291.4,    -5.923654594 
 291.5,     -6.06160468 
 291.6,    -6.196570161 
 291.7,    -6.328122194 
 291.8,    -6.455810736 
 291.9,    -6.579166889 
   292,    -6.697705963 
 292.1,     -6.81093132 
 292.2,    -6.918339003 
 292.3,    -7.019423164 
 292.4,     -7.11368223 
 292.5,    -7.200625741 
 292.6,    -7.279781713 
 292.7,    -7.350704371 
 292.8,    -7.412982025 
 292.9,     -7.46624483 
   293,    -7.510172169 
 293.1,    -7.544499359 
 293.2,    -7.569023398 
 293.3,    -7.583607511 
 293.4,    -7.588184269 
 293.5,    -7.582757149 
 293.6,    -7.567400448 
 293.7,    -7.542257565 
 293.8,     -7.50753772 
 293.9,    -7.463511287 
   294,    -7.410503927 
 294.1,    -7.348889804 
 294.2,    -7.279084154 
 294.3,    -7.201535495 
 294.4,    -7.116717757 
 294.5,     -7.02512258 
 294.6,    -6.927251992 
 294.7,    -6.823611639 
 294.8,    -6.714704685 
 294.9,    -6.601026474 
   295,    -6.483059968 
 295.1,    -6.361271997 
 295.2,     -6.23611026 
 295.3,    -6.108001059 
 295.4,    -5.977347685 
 295.5,    -5.844529387 
 295.6,    -5.709900856 
 295.7,    -5.573792134 
 295.8,    -5.436508882 
 295.9,     -5.29833294 
   296,    -5.159523105 
 296.1,    -5.020316086 
 296.2,    -4.880927575 
 296.3,    -4.741553399 
 296.4,    -4.602370719 
 296.5,    -4.463539246 
 296.6,    -4.325202448 
 296.7,     -4.18748874 
 296.8,    -4.050512633 
 296.9,    -3.914375838 
   297,     -3.77916832 
 297.1,    -3.644969288 
 297.2,    -3.511848131 
 297.3,    -3.379865289 
 297.4,    -3.249073067 
 297.5,    -3.119516388 
 297.6,     -2.99123349 
 297.7,    -2.864256563 
 297.8,    -2.738612343 
 297.9,    -2.614322648 
   298,    -2.491404874 
 298.1,    -2.369872448 
 298.2,    -2.249735234 
 298.3,    -2.130999914 
 298.4,    -2.013670321 
 298.5,    -1.897747757 
 298.6,    -1.783231263 
 298.7,    -1.670117884 
 298.8,    -1.558402888 
 298.9,    -1.448079985 
   299,    -1.339141504 
 299.1,    -1.231578572 
 299.2,    -1.125381261 
 299.3,    -1.020538729 
 299.4,    -0.917039344 
 299.5,   -0.8148707935 
 299.6,   -0.7140201885 
 299.7,   -0.6144741518 
 299.8,   -0.5162188996 
 299.9,   -0.4192403145 
   300,   -0.3235240103 
 300.1,   -0.2290553907 
 300.2,   -0.1358197011 
 300.3,   -0.0438020753 
 300.4,   0.04701242299 
 300.5,    0.1366387634 
 300.6,    0.2250919164 
 300.7,    0.3123868235 
 300.8,    0.3985383723 
 300.9,    0.4835613736 
   301,    0.5674705418 
 301.1,    0.6502804767 
 301.2,    0.7320056492 
 301.3,    0.8126603876 
 301.4,    0.8922588665 
 301.5,    0.9708150964 
 301.6,     1.048342916 
 301.7,     1.124855985 
 301.8,     1.200367779 
 301.9,     1.274891582 
   302,     1.348440485 
 302.1,     1.421027385 
 302.2,     1.492664978 
 302.3,     1.563365758 
 302.4,     1.633142021 
 302.5,     1.702005859 
 302.6,     1.769969163 
 302.7,     1.837043623 
 302.8,     1.903240728 
 302.9,     1.968571766 
   303,     2.033047831 
 303.1,     2.096679816 
 303.2,     2.159478423 
 303.3,      2.22145416 
 303.4,     2.282617346 
 303.5,     2.342978113 
 303.6,     2.402546405 
 303.7,     2.461331986 
 303.8,      2.51934444 
 303.9,     2.576593173 
   304,     2.633087417 
 304.1,     2.688836234 
 304.2,     2.743848515 
 304.3,     2.798132987 
 304.4,     2.851698216 
 304.5,     2.904552605 
 304.6,     2.956704403 
 304.7,     3.008161703 
 304.8,     3.058932449 
 304.9,     3.109024435 
   305,     3.158445313 
 305.1,     3.207202589 
 305.2,     3.255303631 
 305.3,     3.302755671 
 305.4,     3.349565807 
 305.5,     3.395741003 
 305.6,     3.441288098 
 305.7,     3.486213803 
 305.8,     3.530524706 
 305.9,     3.574227273 
   306,     3.617327852 
 306.1,     3.659832678 
 306.2,     3.701747867 
 306.3,     3.743079428 
 306.4,      3.78383326 
 306.5,     3.824015155 
 306.6,     3.863630799 
 306.7,     3.902685779 
 306.8,     3.941185579 
 306.9,     3.979135587 
   307,     4.016541094 
 307.1,     4.053407297 
 307.2,       4.0897393 
 307.3,     4.125542119 
 307.4,     4.160820681 
 307.5,     4.195579825 
 307.6,     4.229824307 
 307.7,       4.2635588 
 307.8,     4.296787896 
 307.9,     4.329516105 
   308,     4.361747863 
 308.1,     4.393487526 
 308.2,     4.424739379 
 308.3,     4.455507631 
 308.4,     4.485796421 
 308.5,     4.515609815 
 308.6,     4.544951815 
 308.7,     4.573826351 
 308.8,     4.602237288 
 308.9,     4.630188429 
   309,     4.657683511 
 309.1,     4.684726208 
 309.2,     4.711320137 
 309.3,      4.73746885 
 309.4,     4.763175845 
 309.5,     4.788444561 
 309.6,     4.813278379 
 309.7,     4.837680629 
 309.8,     4.861654582 
 309.9,      4.88520346 
   310,      4.90833043 
 310.1,     4.931038611 
 310.2,     4.953331069 
 310.3,     4.975210823 
 310.4,     4.996680844 
 310.5,     5.017744054 
 310.6,      5.03840333 
 310.7,     5.058661504 
 310.8,     5.078521362 
 310.9,     5.097985648 
   311,     5.117057061 
 311.1,     5.135738259 
 311.2,      5.15403186 
 311.3,     5.171940439 
 311.4,     5.189466532 
 311.5,     5.206612637 
 311.6,     5.223381212 
 311.7,     5.239774678 
 311.8,      5.25579542 
 311.9,     5.271445785 
   312,     5.286728084 
 312.1,     5.301644595 
 312.2,      5.31619756 
 312.3,     5.330389188 
 312.4,     5.344221653 
 312.5,     5.357697098 
 312.6,     5.370817635 
 312.7,      5.38358534 
 312.8,     5.396002264 
 312.9,     5.408070422 
   313,     5.419791803 
 313.1,     5.431168364 
 313.2,     5.442202035 
 313.3,     5.452894716 
 313.4,     5.463248279 
 313.5,      5.47326457 
 313.6,     5.482945407 
 313.7,     5.492292581 
 313.8,     5.501307857 
 313.9,     5.509992974 
   314,     5.518349648 
 314.1,     5.526379566 
 314.2,     5.534084394 
 314.3,     5.541465771 
 314.4,     5.548525315 
 314.5,     5.555264619 
 314.6,     5.561685254 
 314.7,     5.567788766 
 314.8,     5.573576682 
 314.9,     5.579050504 
   315,     5.584211715 
 315.1,     5.589061775 
 315.2,     5.593602124 
 315.3,      5.59783418 
 315.4,     5.601759342 
 315.5,     5.605378989 
 315.6,     5.608694479 
 315.7,     5.611707153 
 315.8,     5.614418329 
 315.9,      5.61682931 
   316,     5.618941378 
 316.1,     5.620755798 
 316.2,     5.622273816 
 316.3,     5.623496661 
 316.4,     5.624425544 
 316.5,     5.625061658 
 316.6,     5.625406181 
 316.7,     5.625460272 
 316.8,     5.625225075 
 316.9,     5.624701716 
   317,     5.623891306 
 317.1,     5.622794941 
 317.2,     5.621413699 
 317.3,     5.619748645 
 317.4,     5.617800826 
 317.5,     5.615571277 
 317.6,     5.613061015 
 317.7,     5.610271045 
 317.8,     5.607202357 
 317.9,     5.603855924 
   318,     5.600232709 
 318.1,     5.596333658 
 318.2,     5.592159705 
 318.3,      5.58771177 
 318.4,     5.582990758 
 318.5,     5.577997564 
 318.6,     5.572733066 
 318.7,     5.567198133 
 318.8,     5.561393619 
 318.9,     5.555320365 
   319,     5.548979201 
 319.1,     5.542370944 
 319.2,     5.535496399 
 319.3,     5.528356359 
 319.4,     5.520951605 
 319.5,     5.513282906 
 319.6,     5.505351021 
 319.7,     5.497156695 
 319.8,     5.488700663 
 319.9,      5.47998365 
   320,     5.471006368 
 320.1,     5.461769519 
 320.2,     5.452273794 
 320.3,     5.442519873 
 320.4,     5.432508427 
 320.5,     5.422240113 
 320.6,     5.411715582 
 320.7,     5.400935471 
 320.8,      5.38990041 
 320.9,     5.378611017 
   321,     5.367067901 
 321.1,      5.35527166 
 321.2,     5.343222883 
 321.3,      5.33092215 
 321.4,     5.318370031 
 321.5,     5.305567087 
 321.6,     5.292513868 
 321.7,     5.279210916 
 321.8,     5.265658766 
 321.9,     5.251857939 
   322,     5.237808952 
 322.1,      5.22351231 
 322.2,      5.20896851 
 322.3,     5.194178041 
 322.4,     5.179141383 
 322.5,     5.163859006 
 322.6,     5.148331375 
 322.7,     5.132558944 
 322.8,     5.116542158 
 322.9,     5.100281456 
   323,     5.083777267 
 323.1,     5.067030014 
 323.2,      5.05004011 
 323.3,     5.032807961 
 323.4,     5.015333965 
 323.5,     4.997618512 
 323.6,     4.979661985 
 323.7,     4.961464759 
 323.8,     4.943027201 
 323.9,      4.92434967 
   324,     4.905432519 
 324.1,     4.886276093 
 324.2,     4.866880729 
 324.3,     4.847246758 
 324.4,     4.827374503 
 324.5,      4.80726428 
 324.6,     4.786916398 
 324.7,     4.766331158 
 324.8,     4.745508856 
 324.9,     4.724449779 
   325,     4.703154208 
 325.1,     4.681622419 
 325.2,     4.659854679 
 325.3,     4.637851248 
 325.4,      4.61561238 
 325.5,     4.593138325 
 325.6,     4.570429322 
 325.7,     4.547485607 
 325.8,     4.524307408 
 325.9,     4.500894946 
   326,     4.477248438 
 326.1,     4.453368093 
 326.2,     4.429254113 
 326.3,     4.404906697 
 326.4,     4.380326035 
 326.5,     4.355512311 
 326.6,     4.330465705 
 326.7,     4.305186389 
 326.8,     4.279674531 
 326.9,     4.253930291 
   327,     4.227953825 
 327.1,     4.201745282 
 327.2,     4.175304806 
 327.3,     4.148632534 
 327.4,     4.121728601 
 327.5,     4.094593131 
 327.6,     4.067226247 
 327.7,     4.039628065 
 327.8,     4.011798695 
 327.9,     3.983738241 
   328,     3.955446805 
 328.1,     3.926924479 
 328.2,     3.898171353 
 328.3,     3.869187512 
 328.4,     3.839973033 
 328.5,     3.810527991 
 328.6,     3.780852454 
 328.7,     3.750946486 
 328.8,     3.720810145 
 328.9,     3.690443485 
   329,     3.659846556 
 329.1,       3.6290194 
 329.2,     3.597962058 
 329.3,     3.566674564 
 329.4,     3.535156947 
 329.5,     3.503409234 
 329.6,     3.471431445 
 329.7,     3.439223597 
 329.8,       3.4067857 
 329.9,     3.374117763 
   330,     3.341219788 
 330.1,     3.308091775 
 330.2,     3.274733717 
 330.3,     3.241145606 
 330.4,     3.207327427 
 330.5,     3.173279162 
 330.6,      3.13900079 
 330.7,     3.104492286 
 330.8,     3.069753618 
 330.9,     3.034784754 
   331,     2.999585657 
 331.1,     2.964156285 
 331.2,     2.928496595 
 331.3,     2.892606536 
 331.4,      2.85648606 
 331.5,     2.820135109 
 331.6,     2.783553625 
 331.7,     2.746741548 
 331.8,     2.709698811 
 331.9,     2.672425347 
   332,     2.634921084 
 332.1,     2.597185948 
 332.2,     2.559219863 
 332.3,     2.521022748 
 332.4,      2.48259452 
 332.5,     2.443935094 
 332.6,     2.405044382 
 332.7,     2.365922294 
 332.8,     2.326568736 
 332.9,     2.286983614 
   333,     2.247166829 
 333.1,     2.207118283 
 333.2,     2.166837874 
 333.3,     2.126325497 
 333.4,     2.085581048 
 333.5,      2.04460442 
 333.6,     2.003395503 
 333.7,     1.961954187 
 333.8,     1.920280361 
 333.9,     1.878373912 
   334,     1.836234725 
 334.1,     1.793862685 
 334.2,     1.751257677 
 334.3,     1.708419581 
 334.4,     1.665348283 
 334.5,     1.622043662 
 334.6,     1.578505601 
 334.7,      1.53473398 
 334.8,     1.490728681 
 334.9,     1.446489584 
   335,      1.40201657 
 335.1,     1.357309522 
 335.2,      1.31236832 
 335.3,     1.267192848 
 335.4,     1.221782989 
 335.5,     1.176138627 
 335.6,     1.130259648 
 335.7,     1.084145939 
 335.8,     1.037797388 
 335.9,    0.9912138841 
   336,    0.9443953205 
 336.1,    0.8973415909 
 336.2,    0.8500525916 
 336.3,    0.8025282214 
 336.4,    0.7547683818 
 336.5,    0.7067729775 
 336.6,    0.6585419158 
 336.7,    0.6100751081 
 336.8,    0.5613724688 
 336.9,    0.5124339166 
   337,    0.4632593742 
 337.1,    0.4138487686 
 337.2,    0.3642020314 
 337.3,    0.3143190994 
 337.4,    0.2641999144 
 337.5,    0.2138444235 
 337.6,    0.1632525801 
 337.7,     0.112424343 
 337.8,   0.06135967785 
 337.9,   0.01005855694 
   338,  -0.04147904061 
 338.1,  -0.09325312817 
 338.2,   -0.1452637115 
 338.3,   -0.1975107882 
 338.4,   -0.2499943478 
 338.5,   -0.3027143706 
 338.6,   -0.3556708279 
 338.7,   -0.4088636818 
 338.8,   -0.4622928841 
 338.9,   -0.5159583762 
   339,   -0.5698600892 
 339.1,   -0.6239979424 
 339.2,   -0.6783718439 
 339.3,   -0.7329816896 
 339.4,   -0.7878273628 
 339.5,   -0.8429087338 
 339.6,   -0.8982256595 
 339.7,   -0.9537779826 
 339.8,    -1.009565531 
 339.9,    -1.065588119 
   340,    -1.121845543 
 340.1,    -1.178337584 
 340.2,    -1.235064009 
 340.3,    -1.292024563 
 340.4,    -1.349218976 
 340.5,     -1.40664696 
 340.6,    -1.464308206 
 340.7,    -1.522202386 
 340.8,    -1.580329153 
 340.9,    -1.638688135 
   341,    -1.697278942 
 341.1,     -1.75610116 
 341.2,    -1.815154352 
 341.3,    -1.874438056 
 341.4,    -1.933951786 
 341.5,    -1.993695032 
 341.6,    -2.053667254 
 341.7,    -2.113867888 
 341.8,    -2.174296341 
 341.9,     -2.23495199 
   342,    -2.295834183 
 342.1,    -2.356942239 
 342.2,    -2.418275442 
 342.3,    -2.479833045 
 342.4,    -2.541614269 
 342.5,    -2.603618298 
 342.6,    -2.665844282 
 342.7,    -2.728291333 
 342.8,    -2.790958527 
 342.9,    -2.853844899 
   343,    -2.916949447 
 343.1,    -2.980271125 
 343.2,    -3.043808846 
 343.3,     -3.10756148 
 343.4,    -3.171527852 
 343.5,    -3.235706741 
 343.6,    -3.300096879 
 343.7,    -3.364696948 
 343.8,    -3.429505582 
 343.9,    -3.494521363 
   344,    -3.559742821 
 344.1,    -3.625168431 
 344.2,    -3.690796612 
 344.3,    -3.756625729 
 344.4,    -3.822654084 
 344.5,    -3.888879922 
 344.6,    -3.955301426 
 344.7,    -4.021916714 
 344.8,    -4.088723841 
 344.9,    -4.155720795 
   345,    -4.222905493 
 345.1,    -4.290275786 
 345.2,    -4.357829451 
 345.3,     -4.42556419 
 345.4,    -4.493477632 
 345.5,    -4.561567327 
 345.6,    -4.629830745 
 345.7,    -4.698265276 
 345.8,    -4.766868227 
 345.9,    -4.835636818 
   346,    -4.904568181 
 346.1,    -4.973659362 
 346.2,    -5.042907313 
 346.3,    -5.112308891 
 346.4,    -5.181860858 
 346.5,     -5.25155988 
 346.6,     -5.32140252 
 346.7,    -5.391385237 
 346.8,    -5.461504389 
 346.9,    -5.531756223 
   347,    -5.602136878 
 347.1,    -5.672642379 
 347.2,    -5.743268639 
 347.3,    -5.814011452 
 347.4,    -5.884866492 
 347.5,    -5.955829312 
 347.6,     -6.02689534 
 347.7,    -6.098059876 
 347.8,    -6.169318092 
 347.9,    -6.240665025 
   348,     -6.31209558 
 348.1,    -6.383604522 
 348.2,    -6.455186476 
 348.3,    -6.526835926 
 348.4,    -6.598547208 
 348.5,    -6.670314511 
 348.6,    -6.742131874 
 348.7,    -6.813993181 
 348.8,    -6.885892159 
 348.9,     -6.95782238 
   349,    -7.029777251 
 349.1,    -7.101750015 
 349.2,    -7.173733752 
 349.3,    -7.245721369 
 349.4,    -7.317705603 
 349.5,    -7.389679017 
 349.6,    -7.461633996 
 349.7,    -7.533562748 
 349.8,    -7.605457298 
 349.9,    -7.677309488 
   350,    -7.749110974 
 350.1,    -7.820853223 
 350.2,    -7.892527514 
 350.3,    -7.964124931 
 350.4,    -8.035636366 
 350.5,    -8.107052513 
 350.6,    -8.178363871 
 350.7,    -8.249560738 
 350.8,    -8.320633211 
 350.9,    -8.391571184 
   351,    -8.462364349 
 351.1,    -8.533002194 
 351.2,       -8.603474 
 351.3,    -8.673768842 
 351.4,    -8.743875589 
 351.5,    -8.813782901 
 351.6,    -8.883479232 
 351.7,    -8.952952828 
 351.8,    -9.022191727 
 351.9,     -9.09118376 
   352,    -9.159916552 
 352.1,    -9.228377523 
 352.2,    -9.296553887 
 352.3,    -9.364432656 
 352.4,     -9.43200064 
 352.5,    -9.499244449 
 352.6,    -9.566150497 
 352.7,    -9.632705002 
 352.8,    -9.698893991 
 352.9,      -9.7647033 
   353,    -9.830118581 
 353.1,    -9.895125306 
 353.2,    -9.959708766 
 353.3,    -10.02385408 
 353.4,     -10.0875462 
 353.5,    -10.15076992 
 353.6,    -10.21350987 
 353.7,    -10.27575052 
 353.8,    -10.33747622 
 353.9,    -10.39867116 
   354,     -10.4593194 
 354.1,    -10.51940489 
 354.2,    -10.57891147 
 354.3,    -10.63782284 
 354.4,    -10.69612263 
 354.5,    -10.75379438 
 354.6,    -10.81082155 
 354.7,    -10.86718751 
 354.8,    -10.92287559 
 354.9,    -10.97786908 
   355,    -11.03215122 
 355.1,    -11.08570523 
 355.2,    -11.13851431 
 355.3,    -11.19056166 
 355.4,    -11.24183051 
 355.5,     -11.2923041 
 355.6,    -11.34196571 
 355.7,    -11.39079867 
 355.8,    -11.43878639 
 355.9,    -11.48591234 
   356,    -11.53216011 
 356.1,    -11.57751339 
 356.2,    -11.62195598 
 356.3,    -11.66547186 
 356.4,    -11.70804512 
 356.5,    -11.74966005 
 356.6,    -11.79030113 
 356.7,    -11.82995303 
 356.8,    -11.86860065 
 356.9,    -11.90622912 
   357,    -11.94282382 
 357.1,    -11.97837042 
 357.2,    -12.01285484 
 357.3,    -12.04626333 
 357.4,    -12.07858243 
 357.5,    -12.10979903 
 357.6,    -12.13990036 
 357.7,    -12.16887401 
 357.8,    -12.19670794 
 357.9,    -12.22339053 
   358,    -12.24891054 
 358.1,    -12.27325715 
 358.2,    -12.29641998 
 358.3,     -12.3183891 
 358.4,    -12.33915504 
 358.5,    -12.35870879 
 358.6,    -12.37704183 
 358.7,    -12.39414615 
 358.8,    -12.41001422 
 358.9,    -12.42463903 
   359,    -12.43801412 
 359.1,    -12.45013353 
 359.2,    -12.46099186 
 359.3,    -12.47058426 
 359.4,    -12.47890642 
 359.5,     -12.4859546 
 359.6,    -12.49172564 
 359.7,    -12.49621693 
 359.8,    -12.49942644 
 359.9,    -12.50135273 
   360,    -12.50199493 
