M5B_HWBC_BI_A60_E0_F1.txt
NTNU_FFI
Method: IGABEM CCBIE with 19456 elements (24324 degrees of freedom) and NURBS degree 4. Computational time for system assembly (4x6-core Xeon 2.67 GHz): 36.2368 hours.
60
0
1000
3601
     0,     9.000663523 
   0.1,     8.999695394 
   0.2,     8.998690395 
   0.3,      8.99764859 
   0.4,     8.996570043 
   0.5,     8.995454818 
   0.6,     8.994302978 
   0.7,     8.993114583 
   0.8,     8.991889696 
   0.9,     8.990628375 
     1,     8.989330681 
   1.1,      8.98799667 
   1.2,     8.986626401 
   1.3,     8.985219929 
   1.4,     8.983777311 
   1.5,     8.982298601 
   1.6,     8.980783852 
   1.7,     8.979233118 
   1.8,     8.977646451 
   1.9,     8.976023902 
     2,      8.97436552 
   2.1,     8.972671357 
   2.2,      8.97094146 
   2.3,     8.969175876 
   2.4,     8.967374654 
   2.5,     8.965537839 
   2.6,     8.963665476 
   2.7,     8.961757609 
   2.8,     8.959814282 
   2.9,     8.957835538 
     3,     8.955821418 
   3.1,     8.953771964 
   3.2,     8.951687215 
   3.3,      8.94956721 
   3.4,     8.947411989 
   3.5,     8.945221589 
   3.6,     8.942996046 
   3.7,     8.940735396 
   3.8,     8.938439675 
   3.9,     8.936108917 
     4,     8.933743155 
   4.1,     8.931342422 
   4.2,     8.928906749 
   4.3,     8.926436168 
   4.4,     8.923930709 
   4.5,     8.921390401 
   4.6,     8.918815273 
   4.7,     8.916205352 
   4.8,     8.913560666 
   4.9,     8.910881239 
     5,     8.908167099 
   5.1,     8.905418269 
   5.2,     8.902634772 
   5.3,     8.899816633 
   5.4,     8.896963872 
   5.5,     8.894076511 
   5.6,     8.891154571 
   5.7,     8.888198072 
   5.8,     8.885207032 
   5.9,     8.882181469 
     6,     8.879121401 
   6.1,     8.876026844 
   6.2,     8.872897815 
   6.3,     8.869734328 
   6.4,     8.866536397 
   6.5,     8.863304036 
   6.6,     8.860037257 
   6.7,     8.856736074 
   6.8,     8.853400495 
   6.9,     8.850030533 
     7,     8.846626197 
   7.1,     8.843187495 
   7.2,     8.839714435 
   7.3,     8.836207026 
   7.4,     8.832665274 
   7.5,     8.829089183 
   7.6,     8.825478761 
   7.7,      8.82183401 
   7.8,     8.818154935 
   7.9,     8.814441538 
     8,     8.810693821 
   8.1,     8.806911787 
   8.2,     8.803095435 
   8.3,     8.799244765 
   8.4,     8.795359777 
   8.5,     8.791440469 
   8.6,     8.787486839 
   8.7,     8.783498884 
   8.8,       8.7794766 
   8.9,     8.775419982 
     9,     8.771329026 
   9.1,     8.767203725 
   9.2,     8.763044073 
   9.3,     8.758850063 
   9.4,     8.754621687 
   9.5,     8.750358935 
   9.6,     8.746061799 
   9.7,     8.741730269 
   9.8,     8.737364333 
   9.9,      8.73296398 
    10,     8.728529197 
  10.1,     8.724059973 
  10.2,     8.719556292 
  10.3,     8.715018142 
  10.4,     8.710445507 
  10.5,      8.70583837 
  10.6,     8.701196717 
  10.7,     8.696520529 
  10.8,      8.69180979 
  10.9,      8.68706448 
    11,     8.682284581 
  11.1,     8.677470073 
  11.2,     8.672620935 
  11.3,     8.667737147 
  11.4,     8.662818686 
  11.5,     8.657865531 
  11.6,     8.652877657 
  11.7,     8.647855042 
  11.8,     8.642797661 
  11.9,     8.637705489 
    12,       8.6325785 
  12.1,     8.627416668 
  12.2,     8.622219965 
  12.3,     8.616988365 
  12.4,     8.611721839 
  12.5,     8.606420357 
  12.6,     8.601083891 
  12.7,      8.59571241 
  12.8,     8.590305883 
  12.9,     8.584864279 
    13,     8.579387565 
  13.1,     8.573875709 
  13.2,     8.568328677 
  13.3,     8.562746436 
  13.4,      8.55712895 
  13.5,     8.551476184 
  13.6,     8.545788103 
  13.7,      8.54006467 
  13.8,     8.534305847 
  13.9,     8.528511598 
    14,     8.522681882 
  14.1,     8.516816663 
  14.2,     8.510915899 
  14.3,     8.504979551 
  14.4,     8.499007577 
  14.5,     8.492999937 
  14.6,     8.486956588 
  14.7,     8.480877488 
  14.8,     8.474762593 
  14.9,     8.468611859 
    15,     8.462425243 
  15.1,     8.456202698 
  15.2,      8.44994418 
  15.3,     8.443649641 
  15.4,     8.437319036 
  15.5,     8.430952316 
  15.6,     8.424549433 
  15.7,      8.41811034 
  15.8,     8.411634986 
  15.9,     8.405123322 
    16,     8.398575298 
  16.1,     8.391990861 
  16.2,     8.385369962 
  16.3,     8.378712548 
  16.4,     8.372018565 
  16.5,     8.365287961 
  16.6,     8.358520682 
  16.7,     8.351716672 
  16.8,     8.344875878 
  16.9,     8.337998244 
    17,     8.331083712 
  17.1,     8.324132227 
  17.2,     8.317143731 
  17.3,     8.310118167 
  17.4,     8.303055474 
  17.5,     8.295955596 
  17.6,     8.288818471 
  17.7,     8.281644039 
  17.8,     8.274432241 
  17.9,     8.267183014 
    18,     8.259896296 
  18.1,     8.252572025 
  18.2,     8.245210138 
  18.3,     8.237810571 
  18.4,      8.23037326 
  18.5,      8.22289814 
  18.6,     8.215385146 
  18.7,     8.207834211 
  18.8,      8.20024527 
  18.9,     8.192618255 
    19,     8.184953099 
  19.1,     8.177249734 
  19.2,      8.16950809 
  19.3,     8.161728098 
  19.4,     8.153909689 
  19.5,     8.146052792 
  19.6,     8.138157336 
  19.7,     8.130223249 
  19.8,      8.12225046 
  19.9,     8.114238894 
    20,     8.106188481 
  20.1,     8.098099144 
  20.2,      8.08997081 
  20.3,     8.081803405 
  20.4,     8.073596851 
  20.5,     8.065351074 
  20.6,     8.057065996 
  20.7,     8.048741541 
  20.8,      8.04037763 
  20.9,     8.031974184 
    21,     8.023531126 
  21.1,     8.015048375 
  21.2,     8.006525851 
  21.3,     7.997963474 
  21.4,     7.989361161 
  21.5,     7.980718832 
  21.6,     7.972036404 
  21.7,     7.963313793 
  21.8,     7.954550917 
  21.9,      7.94574769 
    22,     7.936904028 
  22.1,     7.928019846 
  22.2,     7.919095058 
  22.3,     7.910129577 
  22.4,     7.901123315 
  22.5,     7.892076186 
  22.6,     7.882988101 
  22.7,      7.87385897 
  22.8,     7.864688705 
  22.9,     7.855477215 
    23,     7.846224409 
  23.1,     7.836930196 
  23.2,     7.827594485 
  23.3,     7.818217181 
  23.4,     7.808798193 
  23.5,     7.799337426 
  23.6,     7.789834786 
  23.7,     7.780290178 
  23.8,     7.770703506 
  23.9,     7.761074674 
    24,     7.751403585 
  24.1,     7.741690141 
  24.2,     7.731934244 
  24.3,     7.722135795 
  24.4,     7.712294695 
  24.5,     7.702410843 
  24.6,      7.69248414 
  24.7,     7.682514482 
  24.8,     7.672501768 
  24.9,     7.662445896 
    25,     7.652346762 
  25.1,     7.642204261 
  25.2,      7.63201829 
  25.3,     7.621788742 
  25.4,     7.611515511 
  25.5,     7.601198491 
  25.6,     7.590837574 
  25.7,     7.580432652 
  25.8,     7.569983616 
  25.9,     7.559490355 
    26,     7.548952761 
  26.1,     7.538370722 
  26.2,     7.527744126 
  26.3,      7.51707286 
  26.4,     7.506356812 
  26.5,     7.495595868 
  26.6,     7.484789912 
  26.7,     7.473938829 
  26.8,     7.463042504 
  26.9,     7.452100819 
    27,     7.441113657 
  27.1,     7.430080899 
  27.2,     7.419002425 
  27.3,     7.407878117 
  27.4,     7.396707852 
  27.5,      7.38549151 
  27.6,     7.374228968 
  27.7,     7.362920103 
  27.8,     7.351564791 
  27.9,     7.340162907 
    28,     7.328714325 
  28.1,     7.317218919 
  28.2,     7.305676562 
  28.3,     7.294087125 
  28.4,     7.282450479 
  28.5,     7.270766495 
  28.6,     7.259035042 
  28.7,     7.247255988 
  28.8,       7.2354292 
  28.9,     7.223554545 
    29,      7.21163189 
  29.1,     7.199661098 
  29.2,     7.187642033 
  29.3,     7.175574559 
  29.4,     7.163458537 
  29.5,     7.151293829 
  29.6,     7.139080294 
  29.7,     7.126817792 
  29.8,     7.114506181 
  29.9,     7.102145318 
    30,     7.089735058 
  30.1,     7.077275259 
  30.2,     7.064765773 
  30.3,     7.052206453 
  30.4,     7.039597153 
  30.5,     7.026937722 
  30.6,     7.014228012 
  30.7,      7.00146787 
  30.8,     6.988657145 
  30.9,     6.975795684 
    31,     6.962883333 
  31.1,     6.949919935 
  31.2,     6.936905335 
  31.3,     6.923839374 
  31.4,     6.910721895 
  31.5,     6.897552737 
  31.6,     6.884331738 
  31.7,     6.871058738 
  31.8,     6.857733572 
  31.9,     6.844356076 
    32,     6.830926083 
  32.1,     6.817443428 
  32.2,      6.80390794 
  32.3,     6.790319451 
  32.4,     6.776677791 
  32.5,     6.762982786 
  32.6,     6.749234263 
  32.7,     6.735432048 
  32.8,     6.721575964 
  32.9,     6.707665834 
    33,      6.69370148 
  33.1,      6.67968272 
  33.2,     6.665609375 
  33.3,      6.65148126 
  33.4,     6.637298191 
  33.5,     6.623059984 
  33.6,     6.608766449 
  33.7,     6.594417399 
  33.8,     6.580012644 
  33.9,     6.565551993 
    34,      6.55103525 
  34.1,     6.536462223 
  34.2,     6.521832716 
  34.3,     6.507146529 
  34.4,     6.492403464 
  34.5,      6.47760332 
  34.6,     6.462745895 
  34.7,     6.447830984 
  34.8,     6.432858381 
  34.9,     6.417827879 
    35,     6.402739268 
  35.1,     6.387592338 
  35.2,     6.372386877 
  35.3,     6.357122669 
  35.4,     6.341799499 
  35.5,     6.326417148 
  35.6,     6.310975397 
  35.7,     6.295474025 
  35.8,     6.279912807 
  35.9,      6.26429152 
    36,     6.248609934 
  36.1,     6.232867823 
  36.2,     6.217064953 
  36.3,     6.201201093 
  36.4,     6.185276008 
  36.5,      6.16928946 
  36.6,      6.15324121 
  36.7,     6.137131019 
  36.8,     6.120958641 
  36.9,     6.104723833 
    37,     6.088426347 
  37.1,     6.072065933 
  37.2,     6.055642341 
  37.3,     6.039155315 
  37.4,     6.022604601 
  37.5,     6.005989939 
  37.6,      5.98931107 
  37.7,      5.97256773 
  37.8,     5.955759655 
  37.9,     5.938886577 
    38,     5.921948225 
  38.1,     5.904944328 
  38.2,     5.887874611 
  38.3,     5.870738797 
  38.4,     5.853536607 
  38.5,     5.836267757 
  38.6,     5.818931963 
  38.7,     5.801528939 
  38.8,     5.784058394 
  38.9,     5.766520035 
    39,     5.748913568 
  39.1,     5.731238694 
  39.2,     5.713495114 
  39.3,     5.695682523 
  39.4,     5.677800615 
  39.5,     5.659849082 
  39.6,     5.641827612 
  39.7,     5.623735889 
  39.8,     5.605573597 
  39.9,     5.587340414 
    40,     5.569036018 
  40.1,     5.550660081 
  40.2,     5.532212274 
  40.3,     5.513692263 
  40.4,     5.495099714 
  40.5,     5.476434287 
  40.6,      5.45769564 
  40.7,     5.438883427 
  40.8,     5.419997299 
  40.9,     5.401036905 
    41,     5.382001889 
  41.1,     5.362891891 
  41.2,     5.343706551 
  41.3,     5.324445501 
  41.4,     5.305108373 
  41.5,     5.285694794 
  41.6,     5.266204387 
  41.7,     5.246636772 
  41.8,     5.226991566 
  41.9,     5.207268381 
    42,     5.187466826 
  42.1,     5.167586505 
  42.2,      5.14762702 
  42.3,     5.127587968 
  42.4,     5.107468942 
  42.5,     5.087269532 
  42.6,     5.066989322 
  42.7,     5.046627893 
  42.8,     5.026184823 
  42.9,     5.005659685 
    43,     4.985052046 
  43.1,     4.964361472 
  43.2,     4.943587522 
  43.3,     4.922729751 
  43.4,     4.901787711 
  43.5,     4.880760949 
  43.6,     4.859649006 
  43.7,     4.838451419 
  43.8,     4.817167723 
  43.9,     4.795797444 
    44,     4.774340107 
  44.1,      4.75279523 
  44.2,     4.731162326 
  44.3,     4.709440904 
  44.4,     4.687630469 
  44.5,     4.665730518 
  44.6,     4.643740546 
  44.7,      4.62166004 
  44.8,     4.599488485 
  44.9,     4.577225358 
    45,     4.554870132 
  45.1,     4.532422273 
  45.2,     4.509881244 
  45.3,     4.487246501 
  45.4,     4.464517494 
  45.5,     4.441693668 
  45.6,     4.418774463 
  45.7,     4.395759311 
  45.8,     4.372647641 
  45.9,     4.349438873 
    46,     4.326132423 
  46.1,       4.3027277 
  46.2,     4.279224109 
  46.3,     4.255621044 
  46.4,     4.231917898 
  46.5,     4.208114055 
  46.6,     4.184208892 
  46.7,      4.16020178 
  46.8,     4.136092085 
  46.9,     4.111879164 
    47,     4.087562367 
  47.1,     4.063141041 
  47.2,     4.038614521 
  47.3,     4.013982138 
  47.4,     3.989243215 
  47.5,     3.964397069 
  47.6,     3.939443007 
  47.7,     3.914380332 
  47.8,     3.889208336 
  47.9,     3.863926306 
    48,     3.838533521 
  48.1,     3.813029251 
  48.2,      3.78741276 
  48.3,     3.761683303 
  48.4,     3.735840125 
  48.5,     3.709882468 
  48.6,      3.68380956 
  48.7,     3.657620624 
  48.8,     3.631314875 
  48.9,     3.604891517 
    49,     3.578349747 
  49.1,     3.551688753 
  49.2,     3.524907714 
  49.3,     3.498005801 
  49.4,     3.470982173 
  49.5,     3.443835983 
  49.6,     3.416566373 
  49.7,     3.389172477 
  49.8,     3.361653418 
  49.9,     3.334008309 
    50,     3.306236255 
  50.1,     3.278336349 
  50.2,     3.250307677 
  50.3,     3.222149311 
  50.4,     3.193860315 
  50.5,     3.165439743 
  50.6,     3.136886638 
  50.7,     3.108200031 
  50.8,     3.079378943 
  50.9,     3.050422385 
    51,     3.021329355 
  51.1,     2.992098842 
  51.2,     2.962729823 
  51.3,     2.933221261 
  51.4,     2.903572111 
  51.5,     2.873781314 
  51.6,       2.8438478 
  51.7,     2.813770486 
  51.8,     2.783548276 
  51.9,     2.753180065 
    52,     2.722664731 
  52.1,     2.692001143 
  52.2,     2.661188155 
  52.3,     2.630224608 
  52.4,      2.59910933 
  52.5,     2.567841137 
  52.6,     2.536418828 
  52.7,     2.504841192 
  52.8,     2.473107002 
  52.9,     2.441215017 
    53,     2.409163983 
  53.1,     2.376952629 
  53.2,     2.344579672 
  53.3,     2.312043812 
  53.4,     2.279343735 
  53.5,     2.246478113 
  53.6,     2.213445599 
  53.7,     2.180244835 
  53.8,     2.146874442 
  53.9,     2.113333029 
    54,     2.079619188 
  54.1,     2.045731493 
  54.2,     2.011668502 
  54.3,     1.977428756 
  54.4,      1.94301078 
  54.5,      1.90841308 
  54.6,     1.873634146 
  54.7,     1.838672448 
  54.8,     1.803526441 
  54.9,      1.76819456 
    55,      1.73267522 
  55.1,      1.69696682 
  55.2,     1.661067739 
  55.3,     1.624976336 
  55.4,     1.588690952 
  55.5,     1.552209907 
  55.6,     1.515531501 
  55.7,     1.478654015 
  55.8,     1.441575709 
  55.9,     1.404294822 
    56,     1.366809572 
  56.1,     1.329118155 
  56.2,     1.291218748 
  56.3,     1.253109503 
  56.4,     1.214788552 
  56.5,     1.176254005 
  56.6,     1.137503947 
  56.7,     1.098536442 
  56.8,     1.059349532 
  56.9,     1.019941232 
    57,    0.9803095361 
  57.1,    0.9404524138 
  57.2,    0.9003678099 
  57.3,    0.8600536447 
  57.4,     0.819507814 
  57.5,    0.7787281878 
  57.6,    0.7377126114 
  57.7,    0.6964589037 
  57.8,    0.6549648581 
  57.9,    0.6132282415 
    58,    0.5712467939 
  58.1,    0.5290182289 
  58.2,    0.4865402327 
  58.3,     0.443810464 
  58.4,    0.4008265539 
  58.5,    0.3575861055 
  58.6,    0.3140866933 
  58.7,    0.2703258638 
  58.8,    0.2263011339 
  58.9,    0.1820099921 
    59,    0.1374498972 
  59.1,   0.09261827842 
  59.2,     0.047512535 
  59.3,  0.002130036417 
  59.4,   -0.0435318785 
  59.5,  -0.08947590152 
  59.6,    -0.135704755 
  59.7,   -0.1822211924 
  59.8,   -0.2290279985 
  59.9,   -0.2761279891 
    60,   -0.3235240119 
  60.1,   -0.3712189462 
  60.2,   -0.4192157029 
  60.3,   -0.4675172253 
  60.4,   -0.5161264883 
  60.5,   -0.5650464993 
  60.6,   -0.6142802976 
  60.7,    -0.663830955 
  60.8,   -0.7137015755 
  60.9,    -0.763895295 
    61,    -0.814415282 
  61.1,   -0.8652647369 
  61.2,   -0.9164468921 
  61.3,   -0.9679650115 
  61.4,    -1.019822391 
  61.5,    -1.072022359 
  61.6,    -1.124568272 
  61.7,    -1.177463519 
  61.8,    -1.230711521 
  61.9,    -1.284315727 
    62,    -1.338279614 
  62.1,    -1.392606692 
  62.2,    -1.447300495 
  62.3,    -1.502364587 
  62.4,    -1.557802558 
  62.5,    -1.613618023 
  62.6,    -1.669814623 
  62.7,    -1.726396021 
  62.8,    -1.783365905 
  62.9,    -1.840727983 
    63,    -1.898485981 
  63.1,    -1.956643645 
  63.2,    -2.015204739 
  63.3,    -2.074173038 
  63.4,    -2.133552332 
  63.5,    -2.193346421 
  63.6,    -2.253559114 
  63.7,    -2.314194224 
  63.8,    -2.375255568 
  63.9,    -2.436746963 
    64,     -2.49867222 
  64.1,    -2.561035148 
  64.2,    -2.623839541 
  64.3,    -2.687089181 
  64.4,     -2.75078783 
  64.5,    -2.814939228 
  64.6,    -2.879547085 
  64.7,    -2.944615077 
  64.8,    -3.010146842 
  64.9,    -3.076145973 
    65,    -3.142616007 
  65.1,    -3.209560426 
  65.2,    -3.276982643 
  65.3,    -3.344885996 
  65.4,    -3.413273741 
  65.5,    -3.482149038 
  65.6,    -3.551514947 
  65.7,    -3.621374414 
  65.8,     -3.69173026 
  65.9,    -3.762585169 
    66,    -3.833941676 
  66.1,    -3.905802151 
  66.2,    -3.978168787 
  66.3,    -4.051043582 
  66.4,    -4.124428325 
  66.5,    -4.198324574 
  66.6,     -4.27273364 
  66.7,    -4.347656566 
  66.8,    -4.423094106 
  66.9,    -4.499046699 
    67,    -4.575514449 
  67.1,    -4.652497096 
  67.2,    -4.729993986 
  67.3,    -4.808004047 
  67.4,    -4.886525754 
  67.5,    -4.965557094 
  67.6,    -5.045095537 
  67.7,    -5.125137989 
  67.8,    -5.205680761 
  67.9,     -5.28671952 
    68,     -5.36824925 
  68.1,    -5.450264198 
  68.2,     -5.53275783 
  68.3,    -5.615722772 
  68.4,    -5.699150758 
  68.5,     -5.78303257 
  68.6,    -5.867357975 
  68.7,    -5.952115656 
  68.8,    -6.037293149 
  68.9,    -6.122876765 
    69,    -6.208851515 
  69.1,     -6.29520103 
  69.2,    -6.381907477 
  69.3,     -6.46895147 
  69.4,     -6.55631198 
  69.5,    -6.643966239 
  69.6,    -6.731889642 
  69.7,    -6.820055642 
  69.8,    -6.908435646 
  69.9,    -6.996998904 
    70,    -7.085712399 
  70.1,     -7.17454073 
  70.2,    -7.263445997 
  70.3,    -7.352387679 
  70.4,    -7.441322518 
  70.5,    -7.530204396 
  70.6,    -7.618984216 
  70.7,    -7.707609785 
  70.8,    -7.796025696 
  70.9,    -7.884173219 
    71,    -7.971990191 
  71.1,    -8.059410921 
  71.2,    -8.146366095 
  71.3,    -8.232782695 
  71.4,    -8.318583936 
  71.5,    -8.403689211 
  71.6,    -8.488014054 
  71.7,    -8.571470127 
  71.8,     -8.65396523 
  71.9,    -8.735403333 
    72,    -8.815684638 
  72.1,    -8.894705679 
  72.2,    -8.972359446 
  72.3,    -9.048535557 
  72.4,    -9.123120466 
  72.5,    -9.195997714 
  72.6,    -9.267048229 
  72.7,    -9.336150669 
  72.8,    -9.403181818 
  72.9,    -9.468017028 
    73,    -9.530530716 
  73.1,    -9.590596903 
  73.2,    -9.648089803 
  73.3,    -9.702884463 
  73.4,    -9.754857427 
  73.5,    -9.803887457 
  73.6,    -9.849856263 
  73.7,    -9.892649271 
  73.8,    -9.932156393 
  73.9,    -9.968272814 
    74,    -10.00089976 
  74.1,    -10.02994525 
  74.2,    -10.05532486 
  74.3,    -10.07696236 
  74.4,    -10.09479041 
  74.5,     -10.1087511 
  74.6,     -10.1187965 
  74.7,    -10.12488904 
  74.8,     -10.1270019 
  74.9,    -10.12511922 
    75,    -10.11923629 
  75.1,    -10.10935952 
  75.2,    -10.09550648 
  75.3,    -10.07770565 
  75.4,    -10.05599622 
  75.5,    -10.03042772 
  75.6,    -10.00105956 
  75.7,     -9.96796054 
  75.8,     -9.93120824 
  75.9,    -9.890888381 
    76,    -9.847094123 
  76.1,    -9.799925333 
  76.2,     -9.74948782 
  76.3,    -9.695892563 
  76.4,    -9.639254929 
  76.5,    -9.579693897 
  76.6,    -9.517331304 
  76.7,    -9.452291106 
  76.8,    -9.384698672 
  76.9,    -9.314680115 
    77,    -9.242361664 
  77.1,    -9.167869083 
  77.2,    -9.091327128 
  77.3,    -9.012859067 
  77.4,     -8.93258624 
  77.5,    -8.850627669 
  77.6,    -8.767099721 
  77.7,    -8.682115816 
  77.8,    -8.595786181 
  77.9,    -8.508217644 
    78,    -8.419513473 
  78.1,    -8.329773252 
  78.2,    -8.239092788 
  78.3,     -8.14756405 
  78.4,    -8.055275144 
  78.5,    -7.962310303 
  78.6,    -7.868749905 
  78.7,    -7.774670512 
  78.8,    -7.680144924 
  78.9,    -7.585242249 
    79,    -7.490027983 
  79.1,    -7.394564104 
  79.2,    -7.298909171 
  79.3,    -7.203118433 
  79.4,    -7.107243941 
  79.5,    -7.011334664 
  79.6,    -6.915436605 
  79.7,    -6.819592925 
  79.8,    -6.723844061 
  79.9,    -6.628227846 
    80,    -6.532779626 
  80.1,     -6.43753238 
  80.2,    -6.342516832 
  80.3,    -6.247761564 
  80.4,    -6.153293126 
  80.5,    -6.059136137 
  80.6,    -5.965313393 
  80.7,    -5.871845964 
  80.8,    -5.778753284 
  80.9,    -5.686053251 
    81,    -5.593762304 
  81.1,    -5.501895517 
  81.2,    -5.410466668 
  81.3,    -5.319488326 
  81.4,    -5.228971915 
  81.5,    -5.138927785 
  81.6,    -5.049365283 
  81.7,    -4.960292805 
  81.8,    -4.871717864 
  81.9,    -4.783647141 
    82,     -4.69608654 
  82.1,    -4.609041237 
  82.2,    -4.522515725 
  82.3,    -4.436513863 
  82.4,    -4.351038916 
  82.5,    -4.266093591 
  82.6,    -4.181680083 
  82.7,      -4.0978001 
  82.8,    -4.014454904 
  82.9,    -3.931645338 
    83,    -3.849371856 
  83.1,    -3.767634555 
  83.2,    -3.686433191 
  83.3,    -3.605767215 
  83.4,    -3.525635788 
  83.5,    -3.446037803 
  83.6,     -3.36697191 
  83.7,    -3.288436532 
  83.8,    -3.210429879 
  83.9,    -3.132949973 
    84,    -3.055994656 
  84.1,    -2.979561607 
  84.2,    -2.903648358 
  84.3,    -2.828252305 
  84.4,    -2.753370718 
  84.5,    -2.679000757 
  84.6,    -2.605139477 
  84.7,    -2.531783842 
  84.8,    -2.458930733 
  84.9,    -2.386576955 
    85,    -2.314719248 
  85.1,    -2.243354291 
  85.2,    -2.172478712 
  85.3,    -2.102089094 
  85.4,    -2.032181979 
  85.5,    -1.962753876 
  85.6,    -1.893801264 
  85.7,      -1.8253206 
  85.8,     -1.75730832 
  85.9,    -1.689760848 
    86,    -1.622674595 
  86.1,    -1.556045964 
  86.2,    -1.489871356 
  86.3,    -1.424147171 
  86.4,    -1.358869811 
  86.5,    -1.294035682 
  86.6,    -1.229641199 
  86.7,    -1.165682787 
  86.8,    -1.102156881 
  86.9,    -1.039059933 
    87,   -0.9763884071 
  87.1,   -0.9141387882 
  87.2,   -0.8523075784 
  87.3,   -0.7908913008 
  87.4,   -0.7298864999 
  87.5,   -0.6692897432 
  87.6,   -0.6090976222 
  87.7,   -0.5493067532 
  87.8,   -0.4899137782 
  87.9,   -0.4309153661 
    88,   -0.3723082127 
  88.1,    -0.314089042 
  88.2,   -0.2562546062 
  88.3,   -0.1988016867 
  88.4,   -0.1417270942 
  88.5,  -0.08502766926 
  88.6,  -0.02870028256 
  88.7,     0.027258165 
  88.8,   0.08285074164 
  88.9,     0.138080485 
    89,    0.1929504016 
  89.1,    0.2474634669 
  89.2,    0.3016226254 
  89.3,    0.3554307902 
  89.4,    0.4088908433 
  89.5,    0.4620056357 
  89.6,    0.5147779868 
  89.7,    0.5672106853 
  89.8,     0.619306489 
  89.9,    0.6710681245 
    90,    0.7224982878 
  90.1,    0.7735996444 
  90.2,     0.824374829 
  90.3,    0.8748264466 
  90.4,    0.9249570715 
  90.5,    0.9747692484 
  90.6,     1.024265492 
  90.7,     1.073448289 
  90.8,     1.122320095 
  90.9,     1.170883337 
    91,     1.219140413 
  91.1,     1.267093695 
  91.2,     1.314745524 
  91.3,     1.362098213 
  91.4,     1.409154049 
  91.5,      1.45591529 
  91.6,     1.502384169 
  91.7,      1.54856289 
  91.8,      1.59445363 
  91.9,     1.640058543 
    92,     1.685379753 
  92.1,     1.730419361 
  92.2,     1.775179441 
  92.3,     1.819662043 
  92.4,     1.863869191 
  92.5,     1.907802886 
  92.6,     1.951465103 
  92.7,     1.994857793 
  92.8,     2.037982885 
  92.9,     2.080842283 
    93,     2.123437869 
  93.1,     2.165771501 
  93.2,     2.207845016 
  93.3,     2.249660227 
  93.4,     2.291218925 
  93.5,      2.33252288 
  93.6,     2.373573842 
  93.7,     2.414373537 
  93.8,     2.454923672 
  93.9,     2.495225933 
    94,     2.535281984 
  94.1,     2.575093472 
  94.2,     2.614662022 
  94.3,     2.653989239 
  94.4,      2.69307671 
  94.5,     2.731926003 
  94.6,     2.770538665 
  94.7,     2.808916229 
  94.8,     2.847060204 
  94.9,     2.884972085 
    95,     2.922653347 
  95.1,     2.960105449 
  95.2,     2.997329832 
  95.3,     3.034327919 
  95.4,     3.071101118 
  95.5,     3.107650818 
  95.6,     3.143978393 
  95.7,     3.180085202 
  95.8,     3.215972584 
  95.9,     3.251641867 
    96,     3.287094359 
  96.1,     3.322331357 
  96.2,      3.35735414 
  96.3,     3.392163971 
  96.4,     3.426762103 
  96.5,     3.461149768 
  96.6,      3.49532819 
  96.7,     3.529298575 
  96.8,     3.563062115 
  96.9,      3.59661999 
    97,     3.629973366 
  97.1,     3.663123394 
  97.2,     3.696071215 
  97.3,     3.728817952 
  97.4,     3.761364721 
  97.5,     3.793712621 
  97.6,     3.825862739 
  97.7,     3.857816152 
  97.8,     3.889573924 
  97.9,     3.921137104 
    98,     3.952506733 
  98.1,     3.983683839 
  98.2,     4.014669437 
  98.3,     4.045464533 
  98.4,     4.076070121 
  98.5,     4.106487182 
  98.6,     4.136716689 
  98.7,     4.166759602 
  98.8,     4.196616872 
  98.9,     4.226289438 
    99,     4.255778231 
  99.1,     4.285084168 
  99.2,     4.314208159 
  99.3,     4.343151104 
  99.4,     4.371913891 
  99.5,       4.4004974 
  99.6,     4.428902502 
  99.7,     4.457130057 
  99.8,     4.485180916 
  99.9,     4.513055922 
   100,     4.540755908 
 100.1,     4.568281698 
 100.2,     4.595634107 
 100.3,     4.622813943 
 100.4,     4.649822003 
 100.5,     4.676659076 
 100.6,     4.703325946 
 100.7,     4.729823383 
 100.8,     4.756152154 
 100.9,     4.782313014 
   101,     4.808306714 
 101.1,     4.834133993 
 101.2,     4.859795586 
 101.3,     4.885292218 
 101.4,     4.910624608 
 101.5,     4.935793465 
 101.6,     4.960799494 
 101.7,     4.985643391 
 101.8,     5.010325845 
 101.9,     5.034847537 
   102,     5.059209143 
 102.1,     5.083411331 
 102.2,     5.107454763 
 102.3,     5.131340092 
 102.4,     5.155067968 
 102.5,     5.178639031 
 102.6,     5.202053917 
 102.7,     5.225313254 
 102.8,     5.248417665 
 102.9,     5.271367766 
   103,     5.294164167 
 103.1,     5.316807473 
 103.2,     5.339298281 
 103.3,     5.361637183 
 103.4,     5.383824767 
 103.5,     5.405861611 
 103.6,     5.427748293 
 103.7,      5.44948538 
 103.8,     5.471073437 
 103.9,     5.492513022 
   104,     5.513804689 
 104.1,     5.534948983 
 104.2,     5.555946449 
 104.3,     5.576797623 
 104.4,     5.597503037 
 104.5,     5.618063219 
 104.6,      5.63847869 
 104.7,     5.658749967 
 104.8,     5.678877562 
 104.9,     5.698861983 
   105,     5.718703733 
 105.1,     5.738403308 
 105.2,     5.757961203 
 105.3,     5.777377906 
 105.4,     5.796653901 
 105.5,     5.815789668 
 105.6,     5.834785682 
 105.7,     5.853642414 
 105.8,      5.87236033 
 105.9,     5.890939892 
   106,      5.90938156 
 106.1,     5.927685785 
 106.2,      5.94585302 
 106.3,     5.963883708 
 106.4,     5.981778292 
 106.5,      5.99953721 
 106.6,     6.017160895 
 106.7,     6.034649777 
 106.8,     6.052004284 
 106.9,     6.069224836 
   107,     6.086311853 
 107.1,      6.10326575 
 107.2,     6.120086937 
 107.3,     6.136775824 
 107.4,     6.153332814 
 107.5,     6.169758308 
 107.6,     6.186052703 
 107.7,     6.202216392 
 107.8,     6.218249768 
 107.9,     6.234153216 
   108,      6.24992712 
 108.1,     6.265571861 
 108.2,     6.281087816 
 108.3,      6.29647536 
 108.4,     6.311734863 
 108.5,     6.326866694 
 108.6,     6.341871217 
 108.7,     6.356748794 
 108.8,     6.371499783 
 108.9,     6.386124541 
   109,     6.400623421 
 109.1,     6.414996773 
 109.2,     6.429244943 
 109.3,     6.443368276 
 109.4,     6.457367114 
 109.5,     6.471241795 
 109.6,     6.484992656 
 109.7,      6.49862003 
 109.8,     6.512124247 
 109.9,     6.525505636 
   110,     6.538764523 
 110.1,     6.551901229 
 110.2,     6.564916077 
 110.3,     6.577809383 
 110.4,     6.590581462 
 110.5,     6.603232629 
 110.6,     6.615763193 
 110.7,     6.628173463 
 110.8,     6.640463745 
 110.9,     6.652634342 
   111,     6.664685555 
 111.1,     6.676617683 
 111.2,     6.688431022 
 111.3,     6.700125868 
 111.4,     6.711702513 
 111.5,     6.723161246 
 111.6,     6.734502356 
 111.7,     6.745726129 
 111.8,     6.756832847 
 111.9,     6.767822793 
   112,     6.778696247 
 112.1,     6.789453486 
 112.2,     6.800094786 
 112.3,      6.81062042 
 112.4,      6.82103066 
 112.5,     6.831325776 
 112.6,     6.841506035 
 112.7,     6.851571705 
 112.8,     6.861523048 
 112.9,     6.871360328 
   113,     6.881083805 
 113.1,     6.890693737 
 113.2,     6.900190381 
 113.3,     6.909573994 
 113.4,     6.918844828 
 113.5,     6.928003135 
 113.6,     6.937049165 
 113.7,     6.945983167 
 113.8,     6.954805387 
 113.9,     6.963516072 
   114,     6.972115463 
 114.1,     6.980603804 
 114.2,     6.988981336 
 114.3,     6.997248296 
 114.4,     7.005404922 
 114.5,     7.013451451 
 114.6,     7.021388116 
 114.7,     7.029215152 
 114.8,     7.036932788 
 114.9,     7.044541256 
   115,     7.052040783 
 115.1,     7.059431599 
 115.2,     7.066713927 
 115.3,     7.073887993 
 115.4,     7.080954021 
 115.5,     7.087912231 
 115.6,     7.094762846 
 115.7,     7.101506083 
 115.8,     7.108142161 
 115.9,     7.114671297 
   116,     7.121093706 
 116.1,     7.127409604 
 116.2,     7.133619202 
 116.3,     7.139722713 
 116.4,     7.145720348 
 116.5,     7.151612316 
 116.6,     7.157398825 
 116.7,     7.163080084 
 116.8,     7.168656298 
 116.9,     7.174127673 
   117,     7.179494412 
 117.1,     7.184756719 
 117.2,     7.189914795 
 117.3,     7.194968841 
 117.4,     7.199919058 
 117.5,     7.204765644 
 117.6,     7.209508797 
 117.7,     7.214148714 
 117.8,     7.218685591 
 117.9,     7.223119622 
   118,     7.227451003 
 118.1,     7.231679925 
 118.2,     7.235806581 
 118.3,     7.239831163 
 118.4,     7.243753861 
 118.5,     7.247574865 
 118.6,     7.251294362 
 118.7,     7.254912541 
 118.8,      7.25842959 
 118.9,     7.261845693 
   119,     7.265161037 
 119.1,     7.268375806 
 119.2,     7.271490185 
 119.3,     7.274504355 
 119.4,     7.277418499 
 119.5,     7.280232799 
 119.6,     7.282947435 
 119.7,     7.285562589 
 119.8,     7.288078438 
 119.9,     7.290495161 
   120,     7.292812938 
 120.1,     7.295031944 
 120.2,     7.297152357 
 120.3,     7.299174352 
 120.4,     7.301098106 
 120.5,     7.302923792 
 120.6,     7.304651584 
 120.7,     7.306281657 
 120.8,     7.307814183 
 120.9,     7.309249334 
   121,     7.310587282 
 121.1,     7.311828199 
 121.2,     7.312972255 
 121.3,     7.314019619 
 121.4,     7.314970463 
 121.5,     7.315824954 
 121.6,     7.316583261 
 121.7,     7.317245552 
 121.8,     7.317811995 
 121.9,     7.318282756 
   122,     7.318658004 
 122.1,     7.318937902 
 122.2,     7.319122618 
 122.3,     7.319212316 
 122.4,     7.319207162 
 122.5,     7.319107319 
 122.6,     7.318912952 
 122.7,     7.318624224 
 122.8,     7.318241298 
 122.9,     7.317764338 
   123,     7.317193506 
 123.1,     7.316528964 
 123.2,     7.315770873 
 123.3,     7.314919395 
 123.4,     7.313974692 
 123.5,     7.312936924 
 123.6,     7.311806251 
 123.7,     7.310582833 
 123.8,     7.309266832 
 123.9,     7.307858405 
   124,     7.306357712 
 124.1,     7.304764913 
 124.2,     7.303080167 
 124.3,     7.301303631 
 124.4,     7.299435464 
 124.5,     7.297475824 
 124.6,      7.29542487 
 124.7,     7.293282758 
 124.8,     7.291049646 
 124.9,     7.288725692 
   125,     7.286311052 
 125.1,     7.283805884 
 125.2,     7.281210344 
 125.3,     7.278524588 
 125.4,     7.275748774 
 125.5,     7.272883058 
 125.6,     7.269927595 
 125.7,     7.266882542 
 125.8,     7.263748054 
 125.9,     7.260524288 
   126,       7.2572114 
 126.1,     7.253809544 
 126.2,     7.250318876 
 126.3,     7.246739553 
 126.4,     7.243071729 
 126.5,      7.23931556 
 126.6,     7.235471201 
 126.7,     7.231538808 
 126.8,     7.227518535 
 126.9,     7.223410538 
   127,     7.219214972 
 127.1,     7.214931993 
 127.2,     7.210561756 
 127.3,     7.206104415 
 127.4,     7.201560127 
 127.5,     7.196929047 
 127.6,     7.192211329 
 127.7,      7.18740713 
 127.8,     7.182516604 
 127.9,     7.177539908 
   128,     7.172477196 
 128.1,     7.167328625 
 128.2,     7.162094351 
 128.3,     7.156774528 
 128.4,     7.151369314 
 128.5,     7.145878863 
 128.6,     7.140303333 
 128.7,      7.13464288 
 128.8,     7.128897659 
 128.9,     7.123067829 
   129,     7.117153544 
 129.1,     7.111154963 
 129.2,     7.105072243 
 129.3,     7.098905539 
 129.4,     7.092655011 
 129.5,     7.086320816 
 129.6,     7.079903111 
 129.7,     7.073402054 
 129.8,     7.066817804 
 129.9,     7.060150519 
   130,     7.053400358 
 130.1,      7.04656748 
 130.2,     7.039652044 
 130.3,     7.032654209 
 130.4,     7.025574135 
 130.5,     7.018411983 
 130.6,     7.011167911 
 130.7,     7.003842082 
 130.8,     6.996434655 
 130.9,     6.988945792 
   131,     6.981375654 
 131.1,     6.973724403 
 131.2,     6.965992201 
 131.3,     6.958179211 
 131.4,     6.950285595 
 131.5,     6.942311517 
 131.6,     6.934257139 
 131.7,     6.926122626 
 131.8,     6.917908142 
 131.9,     6.909613852 
   132,      6.90123992 
 132.1,     6.892786513 
 132.2,     6.884253794 
 132.3,     6.875641932 
 132.4,     6.866951093 
 132.5,     6.858181443 
 132.6,      6.84933315 
 132.7,     6.840406383 
 132.8,     6.831401309 
 132.9,     6.822318097 
   133,     6.813156917 
 133.1,     6.803917939 
 133.2,     6.794601332 
 133.3,     6.785207268 
 133.4,     6.775735919 
 133.5,     6.766187455 
 133.6,     6.756562049 
 133.7,     6.746859874 
 133.8,     6.737081103 
 133.9,     6.727225911 
   134,     6.717294472 
 134.1,      6.70728696 
 134.2,     6.697203552 
 134.3,     6.687044424 
 134.4,     6.676809752 
 134.5,     6.666499714 
 134.6,     6.656114489 
 134.7,     6.645654253 
 134.8,     6.635119187 
 134.9,     6.624509471 
   135,     6.613825285 
 135.1,     6.603066809 
 135.2,     6.592234227 
 135.3,      6.58132772 
 135.4,     6.570347471 
 135.5,     6.559293665 
 135.6,     6.548166485 
 135.7,     6.536966117 
 135.8,     6.525692746 
 135.9,      6.51434656 
   136,     6.502927745 
 136.1,     6.491436489 
 136.2,     6.479872982 
 136.3,     6.468237412 
 136.4,     6.456529971 
 136.5,     6.444750848 
 136.6,     6.432900236 
 136.7,     6.420978327 
 136.8,     6.408985315 
 136.9,     6.396921394 
   137,     6.384786759 
 137.1,     6.372581605 
 137.2,     6.360306129 
 137.3,     6.347960528 
 137.4,     6.335545001 
 137.5,     6.323059747 
 137.6,     6.310504966 
 137.7,     6.297880859 
 137.8,     6.285187626 
 137.9,     6.272425472 
   138,     6.259594599 
 138.1,     6.246695212 
 138.2,     6.233727516 
 138.3,     6.220691718 
 138.4,     6.207588023 
 138.5,     6.194416642 
 138.6,     6.181177782 
 138.7,     6.167871654 
 138.8,     6.154498468 
 138.9,     6.141058437 
   139,     6.127551773 
 139.1,     6.113978691 
 139.2,     6.100339405 
 139.3,     6.086634132 
 139.4,     6.072863087 
 139.5,      6.05902649 
 139.6,     6.045124559 
 139.7,     6.031157515 
 139.8,     6.017125578 
 139.9,     6.003028971 
   140,     5.988867917 
 140.1,      5.97464264 
 140.2,     5.960353366 
 140.3,     5.946000322 
 140.4,     5.931583735 
 140.5,     5.917103835 
 140.6,      5.90256085 
 140.7,     5.887955013 
 140.8,     5.873286555 
 140.9,      5.85855571 
   141,     5.843762713 
 141.1,     5.828907799 
 141.2,     5.813991206 
 141.3,     5.799013171 
 141.4,     5.783973935 
 141.5,     5.768873738 
 141.6,     5.753712821 
 141.7,     5.738491428 
 141.8,     5.723209803 
 141.9,     5.707868193 
   142,     5.692466843 
 142.1,     5.677006003 
 142.2,     5.661485922 
 142.3,      5.64590685 
 142.4,      5.63026904 
 142.5,     5.614572745 
 142.6,     5.598818221 
 142.7,     5.583005723 
 142.8,     5.567135509 
 142.9,     5.551207838 
   143,      5.53522297 
 143.1,     5.519181167 
 143.2,     5.503082692 
 143.3,     5.486927809 
 143.4,     5.470716785 
 143.5,     5.454449887 
 143.6,     5.438127384 
 143.7,     5.421749546 
 143.8,     5.405316644 
 143.9,     5.388828953 
   144,     5.372286746 
 144.1,     5.355690301 
 144.2,     5.339039894 
 144.3,     5.322335805 
 144.4,     5.305578315 
 144.5,     5.288767706 
 144.6,     5.271904262 
 144.7,     5.254988269 
 144.8,     5.238020013 
 144.9,     5.220999784 
   145,     5.203927871 
 145.1,     5.186804566 
 145.2,     5.169630163 
 145.3,     5.152404957 
 145.4,     5.135129245 
 145.5,     5.117803324 
 145.6,     5.100427496 
 145.7,     5.083002062 
 145.8,     5.065527325 
 145.9,     5.048003591 
   146,     5.030431166 
 146.1,     5.012810359 
 146.2,      4.99514148 
 146.3,     4.977424843 
 146.4,     4.959660759 
 146.5,     4.941849545 
 146.6,     4.923991519 
 146.7,     4.906086999 
 146.8,     4.888136307 
 146.9,     4.870139766 
   147,     4.852097699 
 147.1,     4.834010435 
 147.2,       4.8158783 
 147.3,     4.797701626 
 147.4,     4.779480744 
 147.5,     4.761215989 
 147.6,     4.742907696 
 147.7,     4.724556204 
 147.8,     4.706161851 
 147.9,     4.687724981 
   148,     4.669245936 
 148.1,     4.650725062 
 148.2,     4.632162707 
 148.3,      4.61355922 
 148.4,     4.594914954 
 148.5,     4.576230261 
 148.6,     4.557505497 
 148.7,     4.538741021 
 148.8,     4.519937191 
 148.9,      4.50109437 
   149,     4.482212922 
 149.1,     4.463293212 
 149.2,     4.444335609 
 149.3,     4.425340483 
 149.4,     4.406308206 
 149.5,     4.387239152 
 149.6,       4.3681337 
 149.7,     4.348992226 
 149.8,     4.329815112 
 149.9,     4.310602742 
   150,     4.291355501 
 150.1,     4.272073776 
 150.2,     4.252757957 
 150.3,     4.233408437 
 150.4,     4.214025609 
 150.5,      4.19460987 
 150.6,     4.175161619 
 150.7,     4.155681258 
 150.8,     4.136169189 
 150.9,     4.116625818 
   151,     4.097051555 
 151.1,     4.077446808 
 151.2,     4.057811991 
 151.3,      4.03814752 
 151.4,     4.018453811 
 151.5,     3.998731284 
 151.6,     3.978980363 
 151.7,     3.959201472 
 151.8,     3.939395037 
 151.9,      3.91956149 
   152,     3.899701261 
 152.1,     3.879814786 
 152.2,     3.859902501 
 152.3,     3.839964847 
 152.4,     3.820002265 
 152.5,     3.800015199 
 152.6,     3.780004098 
 152.7,     3.759969411 
 152.8,      3.73991159 
 152.9,      3.71983109 
   153,     3.699728368 
 153.1,     3.679603885 
 153.2,     3.659458102 
 153.3,     3.639291486 
 153.4,     3.619104504 
 153.5,     3.598897627 
 153.6,     3.578671328 
 153.7,     3.558426083 
 153.8,      3.53816237 
 153.9,     3.517880671 
   154,     3.497581469 
 154.1,     3.477265252 
 154.2,     3.456932509 
 154.3,     3.436583732 
 154.4,     3.416219415 
 154.5,     3.395840058 
 154.6,     3.375446159 
 154.7,     3.355038223 
 154.8,     3.334616756 
 154.9,     3.314182266 
   155,     3.293735265 
 155.1,     3.273276269 
 155.2,     3.252805793 
 155.3,     3.232324359 
 155.4,      3.21183249 
 155.5,     3.191330712 
 155.6,     3.170819554 
 155.7,     3.150299548 
 155.8,     3.129771228 
 155.9,     3.109235133 
   156,     3.088691803 
 156.1,     3.068141781 
 156.2,     3.047585615 
 156.3,     3.027023854 
 156.4,      3.00645705 
 156.5,      2.98588576 
 156.6,     2.965310541 
 156.7,     2.944731955 
 156.8,     2.924150568 
 156.9,     2.903566946 
   157,      2.88298166 
 157.1,     2.862395285 
 157.2,     2.841808397 
 157.3,     2.821221575 
 157.4,     2.800635404 
 157.5,     2.780050469 
 157.6,     2.759467359 
 157.7,     2.738886666 
 157.8,     2.718308987 
 157.9,      2.69773492 
   158,     2.677165066 
 158.1,      2.65660003 
 158.2,      2.63604042 
 158.3,     2.615486848 
 158.4,     2.594939928 
 158.5,     2.574400278 
 158.6,     2.553868517 
 158.7,     2.533345271 
 158.8,     2.512831165 
 158.9,     2.492326831 
   159,     2.471832903 
 159.1,     2.451350016 
 159.2,      2.43087881 
 159.3,      2.41041993 
 159.4,     2.389974021 
 159.5,     2.369541733 
 159.6,     2.349123719 
 159.7,     2.328720635 
 159.8,     2.308333141 
 159.9,     2.287961899 
   160,     2.267607575 
 160.1,     2.247270839 
 160.2,     2.226952362 
 160.3,     2.206652821 
 160.4,     2.186372895 
 160.5,     2.166113265 
 160.6,     2.145874618 
 160.7,     2.125657642 
 160.8,      2.10546303 
 160.9,     2.085291476 
   161,      2.06514368 
 161.1,     2.045020343 
 161.2,     2.024922171 
 161.3,     2.004849871 
 161.4,     1.984804157 
 161.5,     1.964785742 
 161.6,     1.944795346 
 161.7,      1.92483369 
 161.8,     1.904901498 
 161.9,     1.884999499 
   162,     1.865128425 
 162.1,     1.845289009 
 162.2,      1.82548199 
 162.3,     1.805708109 
 162.4,      1.78596811 
 162.5,     1.766262741 
 162.6,     1.746592753 
 162.7,     1.726958899 
 162.8,     1.707361938 
 162.9,     1.687802629 
   163,     1.668281736 
 163.1,     1.648800026 
 163.2,     1.629358269 
 163.3,     1.609957239 
 163.4,      1.59059771 
 163.5,     1.571280464 
 163.6,     1.552006283 
 163.7,     1.532775951 
 163.8,     1.513590259 
 163.9,     1.494449998 
   164,     1.475355963 
 164.1,     1.456308952 
 164.2,     1.437309766 
 164.3,     1.418359209 
 164.4,     1.399458089 
 164.5,     1.380607215 
 164.6,       1.3618074 
 164.7,     1.343059461 
 164.8,     1.324364216 
 164.9,     1.305722487 
   165,     1.287135099 
 165.1,     1.268602879 
 165.2,     1.250126658 
 165.3,     1.231707269 
 165.4,     1.213345548 
 165.5,     1.195042334 
 165.6,     1.176798468 
 165.7,     1.158614794 
 165.8,     1.140492159 
 165.9,     1.122431413 
   166,     1.104433407 
 166.1,     1.086498997 
 166.2,     1.068629039 
 166.3,     1.050824393 
 166.4,     1.033085922 
 166.5,      1.01541449 
 166.6,    0.9978109644 
 166.7,     0.980276214 
 166.8,    0.9628111109 
 166.9,    0.9454165289 
   167,    0.9280933445 
 167.1,     0.910842436 
 167.2,    0.8936646841 
 167.3,    0.8765609715 
 167.4,    0.8595321831 
 167.5,    0.8425792057 
 167.6,    0.8257029279 
 167.7,    0.8089042408 
 167.8,    0.7921840369 
 167.9,    0.7755432105 
   168,     0.758982658 
 168.1,    0.7425032773 
 168.2,    0.7261059681 
 168.3,    0.7097916315 
 168.4,    0.6935611704 
 168.5,     0.677415489 
 168.6,    0.6613554931 
 168.7,    0.6453820899 
 168.8,    0.6294961877 
 168.9,    0.6136986963 
   169,    0.5979905264 
 169.1,    0.5823725902 
 169.2,    0.5668458007 
 169.3,    0.5514110719 
 169.4,     0.536069319 
 169.5,    0.5208214575 
 169.6,    0.5056684042 
 169.7,    0.4906110765 
 169.8,    0.4756503921 
 169.9,    0.4607872697 
   170,    0.4460226283 
 170.1,    0.4313573871 
 170.2,    0.4167924659 
 170.3,    0.4023287847 
 170.4,    0.3879672635 
 170.5,    0.3737088226 
 170.6,     0.359554382 
 170.7,    0.3455048619 
 170.8,    0.3315611821 
 170.9,    0.3177242622 
   171,    0.3039950214 
 171.1,    0.2903743785 
 171.2,    0.2768632518 
 171.3,    0.2634625587 
 171.4,    0.2501732161 
 171.5,    0.2369961401 
 171.6,    0.2239322455 
 171.7,    0.2109824466 
 171.8,    0.1981476561 
 171.9,    0.1854287856 
   172,    0.1728267454 
 172.1,    0.1603424444 
 172.2,    0.1479767897 
 172.3,    0.1357306871 
 172.4,    0.1236050403 
 172.5,    0.1116007512 
 172.6,   0.09971871973 
 172.7,   0.08795984376 
 172.8,   0.07632501887 
 172.9,   0.06481513833 
   173,   0.05343109288 
 173.1,   0.04217377077 
 173.2,   0.03104405757 
 173.3,   0.02004283582 
 173.4,  0.009170985442 
 173.5, -0.001570616873 
 173.6,  -0.01218109765 
 173.7,  -0.02265958668 
 173.8,  -0.03300521715 
 173.9,  -0.04321712585 
   174,  -0.05329445325 
 174.1,  -0.06323634357 
 174.2,  -0.07304194513 
 174.3,  -0.08271041011 
 174.4,  -0.09224089514 
 174.5,   -0.1016325609 
 174.6,    -0.110884573 
 174.7,   -0.1199961011 
 174.8,   -0.1289663199 
 174.9,   -0.1377944091 
   175,    -0.146479553 
 175.1,   -0.1550209416 
 175.2,   -0.1634177696 
 175.3,   -0.1716692376 
 175.4,   -0.1797745516 
 175.5,   -0.1877329232 
 175.6,   -0.1955435698 
 175.7,   -0.2032057152 
 175.8,   -0.2107185887 
 175.9,   -0.2180814264 
   176,   -0.2252934704 
 176.1,   -0.2323539697 
 176.2,   -0.2392621797 
 176.3,   -0.2460173629 
 176.4,   -0.2526187884 
 176.5,   -0.2590657326 
 176.6,   -0.2653574794 
 176.7,   -0.2714933197 
 176.8,    -0.277472552 
 176.9,   -0.2832944828 
   177,    -0.288958426 
 177.1,   -0.2944637037 
 177.2,   -0.2998096461 
 177.3,   -0.3049955914 
 177.4,   -0.3100208865 
 177.5,   -0.3148848866 
 177.6,   -0.3195869559 
 177.7,   -0.3241264666 
 177.8,   -0.3285028007 
 177.9,    -0.332715349 
   178,   -0.3367635113 
 178.1,   -0.3406466967 
 178.2,   -0.3443643243 
 178.3,   -0.3479158221 
 178.4,   -0.3513006285 
 178.5,   -0.3545181913 
 178.6,   -0.3575679686 
 178.7,   -0.3604494283 
 178.8,   -0.3631620489 
 178.9,   -0.3657053193 
   179,   -0.3680787385 
 179.1,   -0.3702818165 
 179.2,   -0.3723140741 
 179.3,   -0.3741750427 
 179.4,   -0.3758642649 
 179.5,   -0.3773812944 
 179.6,    -0.378725696 
 179.7,   -0.3798970462 
 179.8,   -0.3808949325 
 179.9,   -0.3817189541 
   180,   -0.3823687221 
 180.1,   -0.3828438594 
 180.2,   -0.3831440005 
 180.3,    -0.383268792 
 180.4,   -0.3832178927 
 180.5,   -0.3829909736 
 180.6,   -0.3825877178 
 180.7,    -0.382007821 
 180.8,   -0.3812509914 
 180.9,   -0.3803169495 
   181,   -0.3792054285 
 181.1,   -0.3779161748 
 181.2,   -0.3764489469 
 181.3,   -0.3748035167 
 181.4,   -0.3729796691 
 181.5,   -0.3709772015 
 181.6,   -0.3687959252 
 181.7,   -0.3664356639 
 181.8,   -0.3638962551 
 181.9,   -0.3611775496 
   182,   -0.3582794111 
 182.1,   -0.3552017172 
 182.2,   -0.3519443587 
 182.3,   -0.3485072403 
 182.4,   -0.3448902798 
 182.5,    -0.341093409 
 182.6,    -0.337116573 
 182.7,    -0.332959731 
 182.8,   -0.3286228558 
 182.9,   -0.3241059337 
   183,   -0.3194089652 
 183.1,   -0.3145319645 
 183.2,   -0.3094749595 
 183.3,   -0.3042379921 
 183.4,    -0.298821118 
 183.5,   -0.2932244068 
 183.6,   -0.2874479421 
 183.7,   -0.2814918213 
 183.8,    -0.275356156 
 183.9,   -0.2690410712 
   184,   -0.2625467061 
 184.1,   -0.2558732139 
 184.2,   -0.2490207615 
 184.3,   -0.2419895296 
 184.4,   -0.2347797132 
 184.5,   -0.2273915207 
 184.6,   -0.2198251741 
 184.7,     -0.21208091 
 184.8,   -0.2041589781 
 184.9,    -0.196059642 
   185,    -0.187783179 
 185.1,     -0.17932988 
 185.2,   -0.1707000494 
 185.3,   -0.1618940055 
 185.4,   -0.1529120798 
 185.5,   -0.1437546173 
 185.6,   -0.1344219764 
 185.7,   -0.1249145289 
 185.8,   -0.1152326598 
 185.9,   -0.1053767672 
   186,  -0.09534726276 
 186.1,  -0.08514457072 
 186.2,  -0.07476912843 
 186.3,  -0.06422138632 
 186.4,  -0.05350180764 
 186.5,  -0.04261086822 
 186.6,  -0.03154905659 
 186.7,  -0.02031687401 
 186.8, -0.008914833958 
 186.9,  0.002656537349 
   187,   0.01439670161 
 187.1,   0.02630510849 
 187.2,    0.0383811953 
 187.3,   0.05062438728 
 187.4,   0.06303409818 
 187.5,   0.07560972949 
 187.6,   0.08835067156 
 187.7,    0.1012563029 
 187.8,    0.1143259905 
 187.9,    0.1275590902 
   188,    0.1409549466 
 188.1,    0.1545128932 
 188.2,    0.1682322528 
 188.3,    0.1821123369 
 188.4,    0.1961524467 
 188.5,    0.2103518727 
 188.6,     0.224709895 
 188.7,    0.2392257833 
 188.8,    0.2538987974 
 188.9,    0.2687281866 
   189,    0.2837131909 
 189.1,      0.29885304 
 189.2,    0.3141469544 
 189.3,    0.3295941449 
 189.4,     0.345193813 
 189.5,    0.3609451513 
 189.6,    0.3768473429 
 189.7,    0.3928995623 
 189.8,    0.4091009752 
 189.9,    0.4254507388 
   190,    0.4419480017 
 190.1,    0.4585919041 
 190.2,    0.4753815785 
 190.3,    0.4923161491 
 190.4,    0.5093947324 
 190.5,    0.5266164368 
 190.6,    0.5439803637 
 190.7,    0.5614856069 
 190.8,    0.5791312531 
 190.9,    0.5969163815 
   191,     0.614840065 
 191.1,    0.6329013693 
 191.2,    0.6510993538 
 191.3,     0.669433071 
 191.4,    0.6879015678 
 191.5,    0.7065038843 
 191.6,    0.7252390548 
 191.7,    0.7441061079 
 191.8,    0.7631040668 
 191.9,    0.7822319483 
   192,    0.8014887647 
 192.1,    0.8208735227 
 192.2,    0.8403852242 
 192.3,    0.8600228656 
 192.4,    0.8797854394 
 192.5,    0.8996719326 
 192.6,    0.9196813286 
 192.7,     0.939812606 
 192.8,    0.9600647392 
 192.9,    0.9804366989 
   193,     1.000927452 
 193.1,     1.021535961 
 193.2,     1.042261185 
 193.3,     1.063102081 
 193.4,     1.084057602 
 193.5,     1.105126697 
 193.6,     1.126308312 
 193.7,     1.147601392 
 193.8,     1.169004877 
 193.9,     1.190517707 
   194,     1.212138817 
 194.1,     1.233867142 
 194.2,     1.255701612 
 194.3,     1.277641159 
 194.4,     1.299684709 
 194.5,     1.321831188 
 194.6,     1.344079523 
 194.7,     1.366428634 
 194.8,     1.388877445 
 194.9,     1.411424874 
   195,     1.434069843 
 195.1,      1.45681127 
 195.2,     1.479648071 
 195.3,     1.502579164 
 195.4,     1.525603464 
 195.5,     1.548719889 
 195.6,     1.571927352 
 195.7,      1.59522477 
 195.8,     1.618611056 
 195.9,     1.642085127 
   196,     1.665645897 
 196.1,     1.689292281 
 196.2,     1.713023195 
 196.3,     1.736837555 
 196.4,     1.760734277 
 196.5,     1.784712278 
 196.6,     1.808770476 
 196.7,     1.832907791 
 196.8,      1.85712314 
 196.9,     1.881415445 
   197,     1.905783628 
 197.1,      1.93022661 
 197.2,     1.954743318 
 197.3,     1.979332675 
 197.4,     2.003993609 
 197.5,     2.028725048 
 197.6,     2.053525924 
 197.7,     2.078395167 
 197.8,     2.103331711 
 197.9,     2.128334493 
   198,     2.153402449 
 198.1,     2.178534519 
 198.2,     2.203729646 
 198.3,     2.228986773 
 198.4,     2.254304847 
 198.5,     2.279682815 
 198.6,      2.30511963 
 198.7,     2.330614245 
 198.8,     2.356165615 
 198.9,       2.3817727 
   199,     2.407434461 
 199.1,     2.433149861 
 199.2,     2.458917869 
 199.3,     2.484737453 
 199.4,     2.510607587 
 199.5,     2.536527246 
 199.6,     2.562495408 
 199.7,     2.588511057 
 199.8,     2.614573175 
 199.9,     2.640680753 
   200,      2.66683278 
 200.1,     2.693028252 
 200.2,     2.719266166 
 200.3,     2.745545525 
 200.4,     2.771865332 
 200.5,     2.798224596 
 200.6,     2.824622328 
 200.7,     2.851057544 
 200.8,     2.877529263 
 200.9,     2.904036507 
   201,     2.930578302 
 201.1,     2.957153678 
 201.2,     2.983761668 
 201.3,      3.01040131 
 201.4,     3.037071645 
 201.5,     3.063771717 
 201.6,     3.090500575 
 201.7,     3.117257272 
 201.8,     3.144040864 
 201.9,     3.170850411 
   202,     3.197684978 
 202.1,     3.224543633 
 202.2,     3.251425448 
 202.3,       3.2783295 
 202.4,     3.305254868 
 202.5,     3.332200637 
 202.6,     3.359165895 
 202.7,     3.386149735 
 202.8,     3.413151254 
 202.9,     3.440169551 
   203,     3.467203732 
 203.1,     3.494252905 
 203.2,     3.521316184 
 203.3,     3.548392686 
 203.4,     3.575481532 
 203.5,     3.602581847 
 203.6,     3.629692762 
 203.7,     3.656813411 
 203.8,      3.68394293 
 203.9,     3.711080464 
   204,     3.738225158 
 204.1,     3.765376162 
 204.2,     3.792532633 
 204.3,     3.819693729 
 204.4,     3.846858613 
 204.5,     3.874026454 
 204.6,     3.901196422 
 204.7,     3.928367695 
 204.8,     3.955539452 
 204.9,     3.982710878 
   205,     4.009881162 
 205.1,     4.037049496 
 205.2,     4.064215078 
 205.3,     4.091377109 
 205.4,     4.118534794 
 205.5,     4.145687345 
 205.6,     4.172833974 
 205.7,     4.199973899 
 205.8,     4.227106343 
 205.9,     4.254230533 
   206,     4.281345699 
 206.1,     4.308451077 
 206.2,     4.335545904 
 206.3,     4.362629424 
 206.4,     4.389700885 
 206.5,     4.416759538 
 206.6,     4.443804638 
 206.7,     4.470835445 
 206.8,     4.497851223 
 206.9,     4.524851239 
   207,     4.551834765 
 207.1,     4.578801078 
 207.2,     4.605749456 
 207.3,     4.632679184 
 207.4,      4.65958955 
 207.5,     4.686479847 
 207.6,     4.713349368 
 207.7,     4.740197416 
 207.8,     4.767023293 
 207.9,     4.793826307 
   208,      4.82060577 
 208.1,     4.847360998 
 208.2,      4.87409131 
 208.3,     4.900796029 
 208.4,     4.927474483 
 208.5,     4.954126003 
 208.6,     4.980749924 
 208.7,     5.007345583 
 208.8,     5.033912325 
 208.9,     5.060449495 
   209,     5.086956442 
 209.1,     5.113432522 
 209.2,      5.13987709 
 209.3,     5.166289509 
 209.4,     5.192669143 
 209.5,     5.219015361 
 209.6,     5.245327534 
 209.7,     5.271605039 
 209.8,     5.297847254 
 209.9,     5.324053563 
   210,     5.350223352 
 210.1,     5.376356011 
 210.2,     5.402450934 
 210.3,     5.428507517 
 210.4,     5.454525162 
 210.5,     5.480503271 
 210.6,     5.506441252 
 210.7,     5.532338517 
 210.8,     5.558194479 
 210.9,     5.584008556 
   211,     5.609780169 
 211.1,     5.635508741 
 211.2,     5.661193702 
 211.3,      5.68683448 
 211.4,     5.712430511 
 211.5,     5.737981232 
 211.6,     5.763486084 
 211.7,     5.788944509 
 211.8,     5.814355956 
 211.9,     5.839719874 
   212,     5.865035717 
 212.1,     5.890302941 
 212.2,     5.915521005 
 212.3,     5.940689372 
 212.4,     5.965807507 
 212.5,      5.99087488 
 212.6,     6.015890962 
 212.7,     6.040855227 
 212.8,     6.065767153 
 212.9,     6.090626221 
   213,     6.115431913 
 213.1,     6.140183717 
 213.2,     6.164881122 
 213.3,      6.18952362 
 213.4,     6.214110705 
 213.5,     6.238641875 
 213.6,     6.263116632 
 213.7,     6.287534477 
 213.8,     6.311894918 
 213.9,     6.336197463 
   214,     6.360441623 
 214.1,     6.384626913 
 214.2,      6.40875285 
 214.3,     6.432818952 
 214.4,     6.456824742 
 214.5,     6.480769746 
 214.6,     6.504653489 
 214.7,     6.528475501 
 214.8,     6.552235316 
 214.9,     6.575932468 
   215,     6.599566494 
 215.1,     6.623136933 
 215.2,      6.64664333 
 215.3,     6.670085227 
 215.4,     6.693462172 
 215.5,     6.716773714 
 215.6,     6.740019406 
 215.7,     6.763198802 
 215.8,     6.786311457 
 215.9,     6.809356931 
   216,     6.832334785 
 216.1,     6.855244581 
 216.2,     6.878085887 
 216.3,     6.900858269 
 216.4,     6.923561297 
 216.5,     6.946194544 
 216.6,     6.968757584 
 216.7,     6.991249993 
 216.8,      7.01367135 
 216.9,     7.036021235 
   217,     7.058299231 
 217.1,     7.080504924 
 217.2,     7.102637899 
 217.3,     7.124697746 
 217.4,     7.146684055 
 217.5,     7.168596419 
 217.6,     7.190434433 
 217.7,     7.212197694 
 217.8,       7.2338858 
 217.9,     7.255498352 
   218,     7.277034952 
 218.1,     7.298495203 
 218.2,     7.319878714 
 218.3,      7.34118509 
 218.4,     7.362413942 
 218.5,     7.383564881 
 218.6,     7.404637521 
 218.7,     7.425631477 
 218.8,     7.446546364 
 218.9,     7.467381802 
   219,      7.48813741 
 219.1,     7.508812811 
 219.2,     7.529407627 
 219.3,     7.549921484 
 219.4,     7.570354008 
 219.5,     7.590704827 
 219.6,     7.610973572 
 219.7,     7.631159873 
 219.8,     7.651263364 
 219.9,     7.671283678 
   220,     7.691220452 
 220.1,     7.711073323 
 220.2,      7.73084193 
 220.3,     7.750525913 
 220.4,     7.770124914 
 220.5,     7.789638576 
 220.6,     7.809066544 
 220.7,     7.828408462 
 220.8,     7.847663979 
 220.9,     7.866832744 
   221,     7.885914405 
 221.1,     7.904908615 
 221.2,     7.923815026 
 221.3,     7.942633291 
 221.4,     7.961363066 
 221.5,     7.980004006 
 221.6,      7.99855577 
 221.7,     8.017018016 
 221.8,     8.035390404 
 221.9,     8.053672595 
   222,     8.071864251 
 222.1,     8.089965035 
 222.2,     8.107974612 
 222.3,     8.125892648 
 222.4,     8.143718809 
 222.5,     8.161452763 
 222.6,     8.179094178 
 222.7,     8.196642725 
 222.8,     8.214098074 
 222.9,     8.231459897 
   223,     8.248727867 
 223.1,     8.265901657 
 223.2,     8.282980943 
 223.3,       8.2999654 
 223.4,     8.316854705 
 223.5,     8.333648535 
 223.6,     8.350346569 
 223.7,     8.366948485 
 223.8,     8.383453965 
 223.9,     8.399862688 
   224,     8.416174338 
 224.1,     8.432388596 
 224.2,     8.448505146 
 224.3,     8.464523672 
 224.4,     8.480443859 
 224.5,     8.496265393 
 224.6,     8.511987961 
 224.7,     8.527611249 
 224.8,     8.543134946 
 224.9,      8.55855874 
   225,      8.57388232 
 225.1,     8.589105377 
 225.2,     8.604227601 
 225.3,     8.619248682 
 225.4,     8.634168314 
 225.5,     8.648986188 
 225.6,     8.663701997 
 225.7,     8.678315436 
 225.8,     8.692826197 
 225.9,     8.707233977 
   226,     8.721538469 
 226.1,     8.735739371 
 226.2,     8.749836377 
 226.3,     8.763829185 
 226.4,     8.777717492 
 226.5,     8.791500995 
 226.6,     8.805179393 
 226.7,     8.818752384 
 226.8,     8.832219667 
 226.9,     8.845580941 
   227,     8.858835906 
 227.1,     8.871984262 
 227.2,     8.885025709 
 227.3,     8.897959948 
 227.4,     8.910786681 
 227.5,     8.923505608 
 227.6,     8.936116431 
 227.7,     8.948618852 
 227.8,     8.961012573 
 227.9,     8.973297297 
   228,     8.985472726 
 228.1,     8.997538563 
 228.2,     9.009494512 
 228.3,     9.021340276 
 228.4,     9.033075557 
 228.5,      9.04470006 
 228.6,     9.056213489 
 228.7,     9.067615547 
 228.8,     9.078905939 
 228.9,     9.090084369 
   229,      9.10115054 
 229.1,     9.112104158 
 229.2,     9.122944926 
 229.3,     9.133672549 
 229.4,     9.144286732 
 229.5,     9.154787179 
 229.6,     9.165173594 
 229.7,     9.175445682 
 229.8,     9.185603148 
 229.9,     9.195645696 
   230,      9.20557303 
 230.1,     9.215384855 
 230.2,     9.225080874 
 230.3,     9.234660792 
 230.4,     9.244124314 
 230.5,     9.253471142 
 230.6,     9.262700982 
 230.7,     9.271813535 
 230.8,     9.280808506 
 230.9,     9.289685599 
   231,     9.298444515 
 231.1,     9.307084959 
 231.2,     9.315606632 
 231.3,     9.324009237 
 231.4,     9.332292477 
 231.5,     9.340456052 
 231.6,     9.348499666 
 231.7,     9.356423018 
 231.8,     9.364225811 
 231.9,     9.371907744 
   232,     9.379468518 
 232.1,     9.386907833 
 232.2,     9.394225389 
 232.3,     9.401420885 
 232.4,     9.408494019 
 232.5,      9.41544449 
 232.6,     9.422271996 
 232.7,     9.428976234 
 232.8,     9.435556903 
 232.9,     9.442013697 
   233,     9.448346313 
 233.1,     9.454554447 
 233.2,     9.460637794 
 233.3,     9.466596048 
 233.4,     9.472428903 
 233.5,     9.478136053 
 233.6,      9.48371719 
 233.7,     9.489172007 
 233.8,     9.494500195 
 233.9,     9.499701445 
   234,     9.504775448 
 234.1,     9.509721892 
 234.2,     9.514540468 
 234.3,     9.519230863 
 234.4,     9.523792764 
 234.5,     9.528225859 
 234.6,     9.532529834 
 234.7,     9.536704373 
 234.8,     9.540749162 
 234.9,     9.544663885 
   235,     9.548448223 
 235.1,     9.552101859 
 235.2,     9.555624475 
 235.3,      9.55901575 
 235.4,     9.562275364 
 235.5,     9.565402997 
 235.6,     9.568398324 
 235.7,     9.571261024 
 235.8,     9.573990772 
 235.9,     9.576587243 
   236,      9.57905011 
 236.1,     9.581379047 
 236.2,     9.583573725 
 236.3,     9.585633815 
 236.4,     9.587558986 
 236.5,     9.589348908 
 236.6,     9.591003248 
 236.7,     9.592521672 
 236.8,     9.593903846 
 236.9,     9.595149434 
   237,     9.596258098 
 237.1,       9.5972295 
 237.2,     9.598063302 
 237.3,     9.598759162 
 237.4,     9.599316739 
 237.5,     9.599735689 
 237.6,     9.600015668 
 237.7,     9.600156329 
 237.8,     9.600157327 
 237.9,     9.600018313 
   238,     9.599738936 
 238.1,     9.599318846 
 238.2,     9.598757689 
 238.3,     9.598055113 
 238.4,     9.597210761 
 238.5,     9.596224276 
 238.6,     9.595095301 
 238.7,     9.593823474 
 238.8,     9.592408435 
 238.9,      9.59084982 
   239,     9.589147266 
 239.1,     9.587300404 
 239.2,     9.585308868 
 239.3,     9.583172289 
 239.4,     9.580890294 
 239.5,     9.578462511 
 239.6,     9.575888565 
 239.7,      9.57316808 
 239.8,     9.570300678 
 239.9,     9.567285979 
   240,     9.564123601 
 240.1,     9.560813161 
 240.2,     9.557354272 
 240.3,     9.553746548 
 240.4,     9.549989599 
 240.5,     9.546083035 
 240.6,     9.542026461 
 240.7,     9.537819484 
 240.8,     9.533461704 
 240.9,     9.528952724 
   241,     9.524292142 
 241.1,     9.519479555 
 241.2,     9.514514556 
 241.3,     9.509396739 
 241.4,     9.504125692 
 241.5,     9.498701005 
 241.6,     9.493122263 
 241.7,     9.487389049 
 241.8,     9.481500944 
 241.9,     9.475457527 
   242,     9.469258374 
 242.1,     9.462903059 
 242.2,     9.456391154 
 242.3,     9.449722228 
 242.4,     9.442895848 
 242.5,     9.435911576 
 242.6,     9.428768976 
 242.7,     9.421467606 
 242.8,     9.414007022 
 242.9,     9.406386778 
   243,     9.398606425 
 243.1,     9.390665511 
 243.2,     9.382563582 
 243.3,      9.37430018 
 243.4,     9.365874846 
 243.5,     9.357287116 
 243.6,     9.348536525 
 243.7,     9.339622604 
 243.8,     9.330544881 
 243.9,     9.321302881 
   244,     9.311896128 
 244.1,     9.302324139 
 244.2,      9.29258643 
 244.3,     9.282682516 
 244.4,     9.272611905 
 244.5,     9.262374103 
 244.6,     9.251968615 
 244.7,      9.24139494 
 244.8,     9.230652573 
 244.9,     9.219741009 
   245,     9.208659737 
 245.1,     9.197408243 
 245.2,      9.18598601 
 245.3,     9.174392516 
 245.4,     9.162627237 
 245.5,     9.150689645 
 245.6,     9.138579208 
 245.7,     9.126295389 
 245.8,      9.11383765 
 245.9,     9.101205447 
   246,     9.088398232 
 246.1,     9.075415454 
 246.2,     9.062256559 
 246.3,     9.048920985 
 246.4,      9.03540817 
 246.5,     9.021717547 
 246.6,     9.007848543 
 246.7,     8.993800582 
 246.8,     8.979573083 
 246.9,     8.965165462 
   247,      8.95057713 
 247.1,     8.935807492 
 247.2,      8.92085595 
 247.3,     8.905721901 
 247.4,     8.890404738 
 247.5,     8.874903848 
 247.6,     8.859218613 
 247.7,     8.843348413 
 247.8,     8.827292619 
 247.9,       8.8110506 
   248,     8.794621718 
 248.1,     8.778005333 
 248.2,     8.761200795 
 248.3,     8.744207454 
 248.4,      8.72702465 
 248.5,     8.709651721 
 248.6,     8.692087997 
 248.7,     8.674332806 
 248.8,     8.656385466 
 248.9,     8.638245292 
   249,     8.619911593 
 249.1,     8.601383672 
 249.2,     8.582660825 
 249.3,     8.563742345 
 249.4,     8.544627514 
 249.5,     8.525315613 
 249.6,     8.505805914 
 249.7,     8.486097683 
 249.8,      8.46619018 
 249.9,     8.446082658 
   250,     8.425774363 
 250.1,     8.405264537 
 250.2,     8.384552412 
 250.3,     8.363637215 
 250.4,     8.342518165 
 250.5,     8.321194475 
 250.6,     8.299665351 
 250.7,     8.277929989 
 250.8,     8.255987582 
 250.9,     8.233837313 
   251,     8.211478357 
 251.1,     8.188909882 
 251.2,      8.16613105 
 251.3,     8.143141012 
 251.4,     8.119938914 
 251.5,     8.096523891 
 251.6,     8.072895073 
 251.7,      8.04905158 
 251.8,     8.024992522 
 251.9,     8.000717004 
   252,     7.976224119 
 252.1,     7.951512954 
 252.2,     7.926582584 
 252.3,     7.901432079 
 252.4,     7.876060495 
 252.5,     7.850466883 
 252.6,     7.824650283 
 252.7,     7.798609724 
 252.8,     7.772344227 
 252.9,     7.745852803 
   253,     7.719134452 
 253.1,     7.692188165 
 253.2,     7.665012922 
 253.3,     7.637607693 
 253.4,     7.609971437 
 253.5,     7.582103102 
 253.6,     7.554001627 
 253.7,     7.525665936 
 253.8,     7.497094945 
 253.9,     7.468287559 
   254,     7.439242668 
 254.1,     7.409959154 
 254.2,     7.380435885 
 254.3,     7.350671717 
 254.4,     7.320665494 
 254.5,     7.290416048 
 254.6,     7.259922196 
 254.7,     7.229182746 
 254.8,     7.198196489 
 254.9,     7.166962206 
   255,     7.135478661 
 255.1,     7.103744608 
 255.2,     7.071758785 
 255.3,     7.039519916 
 255.4,      7.00702671 
 255.5,     6.974277863 
 255.6,     6.941272055 
 255.7,     6.908007951 
 255.8,     6.874484202 
 255.9,     6.840699442 
   256,     6.806652288 
 256.1,     6.772341345 
 256.2,     6.737765197 
 256.3,     6.702922416 
 256.4,     6.667811552 
 256.5,     6.632431143 
 256.6,     6.596779705 
 256.7,     6.560855741 
 256.8,     6.524657731 
 256.9,     6.488184141 
   257,     6.451433415 
 257.1,     6.414403982 
 257.2,     6.377094246 
 257.3,     6.339502598 
 257.4,     6.301627405 
 257.5,     6.263467013 
 257.6,     6.225019752 
 257.7,     6.186283926 
 257.8,     6.147257821 
 257.9,       6.1079397 
   258,     6.068327804 
 258.1,     6.028420353 
 258.2,     5.988215542 
 258.3,     5.947711543 
 258.4,     5.906906508 
 258.5,     5.865798559 
 258.6,     5.824385799 
 258.7,     5.782666303 
 258.8,     5.740638122 
 258.9,     5.698299281 
   259,     5.655647777 
 259.1,     5.612681584 
 259.2,     5.569398645 
 259.3,     5.525796878 
 259.4,     5.481874171 
 259.5,     5.437628385 
 259.6,      5.39305735 
 259.7,     5.348158867 
 259.8,     5.302930708 
 259.9,     5.257370611 
   260,     5.211476286 
 260.1,     5.165245408 
 260.2,     5.118675622 
 260.3,     5.071764538 
 260.4,     5.024509732 
 260.5,     4.976908747 
 260.6,     4.928959089 
 260.7,     4.880658229 
 260.8,     4.832003602 
 260.9,     4.782992605 
   261,     4.733622597 
 261.1,     4.683890899 
 261.2,     4.633794791 
 261.3,     4.583331514 
 261.4,     4.532498269 
 261.5,     4.481292213 
 261.6,     4.429710461 
 261.7,     4.377750085 
 261.8,     4.325408113 
 261.9,     4.272681527 
   262,     4.219567262 
 262.1,     4.166062208 
 262.2,     4.112163206 
 262.3,     4.057867048 
 262.4,     4.003170474 
 262.5,     3.948070178 
 262.6,     3.892562796 
 262.7,     3.836644916 
 262.8,     3.780313068 
 262.9,     3.723563728 
   263,     3.666393316 
 263.1,     3.608798195 
 263.2,     3.550774667 
 263.3,     3.492318975 
 263.4,     3.433427302 
 263.5,     3.374095765 
 263.6,      3.31432042 
 263.7,     3.254097258 
 263.8,       3.1934222 
 263.9,     3.132291102 
   264,     3.070699749 
 264.1,     3.008643855 
 264.2,     2.946119063 
 264.3,     2.883120938 
 264.4,     2.819644974 
 264.5,     2.755686585 
 264.6,     2.691241105 
 264.7,     2.626303789 
 264.8,      2.56086981 
 264.9,     2.494934254 
   265,     2.428492123 
 265.1,     2.361538331 
 265.2,       2.2940677 
 265.3,     2.226074962 
 265.4,     2.157554754 
 265.5,     2.088501617 
 265.6,     2.018909995 
 265.7,      1.94877423 
 265.8,     1.878088562 
 265.9,     1.806847127 
   266,     1.735043953 
 266.1,     1.662672958 
 266.2,     1.589727949 
 266.3,     1.516202618 
 266.4,     1.442090542 
 266.5,     1.367385177 
 266.6,     1.292079855 
 266.7,     1.216167787 
 266.8,     1.139642054 
 266.9,     1.062495609 
   267,     0.984721269 
 267.1,    0.9063117172 
 267.2,    0.8272594975 
 267.3,    0.7475570117 
 267.4,    0.6671965171 
 267.5,    0.5861701228 
 267.6,    0.5044697873 
 267.7,    0.4220873145 
 267.8,    0.3390143515 
 267.9,    0.2552423845 
   268,    0.1707627362 
 268.1,   0.08556656234 
 268.2, -0.0003551517327 
 268.3,  -0.08701159427 
 268.4,   -0.1744121301 
 268.5,   -0.2625663043 
 268.6,   -0.3514838453 
 268.7,    -0.441174668 
 268.8,   -0.5316488775 
 268.9,   -0.6229167715 
   269,   -0.7149888439 
 269.1,   -0.8078757875 
 269.2,   -0.9015884974 
 269.3,   -0.9961380732 
 269.4,    -1.091535822 
 269.5,    -1.187793261 
 269.6,    -1.284922119 
 269.7,     -1.38293434 
 269.8,    -1.481842083 
 269.9,    -1.581657725 
   270,    -1.682393862 
 270.1,    -1.784063308 
 270.2,    -1.886679099 
 270.3,    -1.990254488 
 270.4,    -2.094802948 
 270.5,     -2.20033817 
 270.6,    -2.306874058 
 270.7,    -2.414424729 
 270.8,    -2.523004509 
 270.9,    -2.632627926 
   271,    -2.743309704 
 271.1,    -2.855064761 
 271.2,    -2.967908189 
 271.3,    -3.081855257 
 271.4,    -3.196921388 
 271.5,    -3.313122148 
 271.6,    -3.430473234 
 271.7,    -3.548990448 
 271.8,    -3.668689678 
 271.9,    -3.789586876 
   272,    -3.911698024 
 272.1,    -4.035039107 
 272.2,    -4.159626073 
 272.3,    -4.285474793 
 272.4,    -4.412601018 
 272.5,     -4.54102032 
 272.6,    -4.670748039 
 272.7,    -4.801799214 
 272.8,    -4.934188513 
 272.9,    -5.067930146 
   273,    -5.203037776 
 273.1,    -5.339524415 
 273.2,     -5.47740231 
 273.3,    -5.616682812 
 273.4,    -5.757376238 
 273.5,    -5.899491707 
 273.6,     -6.04303697 
 273.7,    -6.188018207 
 273.8,    -6.334439815 
 273.9,    -6.482304163 
   274,    -6.631611327 
 274.1,    -6.782358792 
 274.2,    -6.934541126 
 274.3,    -7.088149619 
 274.4,    -7.243171882 
 274.5,    -7.399591407 
 274.6,    -7.557387089 
 274.7,    -7.716532688 
 274.8,    -7.876996248 
 274.9,    -8.038739463 
   275,    -8.201716978 
 275.1,    -8.365875632 
 275.2,    -8.531153635 
 275.3,    -8.697479678 
 275.4,    -8.864771973 
 275.5,    -9.032937224 
 275.6,    -9.201869527 
 275.7,    -9.371449205 
 275.8,     -9.54154157 
 275.9,    -9.711995652 
   276,    -9.882642855 
 276.1,    -10.05329561 
 276.2,    -10.22374598 
 276.3,    -10.39376436 
 276.4,     -10.5630981 
 276.5,    -10.73147035 
 276.6,    -10.89857893 
 276.7,     -11.0640955 
 276.8,    -11.22766485 
 276.9,    -11.38890468 
   277,    -11.54740569 
 277.1,    -11.70273217 
 277.2,    -11.85442325 
 277.3,    -12.00199478 
 277.4,    -12.14494201 
 277.5,    -12.28274307 
 277.6,    -12.41486338 
 277.7,    -12.54076098 
 277.8,    -12.65989272 
 277.9,    -12.77172136 
   278,    -12.87572336 
 278.1,    -12.97139732 
 278.2,    -13.05827271 
 278.3,    -13.13591873 
 278.4,    -13.20395302 
 278.5,    -13.26204971 
 278.6,    -13.30994671 
 278.7,    -13.34745173 
 278.8,    -13.37444681 
 278.9,    -13.39089117 
   279,    -13.39682221 
 279.1,    -13.39235456 
 279.2,    -13.37767733 
 279.3,    -13.35304962 
 279.4,    -13.31879452 
 279.5,    -13.27529193 
 279.6,    -13.22297044 
 279.7,    -13.16229871 
 279.8,    -13.09377659 
 279.9,    -13.01792635 
   280,    -12.93528426 
 280.1,    -12.84639278 
 280.2,    -12.75179339 
 280.3,    -12.65202042 
 280.4,    -12.54759563 
 280.5,    -12.43902382 
 280.6,     -12.3267893 
 280.7,    -12.21135315 
 280.8,    -12.09315136 
 280.9,    -11.97259355 
   281,    -11.85006233 
 281.1,     -11.7259132 
 281.2,    -11.60047481 
 281.3,    -11.47404957 
 281.4,    -11.34691456 
 281.5,    -11.21932258 
 281.6,    -11.09150337 
 281.7,     -10.9636649 
 281.8,    -10.83599476 
 281.9,    -10.70866148 
   282,    -10.58181595 
 282.1,    -10.45559267 
 282.2,    -10.33011112 
 282.3,    -10.20547694 
 282.4,    -10.08178312 
 282.5,     -9.95911108 
 282.6,    -9.837531735 
 282.7,    -9.717106432 
 282.8,     -9.59788785 
 282.9,    -9.479920825 
   283,    -9.363243111 
 283.1,    -9.247886073 
 283.2,    -9.133875334 
 283.3,    -9.021231353 
 283.4,    -8.909969957 
 283.5,    -8.800102833 
 283.6,    -8.691637961 
 283.7,    -8.584580019 
 283.8,    -8.478930744 
 283.9,     -8.37468926 
   284,    -8.271852377 
 284.1,    -8.170414854 
 284.2,    -8.070369648 
 284.3,    -7.971708127 
 284.4,    -7.874420267 
 284.5,    -7.778494832 
 284.6,    -7.683919529 
 284.7,    -7.590681156 
 284.8,    -7.498765723 
 284.9,    -7.408158576 
   285,    -7.318844493 
 285.1,    -7.230807777 
 285.2,    -7.144032345 
 285.3,    -7.058501792 
 285.4,    -6.974199467 
 285.5,    -6.891108522 
 285.6,    -6.809211972 
 285.7,    -6.728492736 
 285.8,    -6.648933681 
 285.9,    -6.570517657 
   286,     -6.49322753 
 286.1,    -6.417046209 
 286.2,    -6.341956674 
 286.3,    -6.267941991 
 286.4,     -6.19498534 
 286.5,    -6.123070023 
 286.6,    -6.052179484 
 286.7,    -5.982297317 
 286.8,    -5.913407282 
 286.9,    -5.845493305 
   287,    -5.778539495 
 287.1,    -5.712530142 
 287.2,    -5.647449726 
 287.3,    -5.583282922 
 287.4,    -5.520014597 
 287.5,    -5.457629819 
 287.6,    -5.396113854 
 287.7,    -5.335452166 
 287.8,    -5.275630421 
 287.9,    -5.216634484 
   288,    -5.158450418 
 288.1,    -5.101064484 
 288.2,    -5.044463136 
 288.3,    -4.988633025 
 288.4,    -4.933560993 
 288.5,    -4.879234069 
 288.6,    -4.825639469 
 288.7,    -4.772764596 
 288.8,     -4.72059703 
 288.9,    -4.669124531 
   289,    -4.618335034 
 289.1,    -4.568216643 
 289.2,    -4.518757635 
 289.3,    -4.469946448 
 289.4,    -4.421771684 
 289.5,    -4.374222104 
 289.6,    -4.327286623 
 289.7,    -4.280954309 
 289.8,    -4.235214379 
 289.9,    -4.190056194 
   290,    -4.145469259 
 290.1,    -4.101443217 
 290.2,    -4.057967847 
 290.3,    -4.015033062 
 290.4,    -3.972628903 
 290.5,    -3.930745539 
 290.6,    -3.889373262 
 290.7,    -3.848502486 
 290.8,    -3.808123742 
 290.9,    -3.768227677 
   291,     -3.72880505 
 291.1,    -3.689846729 
 291.2,    -3.651343692 
 291.3,    -3.613287021 
 291.4,    -3.575667897 
 291.5,    -3.538477606 
 291.6,    -3.501707529 
 291.7,    -3.465349143 
 291.8,    -3.429394017 
 291.9,    -3.393833815 
   292,    -3.358660286 
 292.1,    -3.323865268 
 292.2,    -3.289440685 
 292.3,    -3.255378543 
 292.4,    -3.221670932 
 292.5,    -3.188310019 
 292.6,    -3.155288053 
 292.7,    -3.122597358 
 292.8,    -3.090230333 
 292.9,    -3.058179453 
   293,    -3.026437263 
 293.1,    -2.994996382 
 293.2,    -2.963849498 
 293.3,    -2.932989369 
 293.4,     -2.90240882 
 293.5,    -2.872100742 
 293.6,    -2.842058096 
 293.7,    -2.812273903 
 293.8,    -2.782741251 
 293.9,    -2.753453293 
   294,     -2.72440324 
 294.1,    -2.695584371 
 294.2,    -2.666990021 
 294.3,    -2.638613589 
 294.4,    -2.610448533 
 294.5,    -2.582488373 
 294.6,    -2.554726686 
 294.7,     -2.52715711 
 294.8,     -2.49977334 
 294.9,    -2.472569132 
   295,    -2.445538298 
 295.1,    -2.418674709 
 295.2,    -2.391972296 
 295.3,    -2.365425047 
 295.4,    -2.339027006 
 295.5,    -2.312772277 
 295.6,    -2.286655023 
 295.7,    -2.260669463 
 295.8,    -2.234809877 
 295.9,    -2.209070601 
   296,    -2.183446032 
 296.1,    -2.157930623 
 296.2,     -2.13251889 
 296.3,    -2.107205407 
 296.4,    -2.081984806 
 296.5,    -2.056851784 
 296.6,    -2.031801093 
 296.7,    -2.006827551 
 296.8,    -1.981926035 
 296.9,    -1.957091485 
   297,    -1.932318904 
 297.1,    -1.907603357 
 297.2,    -1.882939973 
 297.3,    -1.858323946 
 297.4,    -1.833750533 
 297.5,    -1.809215059 
 297.6,    -1.784712913 
 297.7,     -1.76023955 
 297.8,    -1.735790494 
 297.9,    -1.711361337 
   298,    -1.686947737 
 298.1,    -1.662545422 
 298.2,    -1.638150191 
 298.3,    -1.613757912 
 298.4,    -1.589364525 
 298.5,     -1.56496604 
 298.6,     -1.54055854 
 298.7,    -1.516138181 
 298.8,    -1.491701192 
 298.9,    -1.467243876 
   299,    -1.442762612 
 299.1,    -1.418253851 
 299.2,    -1.393714122 
 299.3,    -1.369140031 
 299.4,    -1.344528259 
 299.5,    -1.319875565 
 299.6,    -1.295178785 
 299.7,    -1.270434835 
 299.8,    -1.245640707 
 299.9,    -1.220793475 
   300,    -1.195890291 
 300.1,    -1.170928386 
 300.2,    -1.145905072 
 300.3,    -1.120817743 
 300.4,    -1.095663871 
 300.5,    -1.070441011 
 300.6,    -1.045146798 
 300.7,    -1.019778949 
 300.8,   -0.9943352629 
 300.9,   -0.9688136185 
   301,   -0.9432119779 
 301.1,   -0.9175283845 
 301.2,    -0.891760963 
 301.3,   -0.8659079202 
 301.4,   -0.8399675442 
 301.5,   -0.8139382045 
 301.6,   -0.7878183521 
 301.7,    -0.761606519 
 301.8,   -0.7353013178 
 301.9,   -0.7089014417 
   302,   -0.6824056643 
 302.1,   -0.6558128391 
 302.2,   -0.6291218987 
 302.3,   -0.6023318548 
 302.4,   -0.5754417979 
 302.5,   -0.5484508961 
 302.6,   -0.5213583951 
 302.7,   -0.4941636176 
 302.8,   -0.4668659621 
 302.9,   -0.4394649027 
   303,   -0.4119599885 
 303.1,   -0.3843508425 
 303.2,   -0.3566371608 
 303.3,    -0.328818712 
 303.4,   -0.3008953365 
 303.5,   -0.2728669447 
 303.6,   -0.2447335175 
 303.7,   -0.2164951041 
 303.8,   -0.1881518214 
 303.9,   -0.1597038535 
   304,   -0.1311514498 
 304.1,   -0.1024949245 
 304.2,  -0.07373465541 
 304.3,  -0.04487108254 
 304.4,  -0.01590470732 
 304.5,   0.01316390882 
 304.6,   0.04233414546 
 304.7,   0.07160532461 
 304.8,    0.1009767119 
 304.9,    0.1304475176 
   305,    0.1600168981 
 305.1,    0.1896839574 
 305.2,    0.2194477478 
 305.3,    0.2493072719 
 305.4,    0.2792614832 
 305.5,    0.3093092884 
 305.6,    0.3394495476 
 305.7,    0.3696810765 
 305.8,    0.4000026475 
 305.9,    0.4304129909 
   306,    0.4609107962 
 306.1,    0.4914947141 
 306.2,    0.5221633571 
 306.3,    0.5529153011 
 306.4,     0.583749087 
 306.5,    0.6146632217 
 306.6,    0.6456561799 
 306.7,    0.6767264048 
 306.8,    0.7078723102 
 306.9,    0.7390922811 
   307,    0.7703846757 
 307.1,    0.8017478261 
 307.2,      0.83318004 
 307.3,     0.864679602 
 307.4,    0.8962447747 
 307.5,    0.9278737998 
 307.6,    0.9595649001 
 307.7,    0.9913162797 
 307.8,     1.023126126 
 307.9,     1.054992611 
   308,     1.086913892 
 308.1,     1.118888111 
 308.2,     1.150913402 
 308.3,     1.182987884 
 308.4,     1.215109667 
 308.5,     1.247276854 
 308.6,     1.279487538 
 308.7,     1.311739806 
 308.8,      1.34403174 
 308.9,     1.376361417 
   309,     1.408726909 
 309.1,     1.441126286 
 309.2,     1.473557619 
 309.3,     1.506018973 
 309.4,     1.538508417 
 309.5,      1.57102402 
 309.6,     1.603563852 
 309.7,     1.636125987 
 309.8,     1.668708501 
 309.9,     1.701309475 
   310,     1.733926995 
 310.1,     1.766559153 
 310.2,     1.799204046 
 310.3,     1.831859782 
 310.4,     1.864524472 
 310.5,     1.897196238 
 310.6,     1.929873212 
 310.7,     1.962553533 
 310.8,     1.995235354 
 310.9,     2.027916836 
   311,     2.060596153 
 311.1,     2.093271489 
 311.2,     2.125941043 
 311.3,     2.158603025 
 311.4,      2.19125566 
 311.5,     2.223897186 
 311.6,     2.256525856 
 311.7,     2.289139935 
 311.8,     2.321737708 
 311.9,      2.35431747 
   312,     2.386877535 
 312.1,     2.419416234 
 312.2,     2.451931911 
 312.3,     2.484422929 
 312.4,     2.516887667 
 312.5,     2.549324523 
 312.6,      2.58173191 
 312.7,      2.61410826 
 312.8,     2.646452023 
 312.9,     2.678761666 
   313,     2.711035676 
 313.1,     2.743272557 
 313.2,     2.775470831 
 313.3,     2.807629041 
 313.4,     2.839745747 
 313.5,     2.871819527 
 313.6,     2.903848981 
 313.7,     2.935832726 
 313.8,     2.967769398 
 313.9,     2.999657653 
   314,     3.031496167 
 314.1,     3.063283632 
 314.2,     3.095018763 
 314.3,     3.126700294 
 314.4,     3.158326975 
 314.5,     3.189897578 
 314.6,     3.221410895 
 314.7,     3.252865736 
 314.8,      3.28426093 
 314.9,     3.315595324 
   315,     3.346867789 
 315.1,     3.378077209 
 315.2,     3.409222491 
 315.3,     3.440302559 
 315.4,     3.471316358 
 315.5,      3.50226285 
 315.6,     3.533141016 
 315.7,     3.563949856 
 315.8,     3.594688389 
 315.9,      3.62535565 
   316,     3.655950696 
 316.1,     3.686472599 
 316.2,     3.716920451 
 316.3,     3.747293361 
 316.4,     3.777590456 
 316.5,     3.807810881 
 316.6,     3.837953797 
 316.7,     3.868018385 
 316.8,     3.898003842 
 316.9,     3.927909381 
   317,     3.957734233 
 317.1,     3.987477646 
 317.2,     4.017138885 
 317.3,      4.04671723 
 317.4,     4.076211979 
 317.5,     4.105622444 
 317.6,     4.134947955 
 317.7,     4.164187857 
 317.8,     4.193341512 
 317.9,     4.222408295 
   318,     4.251387598 
 318.1,     4.280278829 
 318.2,     4.309081407 
 318.3,     4.337794772 
 318.4,     4.366418373 
 318.5,     4.394951677 
 318.6,     4.423394163 
 318.7,     4.451745327 
 318.8,     4.480004675 
 318.9,     4.508171731 
   319,     4.536246029 
 319.1,     4.564227119 
 319.2,     4.592114562 
 319.3,     4.619907935 
 319.4,     4.647606826 
 319.5,     4.675210835 
 319.6,     4.702719577 
 319.7,     4.730132677 
 319.8,     4.757449774 
 319.9,     4.784670517 
   320,      4.81179457 
 320.1,     4.838821606 
 320.2,      4.86575131 
 320.3,      4.89258338 
 320.4,     4.919317524 
 320.5,      4.94595346 
 320.6,      4.97249092 
 320.7,     4.998929643 
 320.8,     5.025269382 
 320.9,     5.051509897 
   321,     5.077650962 
 321.1,     5.103692358 
 321.2,     5.129633877 
 321.3,     5.155475322 
 321.4,     5.181216504 
 321.5,     5.206857243 
 321.6,     5.232397371 
 321.7,     5.257836727 
 321.8,      5.28317516 
 321.9,     5.308412526 
   322,     5.333548693 
 322.1,     5.358583535 
 322.2,     5.383516935 
 322.3,     5.408348784 
 322.4,     5.433078984 
 322.5,     5.457707441 
 322.6,     5.482234071 
 322.7,     5.506658798 
 322.8,     5.530981553 
 322.9,     5.555202274 
   323,     5.579320908 
 323.1,     5.603337407 
 323.2,     5.627251733 
 323.3,     5.651063851 
 323.4,     5.674773738 
 323.5,     5.698381373 
 323.6,     5.721886744 
 323.7,     5.745289845 
 323.8,     5.768590677 
 323.9,     5.791789246 
   324,     5.814885566 
 324.1,     5.837879655 
 324.2,     5.860771538 
 324.3,     5.883561246 
 324.4,     5.906248816 
 324.5,     5.928834288 
 324.6,     5.951317712 
 324.7,     5.973699138 
 324.8,     5.995978627 
 324.9,     6.018156241 
   325,     6.040232048 
 325.1,     6.062206123 
 325.2,     6.084078543 
 325.3,     6.105849391 
 325.4,     6.127518755 
 325.5,     6.149086728 
 325.6,     6.170553407 
 325.7,     6.191918893 
 325.8,     6.213183291 
 325.9,     6.234346712 
   326,     6.255409269 
 326.1,     6.276371081 
 326.2,      6.29723227 
 326.3,     6.317992962 
 326.4,     6.338653286 
 326.5,     6.359213377 
 326.6,     6.379673372 
 326.7,     6.400033411 
 326.8,     6.420293638 
 326.9,     6.440454203 
   327,     6.460515254 
 327.1,     6.480476949 
 327.2,     6.500339442 
 327.3,     6.520102897 
 327.4,     6.539767475 
 327.5,     6.559333345 
 327.6,     6.578800676 
 327.7,      6.59816964 
 327.8,     6.617440414 
 327.9,     6.636613174 
   328,     6.655688103 
 328.1,     6.674665383 
 328.2,       6.6935452 
 328.3,     6.712327743 
 328.4,     6.731013204 
 328.5,     6.749601774 
 328.6,      6.76809365 
 328.7,     6.786489029 
 328.8,     6.804788112 
 328.9,       6.8229911 
   329,     6.841098199 
 329.1,     6.859109613 
 329.2,     6.877025552 
 329.3,     6.894846226 
 329.4,     6.912571847 
 329.5,     6.930202628 
 329.6,     6.947738786 
 329.7,     6.965180537 
 329.8,     6.982528102 
 329.9,       6.9997817 
   330,     7.016941554 
 330.1,     7.034007888 
 330.2,     7.050980927 
 330.3,     7.067860899 
 330.4,     7.084648031 
 330.5,     7.101342553 
 330.6,     7.117944695 
 330.7,     7.134454692 
 330.8,     7.150872775 
 330.9,     7.167199179 
   331,     7.183434141 
 331.1,     7.199577897 
 331.2,     7.215630686 
 331.3,     7.231592747 
 331.4,      7.24746432 
 331.5,     7.263245646 
 331.6,     7.278936968 
 331.7,     7.294538528 
 331.8,      7.31005057 
 331.9,      7.32547334 
   332,     7.340807083 
 332.1,     7.356052046 
 332.2,     7.371208475 
 332.3,     7.386276618 
 332.4,     7.401256725 
 332.5,     7.416149044 
 332.6,     7.430953826 
 332.7,     7.445671321 
 332.8,     7.460301779 
 332.9,     7.474845454 
   333,     7.489302596 
 333.1,     7.503673459 
 333.2,     7.517958296 
 333.3,     7.532157361 
 333.4,     7.546270906 
 333.5,     7.560299188 
 333.6,      7.57424246 
 333.7,     7.588100978 
 333.8,     7.601874997 
 333.9,     7.615564773 
   334,     7.629170562 
 334.1,      7.64269262 
 334.2,     7.656131204 
 334.3,     7.669486571 
 334.4,     7.682758977 
 334.5,     7.695948679 
 334.6,     7.709055935 
 334.7,     7.722081002 
 334.8,     7.735024138 
 334.9,     7.747885599 
   335,     7.760665644 
 335.1,     7.773364531 
 335.2,     7.785982516 
 335.3,     7.798519857 
 335.4,     7.810976813 
 335.5,     7.823353641 
 335.6,     7.835650598 
 335.7,     7.847867942 
 335.8,      7.86000593 
 335.9,     7.872064821 
   336,      7.88404487 
 336.1,     7.895946335 
 336.2,     7.907769474 
 336.3,     7.919514542 
 336.4,     7.931181797 
 336.5,     7.942771495 
 336.6,     7.954283892 
 336.7,     7.965719245 
 336.8,     7.977077809 
 336.9,     7.988359839 
   337,     7.999565592 
 337.1,     8.010695321 
 337.2,     8.021749283 
 337.3,      8.03272773 
 337.4,     8.043630918 
 337.5,       8.0544591 
 337.6,      8.06521253 
 337.7,     8.075891461 
 337.8,     8.086496145 
 337.9,     8.097026835 
   338,     8.107483783 
 338.1,     8.117867241 
 338.2,      8.12817746 
 338.3,     8.138414691 
 338.4,     8.148579183 
 338.5,     8.158671188 
 338.6,     8.168690954 
 338.7,      8.17863873 
 338.8,     8.188514766 
 338.9,     8.198319309 
   339,     8.208052607 
 339.1,     8.217714907 
 339.2,     8.227306456 
 339.3,     8.236827499 
 339.4,     8.246278282 
 339.5,     8.255659051 
 339.6,      8.26497005 
 339.7,     8.274211522 
 339.8,     8.283383712 
 339.9,     8.292486862 
   340,     8.301521214 
 340.1,      8.31048701 
 340.2,     8.319384491 
 340.3,     8.328213898 
 340.4,      8.33697547 
 340.5,     8.345669447 
 340.6,     8.354296068 
 340.7,      8.36285557 
 340.8,     8.371348191 
 340.9,     8.379774167 
   341,     8.388133736 
 341.1,     8.396427132 
 341.2,     8.404654589 
 341.3,     8.412816343 
 341.4,     8.420912627 
 341.5,     8.428943674 
 341.6,     8.436909715 
 341.7,     8.444810982 
 341.8,     8.452647705 
 341.9,     8.460420116 
   342,     8.468128443 
 342.1,     8.475772915 
 342.2,     8.483353759 
 342.3,     8.490871203 
 342.4,     8.498325474 
 342.5,     8.505716796 
 342.6,     8.513045396 
 342.7,     8.520311496 
 342.8,     8.527515322 
 342.9,     8.534657095 
   343,     8.541737037 
 343.1,      8.54875537 
 343.2,     8.555712313 
 343.3,     8.562608088 
 343.4,     8.569442912 
 343.5,     8.576217004 
 343.6,     8.582930581 
 343.7,     8.589583859 
 343.8,     8.596177055 
 343.9,     8.602710383 
   344,     8.609184058 
 344.1,     8.615598292 
 344.2,     8.621953299 
 344.3,      8.62824929 
 344.4,     8.634486476 
 344.5,     8.640665066 
 344.6,     8.646785272 
 344.7,       8.6528473 
 344.8,     8.658851358 
 344.9,     8.664797654 
   345,     8.670686393 
 345.1,      8.67651778 
 345.2,     8.682292019 
 345.3,     8.688009315 
 345.4,     8.693669869 
 345.5,     8.699273883 
 345.6,     8.704821559 
 345.7,     8.710313096 
 345.8,     8.715748693 
 345.9,     8.721128549 
   346,      8.72645286 
 346.1,     8.731721825 
 346.2,     8.736935638 
 346.3,     8.742094494 
 346.4,     8.747198587 
 346.5,      8.75224811 
 346.6,     8.757243256 
 346.7,     8.762184215 
 346.8,     8.767071178 
 346.9,     8.771904335 
   347,     8.776683875 
 347.1,     8.781409984 
 347.2,     8.786082851 
 347.3,      8.79070266 
 347.4,     8.795269598 
 347.5,     8.799783847 
 347.6,     8.804245592 
 347.7,     8.808655015 
 347.8,     8.813012298 
 347.9,      8.81731762 
   348,     8.821571162 
 348.1,     8.825773102 
 348.2,     8.829923618 
 348.3,     8.834022888 
 348.4,     8.838071087 
 348.5,      8.84206839 
 348.6,     8.846014971 
 348.7,     8.849911004 
 348.8,     8.853756662 
 348.9,     8.857552114 
   349,     8.861297533 
 349.1,     8.864993087 
 349.2,     8.868638946 
 349.3,     8.872235277 
 349.4,     8.875782246 
 349.5,     8.879280021 
 349.6,     8.882728765 
 349.7,     8.886128642 
 349.8,     8.889479817 
 349.9,      8.89278245 
   350,     8.896036704 
 350.1,     8.899242738 
 350.2,     8.902400712 
 350.3,     8.905510785 
 350.4,     8.908573113 
 350.5,     8.911587853 
 350.6,     8.914555161 
 350.7,     8.917475192 
 350.8,       8.9203481 
 350.9,     8.923174036 
   351,     8.925953154 
 351.1,     8.928685603 
 351.2,     8.931371534 
 351.3,     8.934011097 
 351.4,     8.936604438 
 351.5,     8.939151706 
 351.6,     8.941653045 
 351.7,     8.944108603 
 351.8,     8.946518522 
 351.9,     8.948882947 
   352,      8.95120202 
 352.1,     8.953475881 
 352.2,     8.955704673 
 352.3,     8.957888534 
 352.4,     8.960027603 
 352.5,     8.962122017 
 352.6,     8.964171914 
 352.7,     8.966177429 
 352.8,     8.968138697 
 352.9,     8.970055852 
   353,     8.971929028 
 353.1,     8.973758355 
 353.2,     8.975543965 
 353.3,     8.977285988 
 353.4,     8.978984553 
 353.5,     8.980639789 
 353.6,     8.982251823 
 353.7,     8.983820781 
 353.8,     8.985346788 
 353.9,      8.98682997 
   354,     8.988270449 
 354.1,     8.989668347 
 354.2,     8.991023788 
 354.3,      8.99233689 
 354.4,     8.993607775 
 354.5,      8.99483656 
 354.6,     8.996023364 
 354.7,     8.997168303 
 354.8,     8.998271493 
 354.9,      8.99933305 
   355,     9.000353087 
 355.1,     9.001331718 
 355.2,     9.002269054 
 355.3,     9.003165207 
 355.4,     9.004020287 
 355.5,     9.004834403 
 355.6,     9.005607664 
 355.7,     9.006340178 
 355.8,      9.00703205 
 355.9,     9.007683387 
   356,     9.008294292 
 356.1,     9.008864871 
 356.2,     9.009395225 
 356.3,     9.009885456 
 356.4,     9.010335665 
 356.5,     9.010745953 
 356.6,     9.011116417 
 356.7,     9.011447157 
 356.8,      9.01173827 
 356.9,     9.011989851 
   357,     9.012201996 
 357.1,     9.012374799 
 357.2,     9.012508354 
 357.3,     9.012602754 
 357.4,     9.012658089 
 357.5,     9.012674451 
 357.6,     9.012651929 
 357.7,     9.012590613 
 357.8,     9.012490589 
 357.9,     9.012351946 
   358,     9.012174769 
 358.1,     9.011959142 
 358.2,     9.011705152 
 358.3,      9.01141288 
 358.4,     9.011082409 
 358.5,      9.01071382 
 358.6,     9.010307195 
 358.7,     9.009862613 
 358.8,     9.009380152 
 358.9,     9.008859891 
   359,     9.008301905 
 359.1,     9.007706272 
 359.2,     9.007073067 
 359.3,     9.006402363 
 359.4,     9.005694234 
 359.5,     9.004948752 
 359.6,     9.004165989 
 359.7,     9.003346015 
 359.8,     9.002488901 
 359.9,     9.001594714 
   360,     9.000663523 
