M5B_HWBC_MS_AS_E0_F3.txt
NTNU_FFI
Method: IGABEM CCBIE with 4864 elements (7396 degrees of freedom) and NURBS degree 4. Computational time for system assembly (4x6-core Xeon 2.67 GHz): 2.9751 hours.
0, 360
0
3000
3601
     0,     6.883731978 
   0.1,     6.883905666 
   0.2,     6.884427846 
   0.3,      6.88529841 
   0.4,     6.886517186 
   0.5,     6.888083929 
   0.6,     6.889998325 
   0.7,     6.892259987 
   0.8,     6.894868456 
   0.9,       6.8978232 
     1,     6.901123613 
   1.1,     6.904769013 
   1.2,     6.908758638 
   1.3,     6.913091653 
   1.4,     6.917767138 
   1.5,     6.922784095 
   1.6,     6.928141439 
   1.7,     6.933838001 
   1.8,     6.939872523 
   1.9,     6.946243658 
     2,     6.952949966 
   2.1,     6.959989915 
   2.2,     6.967361872 
   2.3,     6.975064107 
   2.4,     6.983094791 
   2.5,     6.991451986 
   2.6,     7.000133652 
   2.7,     7.009137636 
   2.8,     7.018461676 
   2.9,     7.028103396 
     3,     7.038060302 
   3.1,     7.048329781 
   3.2,     7.058909101 
   3.3,     7.069795403 
   3.4,     7.080985703 
   3.5,     7.092476889 
   3.6,     7.104265721 
   3.7,     7.116348821 
   3.8,     7.128722679 
   3.9,     7.141383649 
     4,     7.154327945 
   4.1,     7.167551642 
   4.2,     7.181050673 
   4.3,     7.194820824 
   4.4,     7.208857744 
   4.5,     7.223156929 
   4.6,     7.237713733 
   4.7,     7.252523357 
   4.8,     7.267580859 
   4.9,     7.282881142 
     5,     7.298418964 
   5.1,     7.314188929 
   5.2,     7.330185495 
   5.3,     7.346402964 
   5.4,     7.362835492 
   5.5,     7.379477085 
   5.6,     7.396321598 
   5.7,     7.413362736 
   5.8,     7.430594059 
   5.9,     7.448008977 
     6,     7.465600756 
   6.1,     7.483362517 
   6.2,     7.501287234 
   6.3,     7.519367745 
   6.4,     7.537596742 
   6.5,     7.555966781 
   6.6,      7.57447028 
   6.7,     7.593099525 
   6.8,     7.611846665 
   6.9,     7.630703722 
     7,     7.649662588 
   7.1,      7.66871503 
   7.2,     7.687852691 
   7.3,     7.707067096 
   7.4,     7.726349646 
   7.5,     7.745691634 
   7.6,     7.765084235 
   7.7,     7.784518517 
   7.8,      7.80398544 
   7.9,      7.82347586 
     8,      7.84298053 
   8.1,     7.862490107 
   8.2,     7.881995155 
   8.3,      7.90148614 
   8.4,     7.920953441 
   8.5,     7.940387351 
   8.6,     7.959778078 
   8.7,     7.979115751 
   8.8,     7.998390416 
   8.9,      8.01759205 
     9,     8.036710552 
   9.1,     8.055735754 
   9.2,     8.074657419 
   9.3,     8.093465244 
   9.4,     8.112148867 
   9.5,      8.13069786 
   9.6,     8.149101742 
   9.7,     8.167349974 
   9.8,     8.185431961 
   9.9,      8.20333706 
    10,     8.221054575 
  10.1,     8.238573763 
  10.2,     8.255883833 
  10.3,     8.272973949 
  10.4,     8.289833229 
  10.5,     8.306450754 
  10.6,     8.322815553 
  10.7,     8.338916625 
  10.8,      8.35474292 
  10.9,     8.370283357 
    11,     8.385526806 
  11.1,     8.400462107 
  11.2,     8.415078055 
  11.3,     8.429363412 
  11.4,     8.443306896 
  11.5,     8.456897191 
  11.6,     8.470122938 
  11.7,     8.482972738 
  11.8,     8.495435154 
  11.9,     8.507498704 
    12,     8.519151865 
  12.1,     8.530383069 
  12.2,     8.541180702 
  12.3,     8.551533105 
  12.4,     8.561428563 
  12.5,     8.570855318 
  12.6,     8.579801553 
  12.7,     8.588255397 
  12.8,      8.59620492 
  12.9,     8.603638132 
    13,     8.610542975 
  13.1,     8.616907327 
  13.2,     8.622718995 
  13.3,      8.62796571 
  13.4,     8.632635124 
  13.5,     8.636714809 
  13.6,     8.640192249 
  13.7,     8.643054839 
  13.8,     8.645289875 
  13.9,     8.646884553 
    14,     8.647825967 
  14.1,     8.648101096 
  14.2,     8.647696802 
  14.3,     8.646599828 
  14.4,     8.644796784 
  14.5,     8.642274147 
  14.6,      8.63901825 
  14.7,      8.63501528 
  14.8,     8.630251265 
  14.9,      8.62471207 
    15,     8.618383385 
  15.1,     8.611250726 
  15.2,     8.603299414 
  15.3,     8.594514574 
  15.4,     8.584881125 
  15.5,     8.574383765 
  15.6,      8.56300697 
  15.7,     8.550734974 
  15.8,     8.537551762 
  15.9,     8.523441062 
    16,     8.508386324 
  16.1,     8.492370718 
  16.2,     8.475377112 
  16.3,     8.457388064 
  16.4,     8.438385805 
  16.5,     8.418352227 
  16.6,     8.397268864 
  16.7,     8.375116876 
  16.8,     8.351877037 
  16.9,     8.327529712 
    17,     8.302054841 
  17.1,     8.275431919 
  17.2,     8.247639975 
  17.3,     8.218657554 
  17.4,     8.188462692 
  17.5,     8.157032892 
  17.6,     8.124345106 
  17.7,     8.090375702 
  17.8,     8.055100439 
  17.9,     8.018494444 
    18,     7.980532177 
  18.1,     7.941187405 
  18.2,     7.900433163 
  18.3,     7.858241729 
  18.4,     7.814584581 
  18.5,     7.769432361 
  18.6,     7.722754837 
  18.7,     7.674520862 
  18.8,      7.62469833 
  18.9,     7.573254122 
    19,     7.520154072 
  19.1,     7.465362903 
  19.2,     7.408844177 
  19.3,      7.35056024 
  19.4,     7.290472156 
  19.5,     7.228539649 
  19.6,     7.164721031 
  19.7,     7.098973133 
  19.8,     7.031251226 
  19.9,     6.961508945 
    20,     6.889698201 
  20.1,     6.815769091 
  20.2,     6.739669804 
  20.3,     6.661346519 
  20.4,     6.580743298 
  20.5,     6.497801971 
  20.6,     6.412462014 
  20.7,     6.324660426 
  20.8,     6.234331586 
  20.9,     6.141407112 
    21,     6.045815707 
  21.1,     5.947482996 
  21.2,     5.846331352 
  21.3,      5.74227971 
  21.4,      5.63524338 
  21.5,      5.52513383 
  21.6,     5.411858476 
  21.7,     5.295320444 
  21.8,     5.175418329 
  21.9,     5.052045937 
    22,      4.92509201 
  22.1,     4.794439946 
  22.2,     4.659967494 
  22.3,     4.521546444 
  22.4,     4.379042311 
  22.5,     4.232313996 
  22.6,     4.081213444 
  22.7,     3.925585311 
  22.8,     3.765266607 
  22.9,     3.600086381 
    23,     3.429865393 
  23.1,     3.254415832 
  23.2,     3.073541079 
  23.3,     2.887035535 
  23.4,     2.694684547 
  23.5,      2.49626446 
  23.6,      2.29154286 
  23.7,      2.08027905 
  23.8,     1.862224844 
  23.9,     1.637125803 
    24,     1.404723011 
  24.1,     1.164755608 
  24.2,    0.9169642713 
  24.3,    0.6610959633 
  24.4,    0.3969103133 
  24.5,     0.124188122 
  24.6,   -0.1572573711 
  24.7,   -0.4475656709 
  24.8,   -0.7468096356 
  24.9,     -1.05497026 
    25,    -1.371904035 
  25.1,     -1.69730104 
  25.2,    -2.030631609 
  25.3,    -2.371079181 
  25.4,    -2.717457153 
  25.5,    -3.068108002 
  25.6,    -3.420784697 
  25.7,    -3.772517375 
  25.8,    -4.119473817 
  25.9,    -4.456830587 
    26,    -4.778683462 
  26.1,    -5.078039372 
  26.2,     -5.34694354 
  26.3,    -5.576797115 
  26.4,    -5.758901142 
  26.5,    -5.885213421 
  26.6,    -5.949229161 
  26.7,    -5.946818279 
  26.8,    -5.876814314 
  26.9,     -5.74118894 
    27,    -5.544759632 
  27.1,    -5.294517488 
  27.2,    -4.998759437 
  27.3,    -4.666226398 
  27.4,    -4.305396286 
  27.5,    -3.923999921 
  27.6,    -3.528757332 
  27.7,    -3.125291136 
  27.8,    -2.718160456 
  27.9,    -2.310964191 
    28,    -1.906474807 
  28.1,    -1.506777519 
  28.2,    -1.113400331 
  28.3,   -0.7274281927 
  28.4,   -0.3495991658 
  28.5,   0.01961672154 
  28.6,    0.3799541522 
  28.7,    0.7313023595 
  28.8,     1.073665801 
  28.9,     1.407133621 
    29,     1.731856065 
  29.1,     2.048026392 
  29.2,     2.355867052 
  29.3,     2.655619214 
  29.4,     2.947534854 
  29.5,     3.231870842 
  29.6,     3.508884557 
  29.7,     3.778830662 
  29.8,       4.0419588 
  29.9,     4.298511962 
    30,     4.548725383 
  30.1,     4.792825836 
  30.2,     5.031031216 
  30.3,     5.263550354 
  30.4,     5.490583011 
  30.5,     5.712319962 
  30.6,     5.928943193 
  30.7,     6.140626158 
  30.8,     6.347534066 
  30.9,     6.549824201 
    31,     6.747646257 
  31.1,      6.94114268 
  31.2,     7.130449009 
  31.3,     7.315694216 
  31.4,     7.497001027 
  31.5,      7.67448625 
  31.6,     7.848261078 
  31.7,     8.018431377 
  31.8,     8.185097976 
  31.9,     8.348356929 
    32,     8.508299769 
  32.1,     8.665013746 
  32.2,     8.818582058 
  32.3,     8.969084061 
  32.4,     9.116595471 
  32.5,     9.261188558 
  32.6,     9.402932323 
  32.7,     9.541892666 
  32.8,     9.678132546 
  32.9,      9.81171213 
    33,     9.942688937 
  33.1,     10.07111796 
  33.2,     10.19705182 
  33.3,     10.32054082 
  33.4,     10.44163314 
  33.5,     10.56037488 
  33.6,     10.67681017 
  33.7,     10.79098128 
  33.8,     10.90292867 
  33.9,     11.01269114 
    34,     11.12030582 
  34.1,      11.2258083 
  34.2,     11.32923269 
  34.3,     11.43061167 
  34.4,     11.52997658 
  34.5,     11.62735742 
  34.6,     11.72278297 
  34.7,     11.81628079 
  34.8,     11.90787733 
  34.9,     11.99759788 
    35,      12.0854667 
  35.1,     12.17150704 
  35.2,     12.25574115 
  35.3,     12.33819033 
  35.4,     12.41887498 
  35.5,     12.49781461 
  35.6,      12.5750279 
  35.7,     12.65053268 
  35.8,     12.72434603 
  35.9,     12.79648421 
    36,     12.86696279 
  36.1,     12.93579658 
  36.2,     13.00299972 
  36.3,     13.06858566 
  36.4,     13.13256719 
  36.5,     13.19495647 
  36.6,     13.25576503 
  36.7,     13.31500379 
  36.8,      13.3726831 
  36.9,     13.42881272 
    37,     13.48340183 
  37.1,     13.53645909 
  37.2,     13.58799261 
  37.3,     13.63800995 
  37.4,     13.68651819 
  37.5,     13.73352388 
  37.6,     13.77903307 
  37.7,     13.82305132 
  37.8,     13.86558373 
  37.9,     13.90663488 
    38,     13.94620892 
  38.1,     13.98430951 
  38.2,     14.02093986 
  38.3,     14.05610273 
  38.4,     14.08980042 
  38.5,     14.12203478 
  38.6,     14.15280723 
  38.7,     14.18211874 
  38.8,     14.20996982 
  38.9,     14.23636058 
    39,     14.26129065 
  39.1,     14.28475925 
  39.2,     14.30676515 
  39.3,     14.32730669 
  39.4,     14.34638175 
  39.5,     14.36398779 
  39.6,      14.3801218 
  39.7,     14.39478034 
  39.8,     14.40795952 
  39.9,     14.41965499 
    40,     14.42986193 
  40.1,     14.43857507 
  40.2,     14.44578865 
  40.3,     14.45149646 
  40.4,     14.45569178 
  40.5,     14.45836741 
  40.6,     14.45951564 
  40.7,     14.45912828 
  40.8,     14.45719657 
  40.9,     14.45371127 
    41,     14.44866257 
  41.1,     14.44204011 
  41.2,     14.43383299 
  41.3,     14.42402969 
  41.4,     14.41261813 
  41.5,      14.3995856 
  41.6,     14.38491878 
  41.7,     14.36860368 
  41.8,     14.35062569 
  41.9,     14.33096947 
    42,     14.30961901 
  42.1,     14.28655756 
  42.2,     14.26176762 
  42.3,     14.23523093 
  42.4,     14.20692839 
  42.5,     14.17684012 
  42.6,     14.14494533 
  42.7,     14.11122238 
  42.8,     14.07564866 
  42.9,     14.03820063 
    43,     13.99885373 
  43.1,     13.95758237 
  43.2,     13.91435985 
  43.3,     13.86915837 
  43.4,     13.82194891 
  43.5,     13.77270124 
  43.6,     13.72138384 
  43.7,     13.66796382 
  43.8,      13.6124069 
  43.9,      13.5546773 
    44,     13.49473769 
  44.1,     13.43254912 
  44.2,     13.36807092 
  44.3,     13.30126061 
  44.4,     13.23207383 
  44.5,     13.16046421 
  44.6,     13.08638328 
  44.7,     13.00978035 
  44.8,     12.93060238 
  44.9,     12.84879385 
    45,      12.7642966 
  45.1,     12.67704972 
  45.2,     12.58698932 
  45.3,     12.49404838 
  45.4,     12.39815658 
  45.5,     12.29924002 
  45.6,     12.19722107 
  45.7,     12.09201804 
  45.8,     11.98354498 
  45.9,     11.87171133 
    46,     11.75642165 
  46.1,     11.63757523 
  46.2,      11.5150657 
  46.3,     11.38878067 
  46.4,      11.2586012 
  46.5,     11.12440135 
  46.6,     10.98604759 
  46.7,     10.84339823 
  46.8,      10.6963027 
  46.9,     10.54460084 
    47,     10.38812207 
  47.1,     10.22668446 
  47.2,     10.06009375 
  47.3,     9.888142149 
  47.4,     9.710607137 
  47.5,     9.527249998 
  47.6,     9.337814241 
  47.7,     9.142023795 
  47.8,      8.93958098 
  47.9,       8.7301642 
    48,     8.513425327 
  48.1,     8.288986719 
  48.2,     8.056437798 
  48.3,     7.815331137 
  48.4,     7.565177934 
  48.5,     7.305442783 
  48.6,     7.035537596 
  48.7,     6.754814511 
  48.8,     6.462557561 
  48.9,     6.157972883 
    49,     5.840177089 
  49.1,     5.508183435 
  49.2,     5.160885239 
  49.3,     4.797035891 
  49.4,     4.415224584 
  49.5,     4.013846683 
  49.6,     3.591067215 
  49.7,      3.14477561 
  49.8,     2.672529096 
  49.9,     2.171481339 
    50,     1.638291708 
  50.1,     1.069008975 
  50.2,    0.4589210778 
  50.3,   -0.1976401055 
  50.4,   -0.9075532627 
  50.5,    -1.679238204 
  50.6,     -2.52307796 
  50.7,      -3.4519318 
  50.8,    -4.481676259 
  50.9,    -5.631505161 
    51,    -6.923071084 
  51.1,    -8.375525046 
  51.2,    -9.987347384 
  51.3,    -11.67980311 
  51.4,    -13.16233117 
  51.5,    -13.83308929 
  51.6,    -13.26155651 
  51.7,    -11.82331219 
  51.8,    -10.13617227 
  51.9,    -8.516118972 
    52,    -7.053120239 
  52.1,    -5.752143471 
  52.2,    -4.594774277 
  52.3,    -3.559294886 
  52.4,    -2.626257527 
  52.5,     -1.77952566 
  52.6,    -1.006020472 
  52.7,   -0.2951849915 
  52.8,    0.3615351441 
  52.9,    0.9711217383 
    53,     1.539321685 
  53.1,     2.070907109 
  53.2,     2.569874922 
  53.3,     3.039600323 
  53.4,     3.482955563 
  53.5,     3.902402519 
  53.6,     4.300065478 
  53.7,     4.677788807 
  53.8,     5.037183047 
  53.9,     5.379662049 
    54,     5.706473125 
  54.1,     6.018721701 
  54.2,     6.317391619 
  54.3,     6.603361966 
  54.4,      6.87742111 
  54.5,     7.140278485 
  54.6,     7.392574515 
  54.7,     7.634889042 
  54.8,     7.867748516 
  54.9,     8.091632127 
    55,     8.306977108 
  55.1,     8.514183288 
  55.2,     8.713617054 
  55.3,     8.905614804 
  55.4,     9.090485939 
  55.5,     9.268515516 
  55.6,     9.439966549 
  55.7,     9.605082067 
  55.8,     9.764086903 
  55.9,     9.917189311 
    56,     10.06458238 
  56.1,      10.2064453 
  56.2,      10.3429445 
  56.3,     10.47423466 
  56.4,     10.60045961 
  56.5,     10.72175316 
  56.6,     10.83823981 
  56.7,     10.95003546 
  56.8,     11.05724794 
  56.9,      11.1599776 
    57,     11.25831777 
  57.1,     11.35235523 
  57.2,     11.44217056 
  57.3,     11.52783856 
  57.4,     11.60942855 
  57.5,     11.68700467 
  57.6,     11.76062613 
  57.7,      11.8303475 
  57.8,      11.8962189 
  57.9,     11.95828619 
    58,      12.0165912 
  58.1,     12.07117183 
  58.2,     12.12206224 
  58.3,     12.16929297 
  58.4,     12.21289102 
  58.5,     12.25288003 
  58.6,     12.28928027 
  58.7,     12.32210882 
  58.8,     12.35137953 
  58.9,     12.37710316 
    59,     12.39928737 
  59.1,     12.41793678 
  59.2,     12.43305297 
  59.3,      12.4446345 
  59.4,     12.45267691 
  59.5,     12.45717274 
  59.6,     12.45811144 
  59.7,     12.45547942 
  59.8,     12.44925994 
  59.9,     12.43943312 
    60,     12.42597583 
  60.1,     12.40886165 
  60.2,     12.38806075 
  60.3,     12.36353982 
  60.4,     12.33526196 
  60.5,      12.3031865 
  60.6,     12.26726893 
  60.7,     12.22746069 
  60.8,     12.18370902 
  60.9,     12.13595674 
    61,     12.08414204 
  61.1,     12.02819825 
  61.2,     11.96805358 
  61.3,     11.90363079 
  61.4,     11.83484689 
  61.5,     11.76161279 
  61.6,      11.6838329 
  61.7,     11.60140468 
  61.8,     11.51421819 
  61.9,     11.42215551 
    62,      11.3250902 
  62.1,     11.22288662 
  62.2,     11.11539921 
  62.3,     11.00247169 
  62.4,     10.88393616 
  62.5,     10.75961209 
  62.6,     10.62930521 
  62.7,     10.49280626 
  62.8,     10.34988956 
  62.9,     10.20031146 
    63,      10.0438085 
  63.1,     9.880095441 
  63.2,     9.708862915 
  63.3,     9.529774838 
  63.4,     9.342465405 
  63.5,     9.146535663 
  63.6,     8.941549564 
  63.7,     8.727029407 
  63.8,     8.502450549 
  63.9,     8.267235248 
    64,     8.020745451 
  64.1,     7.762274312 
  64.2,     7.491036165 
  64.3,     7.206154597 
  64.4,     6.906648174 
  64.5,     6.591413263 
  64.6,     6.259203192 
  64.7,      5.90860279 
  64.8,     5.537997045 
  64.9,     5.145532151 
    65,     4.729066673 
  65.1,     4.286109682 
  65.2,     3.813741504 
  65.3,     3.308510995 
  65.4,       2.7663006 
  65.5,      2.18214659 
  65.6,     1.549995826 
  65.7,    0.8623711414 
  65.8,    0.1099027258 
  65.9,   -0.7193402369 
    66,    -1.640819843 
  66.1,    -2.674957933 
  66.2,    -3.849244318 
  66.3,    -5.201248651 
  66.4,    -6.782277633 
  66.5,    -8.658240875 
  66.6,    -10.88668672 
  66.7,    -13.35990384 
  66.8,    -15.18243147 
  66.9,    -14.63530176 
    67,    -12.32033794 
  67.1,    -9.863042793 
  67.2,    -7.737126255 
  67.3,    -5.946453548 
  67.4,    -4.423476926 
  67.5,    -3.107513023 
  67.6,     -1.95306693 
  67.7,    -0.926948474 
  67.8, -0.004749450718 
  67.9,    0.8317960453 
    68,     1.596622853 
  68.1,     2.300560323 
  68.2,     2.952168781 
  68.3,     3.558319579 
  68.4,     4.124604758 
  68.5,     4.655631641 
  68.6,     5.155238405 
  68.7,     5.626654417 
  68.8,     6.072621248 
  68.9,     6.495485326 
    69,     6.897269724 
  69.1,     7.279730485 
  69.2,     7.644401238 
  69.3,      7.99262894 
  69.4,     8.325602729 
  69.5,     8.644377439 
  69.6,     8.949892906 
  69.7,     9.242989923 
  69.8,     9.524423545 
  69.9,     9.794874223 
    70,     10.05495718 
  70.1,     10.30523039 
  70.2,     10.54620132 
  70.3,     10.77833279 
  70.4,     11.00204789 
  70.5,     11.21773434 
  70.6,     11.42574823 
  70.7,     11.62641723 
  70.8,      11.8200435 
  70.9,      12.0069061 
    71,     12.18726328 
  71.1,     12.36135431 
  71.2,     12.52940129 
  71.3,     12.69161061 
  71.4,     12.84817432 
  71.5,     12.99927132 
  71.6,     13.14506848 
  71.7,     13.28572157 
  71.8,     13.42137613 
  71.9,     13.55216829 
    72,     13.67822542 
  72.1,     13.79966679 
  72.2,     13.91660418 
  72.3,     14.02914233 
  72.4,     14.13737951 
  72.5,     14.24140784 
  72.6,     14.34131379 
  72.7,     14.43717845 
  72.8,     14.52907791 
  72.9,     14.61708356 
    73,      14.7012623 
  73.1,     14.78167688 
  73.2,     14.85838606 
  73.3,     14.93144484 
  73.4,     15.00090466 
  73.5,     15.06681357 
  73.6,     15.12921638 
  73.7,     15.18815482 
  73.8,     15.24366766 
  73.9,     15.29579087 
    74,     15.34455769 
  74.1,     15.38999873 
  74.2,     15.43214212 
  74.3,     15.47101352 
  74.4,     15.50663626 
  74.5,     15.53903138 
  74.6,     15.56821767 
  74.7,     15.59421177 
  74.8,     15.61702821 
  74.9,     15.63667941 
    75,     15.65317577 
  75.1,     15.66652569 
  75.2,     15.67673555 
  75.3,     15.68380979 
  75.4,     15.68775089 
  75.5,     15.68855941 
  75.6,     15.68623396 
  75.7,     15.68077121 
  75.8,      15.6721659 
  75.9,     15.66041082 
    76,     15.64549681 
  76.1,     15.62741269 
  76.2,     15.60614531 
  76.3,     15.58167946 
  76.4,     15.55399786 
  76.5,      15.5230811 
  76.6,     15.48890762 
  76.7,     15.45145364 
  76.8,     15.41069309 
  76.9,     15.36659756 
    77,     15.31913622 
  77.1,     15.26827573 
  77.2,     15.21398017 
  77.3,     15.15621092 
  77.4,     15.09492656 
  77.5,     15.03008275 
  77.6,     14.96163213 
  77.7,     14.88952412 
  77.8,     14.81370483 
  77.9,     14.73411686 
    78,     14.65069914 
  78.1,     14.56338672 
  78.2,     14.47211055 
  78.3,     14.37679728 
  78.4,     14.27736901 
  78.5,     14.17374296 
  78.6,     14.06583126 
  78.7,     13.95354056 
  78.8,      13.8367717 
  78.9,     13.71541934 
    79,     13.58937153 
  79.1,     13.45850925 
  79.2,     13.32270594 
  79.3,     13.18182691 
  79.4,     13.03572876 
  79.5,     12.88425875 
  79.6,     12.72725405 
  79.7,     12.56454098 
  79.8,      12.3959341 
  79.9,     12.22123532 
    80,     12.04023279 
  80.1,     11.85269978 
  80.2,     11.65839339 
  80.3,     11.45705315 
  80.4,     11.24839945 
  80.5,     11.03213186 
  80.6,     10.80792722 
  80.7,     10.57543753 
  80.8,     10.33428769 
  80.9,     10.08407296 
    81,     9.824356185 
  81.1,     9.554664752 
  81.2,     9.274487339 
  81.3,     8.983270352 
  81.4,     8.680414177 
  81.5,     8.365269257 
  81.6,     8.037132109 
  81.7,     7.695241474 
  81.8,     7.338774881 
  81.9,     6.966846095 
    82,     6.578504181 
  82.1,     6.172735303 
  82.2,     5.748469021 
  82.3,       5.3045917 
  82.4,     4.839971169 
  82.5,     4.353498809 
  82.6,     3.844158607 
  82.7,     3.311137537 
  82.8,     2.753998808 
  82.9,     2.172949732 
    83,     1.569249076 
  83.1,     0.945813678 
  83.2,    0.3080930678 
  83.3,    -0.334734461 
  83.4,    -0.968273658 
  83.5,    -1.571384223 
  83.6,    -2.115303388 
  83.7,    -2.564695657 
  83.8,    -2.882137619 
  83.9,    -3.036408131 
    84,    -3.012009518 
  84.1,    -2.814732766 
  84.2,    -2.469517539 
  84.3,    -2.012101559 
  84.4,    -1.479619987 
  84.5,   -0.9042375034 
  84.6,   -0.3106517707 
  84.7,    0.2837410785 
  84.8,    0.8675021694 
  84.9,      1.43359038 
    85,     1.978016405 
  85.1,     2.498821342 
  85.2,     2.995352985 
  85.3,     3.467773319 
  85.4,     3.916731775 
  85.5,     4.343152306 
  85.6,     4.748096743 
  85.7,      5.13267853 
  85.8,      5.49800942 
  85.9,     5.845167561 
    86,     6.175179424 
  86.1,     6.489010558 
  86.2,     6.787561931 
  86.3,     7.071669734 
  86.4,     7.342107261 
  86.5,     7.599587992 
  86.6,     7.844769265 
  86.7,     8.078256208 
  86.8,      8.30060568 
  86.9,     8.512330086 
    87,     8.713901007 
  87.1,      8.90575257 
  87.2,     9.088284569 
  87.3,     9.261865328 
  87.4,     9.426834309 
  87.5,     9.583504479 
  87.6,     9.732164463 
  87.7,     9.873080488 
  87.8,     10.00649813 
  87.9,     10.13264392 
    88,     10.25172676 
  88.1,     10.36393918 
  88.2,     10.46945858 
  88.3,     10.56844819 
  88.4,     10.66105809 
  88.5,     10.74742598 
  88.6,       10.827678 
  88.7,     10.90192939 
  88.8,     10.97028512 
  88.9,     11.03284041 
    89,     11.08968125 
  89.1,      11.1408848 
  89.2,      11.1865198 
  89.3,     11.22664693 
  89.4,     11.26131903 
  89.5,     11.29058143 
  89.6,     11.31447212 
  89.7,     11.33302196 
  89.8,     11.34625479 
  89.9,     11.35418756 
    90,     11.35683041 
  90.1,     11.35418673 
  90.2,     11.34625313 
  90.3,     11.33301948 
  90.4,     11.31446881 
  90.5,     11.29057729 
  90.6,     11.26131405 
  90.7,     11.22664111 
  90.8,     11.18651315 
  90.9,     11.14087729 
    91,     11.08967289 
  91.1,      11.0328312 
  91.2,     10.97027504 
  91.3,     10.90191843 
  91.4,     10.82766615 
  91.5,     10.74741323 
  91.6,     10.66104443 
  91.7,     10.56843362 
  91.8,     10.46944306 
  91.9,     10.36392271 
    92,     10.25170932 
  92.1,      10.1326255 
  92.2,     10.00647869 
  92.3,     9.873060007 
  92.4,     9.732142916 
  92.5,     9.583481834 
  92.6,     9.426810532 
  92.7,     9.261840383 
  92.8,     9.088258412 
  92.9,     8.905725153 
    93,     8.713872278 
  93.1,     8.512299984 
  93.2,     8.300574139 
  93.3,     8.078223151 
  93.4,     7.844734607 
  93.5,     7.599551637 
  93.6,       7.3420691 
  93.7,     7.071629641 
  93.8,     6.787519765 
  93.9,     6.488966155 
    94,     6.175132594 
  94.1,     5.845118091 
  94.2,     5.497957061 
  94.3,     5.132622993 
  94.4,     4.748037689 
  94.5,     4.343089341 
  94.6,     3.916664443 
  94.7,     3.467701085 
  94.8,      2.99527522 
  94.9,     2.498737318 
    95,     1.977925283 
  95.1,       1.4334912 
  95.2,    0.8673938789 
  95.3,    0.2836225635 
  95.4,   -0.3107815744 
  95.5,   -0.9043794257 
  95.6,    -1.479774277 
  95.7,    -2.012267418 
  95.8,    -2.469692568 
  95.9,    -2.814912579 
    96,    -3.012187913 
  96.1,    -3.036578116 
  96.2,     -2.88229302 
  96.3,    -2.564832499 
  96.4,    -2.115420337 
  96.5,    -1.571482101 
  96.6,   -0.9683545762 
  96.7,   -0.3348010166 
  96.8,    0.3080383108 
  96.9,    0.9457684401 
    97,     1.569211446 
  97.1,     2.172918163 
  97.2,     2.753972062 
  97.3,     3.311114637 
  97.4,     3.844138788 
  97.5,     4.353481469 
  97.6,     4.839955834 
  97.7,     5.304577995 
  97.8,     5.748456648 
  97.9,     6.172724031 
    98,     6.578493818 
  98.1,     6.966836498 
  98.2,      7.33876593 
  98.3,     7.695233073 
  98.4,     8.037124182 
  98.5,     8.365261745 
  98.6,     8.680407033 
  98.7,     8.983263538 
  98.8,     9.274480826 
  98.9,     9.554658517 
    99,     9.824350213 
  99.1,     10.08406724 
  99.2,     10.33428221 
  99.3,     10.57543228 
  99.4,     10.80792221 
  99.5,     11.03212709 
  99.6,     11.24839492 
  99.7,     11.45704886 
  99.8,     11.65838935 
  99.9,     11.85269599 
   100,     12.04022926 
 100.1,     12.22123206 
 100.2,     12.39593111 
 100.3,     12.56453827 
 100.4,     12.72725163 
 100.5,     12.88425663 
 100.6,     13.03572696 
 100.7,     13.18182543 
 100.8,      13.3227048 
 100.9,     13.45850845 
   101,     13.58937108 
 101.1,     13.71541925 
 101.2,     13.83677199 
 101.3,     13.95354124 
 101.4,     14.06583234 
 101.5,     14.17374445 
 101.6,     14.27737091 
 101.7,     14.37679962 
 101.8,     14.47211332 
 101.9,     14.56338994 
   102,     14.65070283 
 102.1,     14.73412102 
 102.2,     14.81370947 
 102.3,     14.88952925 
 102.4,     14.96163776 
 102.5,      15.0300889 
 102.6,     15.09493322 
 102.7,     15.15621812 
 102.8,     15.21398791 
 102.9,     15.26828402 
   103,     15.31914507 
 103.1,     15.36660698 
 103.2,     15.41070308 
 103.3,     15.45146422 
 103.4,      15.4889188 
 103.5,     15.52309288 
 103.6,     15.55401025 
 103.7,     15.58169248 
 103.8,     15.60615896 
 103.9,     15.62742697 
   104,     15.64551173 
 104.1,      15.6604264 
 104.2,     15.67218213 
 104.3,     15.68078811 
 104.4,     15.68625153 
 104.5,     15.68857767 
 104.6,     15.68776983 
 104.7,     15.68382942 
 104.8,     15.67675587 
 104.9,     15.66654672 
   105,     15.65319752 
 105.1,     15.63670187 
 105.2,     15.61705139 
 105.3,     15.59423568 
 105.4,     15.56824231 
 105.5,     15.53905675 
 105.6,     15.50666238 
 105.7,     15.47104038 
 105.8,     15.43216973 
 105.9,      15.3900271 
   106,     15.34458681 
 106.1,     15.29582075 
 106.2,     15.24369831 
 106.3,     15.18818623 
 106.4,     15.12924856 
 106.5,     15.06684652 
 106.6,     15.00093839 
 106.7,     14.93147934 
 106.8,     14.85842134 
 106.9,     14.78171294 
   107,     14.70129915 
 107.1,     14.61712118 
 107.2,     14.52911633 
 107.3,     14.43721765 
 107.4,     14.34135377 
 107.5,     14.24144861 
 107.6,     14.13742106 
 107.7,     14.02918467 
 107.8,      13.9166473 
 107.9,      13.7997107 
   108,     13.67827011 
 108.1,     13.55221376 
 108.2,     13.42142238 
 108.3,     13.28576859 
 108.4,     13.14511628 
 108.5,     12.99931989 
 108.6,     12.84822366 
 108.7,     12.69166072 
 108.8,     12.52945216 
 108.9,     12.36140593 
   109,     12.18731565 
 109.1,     12.00695922 
 109.2,     11.82009736 
 109.3,     11.62647183 
 109.4,     11.42580355 
 109.5,     11.21779038 
 109.6,     11.00210463 
 109.7,     10.77839024 
 109.8,     10.54625946 
 109.9,      10.3052892 
   110,     10.05501666 
 110.1,      9.79493435 
 110.2,     9.524484308 
 110.3,     9.243051301 
 110.4,     8.949954881 
 110.5,     8.644439991 
 110.6,      8.32566583 
 110.7,     7.992692562 
 110.8,     7.644465348 
 110.9,     7.279795044 
   111,     6.897334692 
 111.1,     6.495550648 
 111.2,     6.072686867 
 111.3,     5.626720255 
 111.4,      5.15530438 
 111.5,     4.655697643 
 111.6,     4.124670656 
 111.7,     3.558385202 
 111.8,     2.952233917 
 111.9,     2.300624695 
   112,     1.596686089 
 112.1,    0.8318576414 
 112.2, -0.004690201415 
 112.3,   -0.9268925842 
 112.4,    -1.953015936 
 112.5,    -3.107469322 
 112.6,    -4.423444491 
 112.7,    -5.946439404 
 112.8,    -7.737143722 
 112.9,    -9.863119103 
   113,    -12.32052871 
 113.1,    -14.63567497 
 113.2,    -15.18285432 
 113.3,    -13.36014501 
 113.4,    -10.88678163 
 113.5,     -8.65826037 
 113.6,    -6.782257963 
 113.7,    -5.201206914 
 113.8,    -3.849189089 
 113.9,    -2.674893879 
   114,    -1.640749665 
 114.1,   -0.7192656135 
 114.2,    0.1099807129 
 114.3,    0.8624517624 
 114.4,     1.550078564 
 114.5,     2.182231081 
 114.6,     2.766386571 
 114.7,      3.30859824 
 114.8,     3.813829863 
 114.9,     4.286199025 
   115,     4.729156905 
 115.1,     5.145623184 
 115.2,     5.538088813 
 115.3,     5.908695236 
 115.4,     6.259296266 
 115.5,     6.591506922 
 115.6,      6.90674238 
 115.7,     7.206249317 
 115.8,     7.491131369 
 115.9,     7.762369971 
   116,     8.020841541 
 116.1,     8.267331747 
 116.2,     8.502547435 
 116.3,     8.727126659 
 116.4,     8.941647163 
 116.5,     9.146633591 
 116.6,     9.342563645 
 116.7,     9.529873372 
 116.8,     9.708961727 
 116.9,     9.880194515 
   117,     10.04390782 
 117.1,     10.20041101 
 117.2,     10.34998933 
 117.3,     10.49290623 
 117.4,     10.62940537 
 117.5,     10.75971242 
 117.6,     10.88403665 
 117.7,     11.00257232 
 117.8,     11.11549997 
 117.9,      11.2229875 
   118,     11.32519118 
 118.1,     11.42225658 
 118.2,     11.51431934 
 118.3,     11.60150589 
 118.4,     11.68393416 
 118.5,     11.76171408 
 118.6,      11.8349482 
 118.7,      11.9037321 
 118.8,     11.96815489 
 118.9,     12.02829954 
   119,     12.08424329 
 119.1,     12.13605794 
 119.2,     12.18381016 
 119.3,     12.22756176 
 119.4,      12.2673699 
 119.5,     12.30328737 
 119.6,     12.33536271 
 119.7,     12.36364044 
 119.8,     12.38816122 
 119.9,     12.40896196 
   120,     12.42607596 
 120.1,     12.43953306 
 120.2,     12.44935967 
 120.3,     12.45557893 
 120.4,     12.45821072 
 120.5,     12.45727177 
 120.6,     12.45277568 
 120.7,     12.44473298 
 120.8,     12.43315116 
 120.9,     12.41803466 
   121,     12.39938492 
 121.1,     12.37720037 
 121.2,     12.35147638 
 121.3,     12.32220529 
 121.4,     12.28937635 
 121.5,      12.2529757 
 121.6,     12.21298627 
 121.7,     12.16938777 
 121.8,     12.12215658 
 121.9,     12.07126569 
   122,     12.01668457 
 122.1,     11.95837904 
 122.2,     11.89631121 
 122.3,     11.83043926 
 122.4,     11.76071732 
 122.5,     11.68709527 
 122.6,     11.60951854 
 122.7,     11.52792792 
 122.8,     11.44225926 
 122.9,     11.35244324 
   123,     11.25840509 
 123.1,     11.16006419 
 123.2,     11.05733379 
 123.3,     10.95012053 
 123.4,     10.83832409 
 123.5,      10.7218366 
 123.6,      10.6005422 
 123.7,     10.47431636 
 123.8,     10.34302529 
 123.9,     10.20652514 
   124,     10.06466124 
 124.1,     9.917267158 
 124.2,     9.764163697 
 124.3,     9.605157768 
 124.4,     9.440041118 
 124.5,     9.268588908 
 124.6,     9.090558108 
 124.7,     8.905685698 
 124.8,     8.713686622 
 124.9,      8.51425147 
   125,     8.307043845 
 125.1,     8.091697352 
 125.2,     7.867812155 
 125.3,      7.63495102 
 125.4,     7.392634743 
 125.5,      7.14033687 
 125.6,     6.877477548 
 125.7,     6.603416341 
 125.8,     6.317443807 
 125.9,     6.018771558 
   126,     5.706520491 
 126.1,     5.379706743 
 126.2,     5.037224865 
 126.3,     4.677827517 
 126.4,      4.30010081 
 126.5,      3.90243416 
 126.6,     3.482983148 
 126.7,     3.039623427 
 126.8,     2.569893034 
 126.9,     2.070919611 
   127,     1.539327837 
 127.1,    0.9711206216 
 127.2,    0.3615256146 
 127.3,   -0.2952043759 
 127.4,     -1.00605158 
 127.5,    -1.779570943 
 127.6,    -2.626320275 
 127.7,    -3.559379621 
 127.8,    -4.594887374 
 127.9,    -5.752294149 
   128,      -7.0533221 
 128.1,    -8.516392061 
 128.2,    -10.13654407 
 128.3,    -11.82380851 
 128.4,    -13.26215434 
 128.5,    -13.83364163 
 128.6,    -13.16267428 
 128.7,    -11.67994139 
 128.8,     -9.98736102 
 128.9,    -8.375473637 
   129,    -6.922986933 
 129.1,    -5.631404797 
 129.2,    -4.481568234 
 129.3,    -3.451820671 
 129.4,    -2.522966219 
 129.5,    -1.679127239 
 129.6,   -0.9074438504 
 129.7,   -0.1975326736 
 129.8,    0.4590263097 
 129.9,     1.069111896 
   130,     1.638392289 
 130.1,     2.171579588 
 130.2,     2.672625046 
 130.3,     3.144869308 
 130.4,     3.591158718 
 130.5,     4.013936046 
 130.6,     4.415311866 
 130.7,     4.797121147 
 130.8,     5.160968524 
 130.9,       5.5082648 
   131,     5.840256582 
 131.1,     6.158050551 
 131.2,     6.462633445 
 131.3,     6.754888652 
 131.4,     7.035610031 
 131.5,     7.305513545 
 131.6,     7.565247055 
 131.7,     7.815398648 
 131.8,     8.056503726 
 131.9,      8.28905109 
   132,     8.513488166 
 132.1,     8.730225528 
 132.2,     8.939640819 
 132.3,     9.142082165 
 132.4,      9.33787116 
 132.5,     9.527305484 
 132.6,     9.710661206 
 132.7,     9.888194818 
 132.8,     10.06014503 
 132.9,     10.22673437 
   133,     10.38817062 
 133.1,     10.54464804 
 133.2,     10.69634856 
 133.3,     10.84344276 
 133.4,     10.98609081 
 133.5,     11.12444326 
 133.6,     11.25864182 
 133.7,     11.38882001 
 133.8,     11.51510376 
 133.9,     11.63761202 
   134,     11.75645719 
 134.1,     11.87174561 
 134.2,     11.98357801 
 134.3,     12.09204984 
 134.4,     12.19725164 
 134.5,     12.29926937 
 134.6,     12.39818471 
 134.7,     12.49407531 
 134.8,     12.58701504 
 134.9,     12.67707425 
   135,     12.76431994 
 135.1,       12.848816 
 135.2,     12.93062336 
 135.3,     13.00980016 
 135.4,     13.08640193 
 135.5,      13.1604817 
 135.6,     13.23209017 
 135.7,     13.30127581 
 135.8,     13.36808497 
 135.9,     13.43256204 
   136,     13.49474949 
 136.1,     13.55468797 
 136.2,     13.61241646 
 136.3,     13.66797227 
 136.4,     13.72139119 
 136.5,      13.7727075 
 136.6,     13.82195407 
 136.7,     13.86916245 
 136.8,     13.91436286 
 136.9,      13.9575843 
   137,      13.9988546 
 137.1,     14.03820044 
 137.2,     14.07564742 
 137.3,     14.11122009 
 137.4,     14.14494201 
 137.5,     14.17683577 
 137.6,     14.20692302 
 137.7,     14.23522454 
 137.8,     14.26176022 
 137.9,     14.28654916 
   138,     14.30960961 
 138.1,     14.33095909 
 138.2,     14.35061433 
 138.3,     14.36859135 
 138.4,     14.38490548 
 138.5,     14.39957135 
 138.6,     14.41260293 
 138.7,     14.42401355 
 138.8,     14.43381592 
 138.9,     14.44202212 
   139,     14.44864366 
 139.1,     14.45369145 
 139.2,     14.45717585 
 139.3,     14.45910667 
 139.4,     14.45949316 
 139.5,     14.45834405 
 139.6,     14.45566756 
 139.7,     14.45147139 
 139.8,     14.44576274 
 139.9,     14.43854832 
   140,     14.42983437 
 140.1,     14.41962661 
 140.2,     14.40793034 
 140.3,     14.39475037 
 140.4,     14.38009104 
 140.5,     14.36395626 
 140.6,     14.34634946 
 140.7,     14.32727365 
 140.8,     14.30673138 
 140.9,     14.28472475 
   141,     14.26125543 
 141.1,     14.23632465 
 141.2,      14.2099332 
 141.3,     14.18208144 
 141.4,     14.15276927 
 141.5,     14.12199616 
 141.6,     14.08976115 
 141.7,     14.05606283 
 141.8,     14.02089934 
 141.9,     13.98426838 
   142,     13.94616719 
 142.1,     13.90659257 
 142.2,     13.86554085 
 142.3,     13.82300789 
 142.4,      13.7789891 
 142.5,     13.73347938 
 142.6,     13.68647318 
 142.7,     13.63796445 
 142.8,     13.58794662 
 142.9,     13.53641264 
   143,     13.48335492 
 143.1,     13.42876537 
 143.2,     13.37263533 
 143.3,     13.31495561 
 143.4,     13.25571645 
 143.5,     13.19490751 
 143.6,     13.13251787 
 143.7,       13.068536 
 143.8,     13.00294973 
 143.9,     12.93574628 
   144,     12.86691219 
 144.1,     12.79643334 
 144.2,     12.72429489 
 144.3,     12.65048131 
 144.4,      12.5749763 
 144.5,      12.4977628 
 144.6,     12.41882298 
 144.7,     12.33813816 
 144.8,     12.25568883 
 144.9,      12.1714546 
   145,     12.08541414 
 145.1,     11.99754522 
 145.2,      11.9078246 
 145.3,     11.81622801 
 145.4,     11.72273015 
 145.5,     11.62730459 
 145.6,     11.52992376 
 145.7,     11.43055888 
 145.8,     11.32917995 
 145.9,     11.22575563 
   146,     11.12025324 
 146.1,     11.01263868 
 146.2,     10.90287635 
 146.3,     10.79092912 
 146.4,      10.6767582 
 146.5,     10.56032311 
 146.6,     10.44158161 
 146.7,     10.32048954 
 146.8,     10.19700081 
 146.9,     10.07106727 
   147,     9.942638567 
 147.1,     9.811662115 
 147.2,     9.678082908 
 147.3,     9.541843433 
 147.4,     9.402883517 
 147.5,     9.261140208 
 147.6,       9.1165476 
 147.7,     8.969036695 
 147.8,     8.818535225 
 147.9,     8.664967471 
   148,     8.508254077 
 148.1,     8.348311846 
 148.2,     8.185053527 
 148.3,     8.018387587 
 148.4,     7.848217972 
 148.5,     7.674443853 
 148.6,     7.496959361 
 148.7,     7.315653302 
 148.8,     7.130408869 
 148.9,     6.941103333 
   149,     6.747607721 
 149.1,     6.549786493 
 149.2,     6.347497199 
 149.3,     6.140590141 
 149.4,     5.928908034 
 149.5,      5.71228566 
 149.6,     5.490549567 
 149.7,     5.263517759 
 149.8,      5.03099945 
 149.9,     4.792794878 
   150,     4.548695196 
 150.1,     4.298482499 
 150.2,         4.04193 
 150.3,     3.778802447 
 150.4,     3.508856829 
 150.5,     3.231843476 
 150.6,     2.947507697 
 150.7,     2.655592083 
 150.8,     2.355839719 
 150.9,      2.04799858 
   151,     1.731827441 
 151.1,     1.407103773 
 151.2,     1.073634243 
 151.3,    0.7312685036 
 151.4,    0.3799172808 
 151.5,   0.01957597977 
 151.6,   -0.3496448098 
 151.7,   -0.7274799731 
 151.8,    -1.113459725 
 151.9,    -1.506846284 
   152,    -1.906555031 
 152.1,    -2.311058337 
 152.2,    -2.718271376 
 152.3,    -3.125422109 
 152.4,     -3.52891208 
 152.5,    -3.924182497 
 152.6,    -4.305611002 
 152.7,    -4.666477564 
 152.8,    -4.999051071 
 152.9,    -5.294852815 
   153,     -5.54514063 
 153.1,    -5.741615808 
 153.2,    -5.877285113 
 153.3,    -5.947328826 
 153.4,    -5.949773264 
 153.5,    -5.885783432 
 153.6,     -5.75948871 
 153.7,    -5.577393956 
 153.8,    -5.347542091 
 153.9,    -5.078633216 
   154,    -4.779267508 
 154.1,    -4.457401064 
 154.2,    -4.120028139 
 154.3,    -3.773053959 
 154.4,    -3.421302726 
 154.5,    -3.068607258 
 154.6,    -2.717937831 
 154.7,    -2.371541775 
 154.8,    -2.031076789 
 154.9,    -1.697729591 
   155,    -1.372316795 
 155.1,    -1.055368086 
 155.2,   -0.7471933689 
 155.3,   -0.4479361327 
 155.4,   -0.1576153427 
 155.5,    0.1238419018 
 155.6,    0.3965751549 
 155.7,    0.6607712203 
 155.8,    0.9166493404 
 155.9,     1.164449934 
   156,      1.40442608 
 156.1,     1.636837139 
 156.2,     1.861944009 
 156.3,     2.080005635 
 156.4,     2.291276493 
 156.5,     2.496004794 
 156.6,     2.694431261 
 156.7,     2.886788336 
 156.8,     3.073299692 
 156.9,     3.254180003 
   157,     3.429634889 
 157.1,     3.599860984 
 157.2,     3.765046115 
 157.3,     3.925369535 
 157.4,     4.081002213 
 157.5,     4.232107146 
 157.6,      4.37883969 
 157.7,     4.521347912 
 157.8,     4.659772919 
 157.9,     4.794249204 
   158,     4.924904988 
 158.1,     5.051862527 
 158.2,     5.175238429 
 158.3,      5.29514396 
 158.4,      5.41168532 
 158.5,      5.52496392 
 158.6,     5.635076636 
 158.7,     5.742116059 
 158.8,     5.846170725 
 158.9,      5.94732533 
   159,     6.045660937 
 159.1,     6.141255184 
 159.2,     6.234182442 
 159.3,     6.324514016 
 159.4,     6.412318291 
 159.5,     6.497660886 
 159.6,     6.580604811 
 159.7,     6.661210587 
 159.8,     6.739536387 
 159.9,     6.815638153 
   160,     6.889569705 
 160.1,     6.961382859 
 160.2,     7.031127519 
 160.3,     7.098851774 
 160.4,     7.164601992 
 160.5,     7.228422902 
 160.6,     7.290357675 
 160.7,        7.350448 
 160.8,     7.408734156 
 160.9,     7.465255076 
   161,     7.520048418 
 161.1,     7.573150621 
 161.2,     7.624596961 
 161.3,     7.674421607 
 161.4,     7.722657677 
 161.5,     7.769337279 
 161.6,      7.81449156 
 161.7,     7.858150753 
 161.8,     7.900344215 
 161.9,     7.941100471 
   162,     7.980447242 
 162.1,     8.018411494 
 162.2,     8.055019461 
 162.3,     8.090296681 
 162.4,     8.124268031 
 162.5,      8.15695775 
 162.6,     8.188389468 
 162.7,     8.218586239 
 162.8,     8.247570557 
 162.9,     8.275364386 
   163,     8.301989182 
 163.1,     8.327465917 
 163.2,     8.351815094 
 163.3,     8.375056774 
 163.4,     8.397210593 
 163.5,     8.418295776 
 163.6,     8.438331165 
 163.7,     8.457335224 
 163.8,     8.475326062 
 163.9,     8.492321448 
   164,     8.508338824 
 164.1,     8.523395322 
 164.2,     8.537507773 
 164.3,     8.550692724 
 164.4,      8.56296645 
 164.5,     8.574344965 
 164.6,     8.584844034 
 164.7,     8.594479184 
 164.8,     8.603265713 
 164.9,     8.611218704 
   165,     8.618353033 
 165.1,     8.624683376 
 165.2,     8.630224219 
 165.3,     8.634989871 
 165.4,     8.638994469 
 165.5,      8.64225198 
 165.6,     8.644776222 
 165.7,      8.64658086 
 165.8,     8.647679416 
 165.9,     8.648085279 
   166,     8.647811709 
 166.1,     8.646871842 
 166.2,     8.645278697 
 166.3,     8.643045184 
 166.4,     8.640184103 
 166.5,      8.63670816 
 166.6,     8.632629958 
 166.7,     8.627962013 
 166.8,     8.622716756 
 166.9,     8.616906531 
   167,     8.610543607 
 167.1,     8.603640178 
 167.2,     8.596208368 
 167.3,      8.58826023 
 167.4,     8.579807756 
 167.5,     8.570862875 
 167.6,      8.56143746 
 167.7,     8.551543325 
 167.8,      8.54119223 
 167.9,     8.530395887 
   168,     8.519165957 
 168.1,     8.507514051 
 168.2,     8.495451741 
 168.3,     8.482990547 
 168.4,     8.470141949 
 168.5,     8.456917387 
 168.6,     8.443328259 
 168.7,     8.429385922 
 168.8,     8.415101693 
 168.9,     8.400486853 
   169,     8.385552641 
 169.1,     8.370310261 
 169.2,     8.354770871 
 169.3,     8.338945603 
 169.4,     8.322845537 
 169.5,      8.30648172 
 169.6,     8.289865159 
 169.7,     8.273006819 
 169.8,     8.255917621 
 169.9,     8.238608446 
   170,      8.22109013 
 170.1,     8.203373464 
 170.2,      8.18546919 
 170.3,     8.167388002 
 170.4,     8.149140549 
 170.5,     8.130737419 
 170.6,     8.112189154 
 170.7,     8.093506235 
 170.8,     8.074699087 
 170.9,     8.055778075 
   171,       8.0367535 
 171.1,     8.017635598 
 171.2,      7.99843454 
 171.3,     7.979160422 
 171.4,     7.959823272 
 171.5,      7.94043304 
 171.6,     7.920999599 
 171.7,     7.901532738 
 171.8,     7.882042167 
 171.9,     7.862537507 
   172,     7.843028287 
 172.1,     7.823523948 
 172.2,     7.804033833 
 172.3,     7.784567186 
 172.4,     7.765133152 
 172.5,      7.74574077 
 172.6,     7.726398974 
 172.7,     7.707116587 
 172.8,     7.687902319 
 172.9,     7.668764765 
   173,     7.649712402 
 173.1,     7.630753588 
 173.2,     7.611896554 
 173.3,     7.593149409 
 173.4,     7.574520131 
 173.5,     7.556016571 
 173.6,     7.537646443 
 173.7,     7.519417329 
 173.8,     7.501336674 
 173.9,     7.483411785 
   174,     7.465649824 
 174.1,     7.448057819 
 174.2,     7.430642647 
 174.3,     7.413411044 
 174.4,     7.396369599 
 174.5,     7.379524753 
 174.6,       7.3628828 
 174.7,     7.346449886 
 174.8,     7.330232004 
 174.9,     7.314235003 
   175,     7.298464575 
 175.1,     7.282926267 
 175.2,     7.267625473 
 175.3,     7.252567436 
 175.4,     7.237757252 
 175.5,     7.223199865 
 175.6,     7.208900074 
 175.7,     7.194862525 
 175.8,     7.181091721 
 175.9,     7.167592018 
   176,     7.154367626 
 176.1,     7.141422615 
 176.2,     7.128760908 
 176.3,     7.116386293 
 176.4,     7.104302417 
 176.5,     7.092512789 
 176.6,     7.081020786 
 176.7,     7.069829653 
 176.8,       7.0589425 
 176.9,     7.048362311 
   177,     7.038091946 
 177.1,     7.028134137 
 177.2,     7.018491499 
 177.3,     7.009166525 
 177.4,     7.000161592 
 177.5,     6.991478963 
 177.6,     6.983120789 
 177.7,     6.975089115 
 177.8,     6.967385875 
 177.9,     6.960012902 
   178,     6.952971926 
 178.1,     6.946264579 
 178.2,     6.939892393 
 178.3,     6.933856811 
 178.4,      6.92815918 
 178.5,     6.922800757 
 178.6,     6.917782713 
 178.7,     6.913106131 
 178.8,     6.908772015 
 178.9,      6.90478128 
   179,     6.901134764 
 179.1,      6.89783323 
 179.2,      6.89487736 
 179.3,      6.89226776 
 179.4,     6.890004963 
 179.5,     6.888089428 
 179.6,     6.886521544 
 179.7,     6.885301624 
 179.8,     6.884429914 
 179.9,     6.883906589 
   180,     6.883731753 
 180.1,     6.883905442 
 180.2,     6.884427621 
 180.3,     6.885298185 
 180.4,     6.886516962 
 180.5,     6.888083704 
 180.6,     6.889998101 
 180.7,     6.892259763 
 180.8,     6.894868232 
 180.9,     6.897822976 
   181,     6.901123388 
 181.1,     6.904768788 
 181.2,     6.908758413 
 181.3,     6.913091428 
 181.4,     6.917766914 
 181.5,     6.922783871 
 181.6,     6.928141215 
 181.7,     6.933837778 
 181.8,       6.9398723 
 181.9,     6.946243434 
   182,     6.952949743 
 182.1,     6.959989691 
 182.2,     6.967361648 
 182.3,     6.975063884 
 182.4,     6.983094567 
 182.5,     6.991451763 
 182.6,     7.000133429 
 182.7,     7.009137413 
 182.8,     7.018461454 
 182.9,     7.028103173 
   183,      7.03806008 
 183.1,     7.048329559 
 183.2,     7.058908878 
 183.3,      7.06979518 
 183.4,     7.080985481 
 183.5,     7.092476668 
 183.6,       7.1042655 
 183.7,       7.1163486 
 183.8,     7.128722459 
 183.9,     7.141383429 
   184,     7.154327725 
 184.1,     7.167551422 
 184.2,     7.181050452 
 184.3,     7.194820605 
 184.4,     7.208857525 
 184.5,     7.223156711 
 184.6,     7.237713515 
 184.7,     7.252523139 
 184.8,     7.267580642 
 184.9,     7.282880925 
   185,     7.298418747 
 185.1,     7.314188713 
 185.2,     7.330185279 
 185.3,     7.346402748 
 185.4,     7.362835277 
 185.5,     7.379476871 
 185.6,     7.396321384 
 185.7,     7.413362523 
 185.8,     7.430593845 
 185.9,     7.448008765 
   186,     7.465600545 
 186.1,     7.483362305 
 186.2,     7.501287024 
 186.3,     7.519367535 
 186.4,     7.537596533 
 186.5,     7.555966573 
 186.6,     7.574470073 
 186.7,     7.593099318 
 186.8,     7.611846459 
 186.9,     7.630703517 
   187,     7.649662383 
 187.1,     7.668714826 
 187.2,     7.687852488 
 187.3,     7.707066892 
 187.4,     7.726349445 
 187.5,     7.745691433 
 187.6,     7.765084036 
 187.7,     7.784518318 
 187.8,     7.803985242 
 187.9,     7.823475662 
   188,     7.842980334 
 188.1,     7.862489912 
 188.2,     7.881994961 
 188.3,     7.901485947 
 188.4,      7.92095325 
 188.5,      7.94038716 
 188.6,     7.959777888 
 188.7,     7.979115562 
 188.8,     7.998390228 
 188.9,     8.017591863 
   189,     8.036710366 
 189.1,      8.05573557 
 189.2,     8.074657235 
 189.3,     8.093465062 
 189.4,     8.112148685 
 189.5,      8.13069768 
 189.6,     8.149101563 
 189.7,     8.167349796 
 189.8,     8.185431784 
 189.9,     8.203336885 
   190,     8.221054402 
 190.1,     8.238573591 
 190.2,     8.255883662 
 190.3,     8.272973779 
 190.4,     8.289833061 
 190.5,     8.306450586 
 190.6,     8.322815387 
 190.7,      8.33891646 
 190.8,     8.354742758 
 190.9,     8.370283195 
   191,     8.385526646 
 191.1,     8.400461948 
 191.2,     8.415077898 
 191.3,     8.429363256 
 191.4,     8.443306742 
 191.5,     8.456897038 
 191.6,     8.470122785 
 191.7,     8.482972587 
 191.8,     8.495435005 
 191.9,     8.507498557 
   192,      8.51915172 
 192.1,     8.530382925 
 192.2,      8.54118056 
 192.3,     8.551532963 
 192.4,     8.561428423 
 192.5,      8.57085518 
 192.6,     8.579801417 
 192.7,     8.588255262 
 192.8,     8.596204787 
 192.9,        8.603638 
   193,     8.610542845 
 193.1,     8.616907199 
 193.2,     8.622718868 
 193.3,     8.627965584 
 193.4,        8.632635 
 193.5,     8.636714687 
 193.6,      8.64019213 
 193.7,      8.64305472 
 193.8,     8.645289758 
 193.9,     8.646884438 
   194,     8.647825853 
 194.1,     8.648100984 
 194.2,     8.647696692 
 194.3,     8.646599719 
 194.4,     8.644796676 
 194.5,     8.642274041 
 194.6,     8.639018145 
 194.7,     8.635015178 
 194.8,     8.630251164 
 194.9,      8.62471197 
   195,     8.618383288 
 195.1,      8.61125063 
 195.2,     8.603299319 
 195.3,     8.594514481 
 195.4,     8.584881034 
 195.5,     8.574383676 
 195.6,     8.563006882 
 195.7,     8.550734888 
 195.8,     8.537551678 
 195.9,      8.52344098 
   196,     8.508386244 
 196.1,     8.492370639 
 196.2,     8.475377035 
 196.3,     8.457387989 
 196.4,     8.438385732 
 196.5,     8.418352156 
 196.6,     8.397268794 
 196.7,     8.375116808 
 196.8,     8.351876971 
 196.9,     8.327529648 
   197,     8.302054778 
 197.1,     8.275431857 
 197.2,     8.247639916 
 197.3,     8.218657496 
 197.4,     8.188462636 
 197.5,     8.157032839 
 197.6,     8.124345055 
 197.7,     8.090375652 
 197.8,     8.055100391 
 197.9,     8.018494398 
   198,     7.980532133 
 198.1,     7.941187362 
 198.2,     7.900433123 
 198.3,     7.858241691 
 198.4,     7.814584545 
 198.5,     7.769432326 
 198.6,     7.722754804 
 198.7,     7.674520832 
 198.8,     7.624698301 
 198.9,     7.573254096 
   199,     7.520154047 
 199.1,      7.46536288 
 199.2,     7.408844157 
 199.3,     7.350560222 
 199.4,      7.29047214 
 199.5,     7.228539635 
 199.6,     7.164721019 
 199.7,     7.098973123 
 199.8,     7.031251218 
 199.9,     6.961508939 
   200,     6.889698198 
 200.1,     6.815769091 
 200.2,     6.739669805 
 200.3,     6.661346523 
 200.4,     6.580743304 
 200.5,     6.497801979 
 200.6,     6.412462025 
 200.7,     6.324660439 
 200.8,     6.234331601 
 200.9,      6.14140713 
   201,     6.045815728 
 201.1,     5.947483019 
 201.2,     5.846331377 
 201.3,     5.742279738 
 201.4,     5.635243411 
 201.5,     5.525133864 
 201.6,     5.411858512 
 201.7,     5.295320483 
 201.8,     5.175418371 
 201.9,     5.052045983 
   202,     4.925092057 
 202.1,     4.794439996 
 202.2,     4.659967546 
 202.3,       4.5215465 
 202.4,      4.37904237 
 202.5,     4.232314057 
 202.6,     4.081213509 
 202.7,     3.925585378 
 202.8,     3.765266678 
 202.9,     3.600086455 
   203,     3.429865469 
 203.1,     3.254415911 
 203.2,     3.073541162 
 203.3,     2.887035621 
 203.4,     2.694684637 
 203.5,     2.496264552 
 203.6,     2.291542955 
 203.7,     2.080279147 
 203.8,     1.862224943 
 203.9,     1.637125905 
   204,     1.404723116 
 204.1,     1.164755715 
 204.2,    0.9169643808 
 204.3,    0.6610960754 
 204.4,    0.3969104251 
 204.5,    0.1241882335 
 204.6,   -0.1572572601 
 204.7,   -0.4475655589 
 204.8,   -0.7468095281 
 204.9,    -1.054970156 
   205,    -1.371903935 
 205.1,    -1.697300949 
 205.2,    -2.030631522 
 205.3,    -2.371079112 
 205.4,    -2.717457099 
 205.5,    -3.068107968 
 205.6,    -3.420784686 
 205.7,    -3.772517397 
 205.8,    -4.119473876 
 205.9,    -4.456830686 
   206,    -4.778683613 
 206.1,    -5.078039585 
 206.2,    -5.346943815 
 206.3,    -5.576797463 
 206.4,    -5.758901565 
 206.5,    -5.885213922 
 206.6,    -5.949229737 
 206.7,    -5.946818921 
 206.8,    -5.876815015 
 206.9,    -5.741189688 
   207,    -5.544760416 
 207.1,    -5.294518295 
 207.2,    -4.998760252 
 207.3,    -4.666227209 
 207.4,    -4.305397088 
 207.5,    -3.924000707 
 207.6,    -3.528758094 
 207.7,    -3.125291876 
 207.8,    -2.718161169 
 207.9,    -2.310964876 
   208,    -1.906475467 
 208.1,    -1.506778151 
 208.2,    -1.113400938 
 208.3,    -0.727428774 
 208.4,   -0.3495997248 
 208.5,   0.01961618434 
 208.6,    0.3799536356 
 208.7,     0.731301864 
 208.8,     1.073665323 
 208.9,     1.407133162 
   209,     1.731855624 
 209.1,     2.048025966 
 209.2,     2.355866639 
 209.3,     2.655618815 
 209.4,      2.94753447 
 209.5,      3.23187047 
 209.6,     3.508884197 
 209.7,     3.778830313 
 209.8,     4.041958461 
 209.9,     4.298511633 
   210,     4.548725066 
 210.1,     4.792825527 
 210.2,     5.031030916 
 210.3,     5.263550064 
 210.4,     5.490582726 
 210.5,     5.712319683 
 210.6,     5.928942922 
 210.7,     6.140625895 
 210.8,     6.347533811 
 210.9,     6.549823952 
   211,     6.747646013 
 211.1,     6.941142441 
 211.2,     7.130448777 
 211.3,     7.315693988 
 211.4,     7.497000806 
 211.5,     7.674486034 
 211.6,     7.848260867 
 211.7,      8.01843117 
 211.8,     8.185097773 
 211.9,     8.348356731 
   212,     8.508299575 
 212.1,     8.665013555 
 212.2,     8.818581872 
 212.3,     8.969083878 
 212.4,     9.116595293 
 212.5,     9.261188384 
 212.6,     9.402932151 
 212.7,     9.541892498 
 212.8,     9.678132381 
 212.9,     9.811711969 
   213,     9.942688779 
 213.1,     10.07111781 
 213.2,     10.19705166 
 213.3,     10.32054067 
 213.4,       10.441633 
 213.5,     10.56037474 
 213.6,     10.67681003 
 213.7,     10.79098114 
 213.8,     10.90292854 
 213.9,     11.01269101 
   214,     11.12030568 
 214.1,     11.22580817 
 214.2,     11.32923256 
 214.3,     11.43061155 
 214.4,     11.52997646 
 214.5,      11.6273573 
 214.6,     11.72278285 
 214.7,     11.81628068 
 214.8,     11.90787721 
 214.9,     11.99759777 
   215,     12.08546659 
 215.1,     12.17150694 
 215.2,     12.25574105 
 215.3,     12.33819023 
 215.4,     12.41887488 
 215.5,     12.49781451 
 215.6,      12.5750278 
 215.7,     12.65053259 
 215.8,     12.72434593 
 215.9,     12.79648412 
   216,      12.8669627 
 216.1,     12.93579649 
 216.2,     13.00299963 
 216.3,     13.06858557 
 216.4,      13.1325671 
 216.5,     13.19495638 
 216.6,     13.25576495 
 216.7,     13.31500371 
 216.8,     13.37268303 
 216.9,     13.42881264 
   217,     13.48340176 
 217.1,     13.53645902 
 217.2,     13.58799254 
 217.3,     13.63800988 
 217.4,     13.68651812 
 217.5,     13.73352381 
 217.6,       13.779033 
 217.7,     13.82305126 
 217.8,     13.86558366 
 217.9,     13.90663482 
   218,     13.94620886 
 218.1,     13.98430945 
 218.2,      14.0209398 
 218.3,     14.05610268 
 218.4,     14.08980037 
 218.5,     14.12203473 
 218.6,     14.15280718 
 218.7,     14.18211869 
 218.8,     14.20996978 
 218.9,     14.23636053 
   219,      14.2612906 
 219.1,     14.28475921 
 219.2,     14.30676511 
 219.3,     14.32730665 
 219.4,     14.34638171 
 219.5,     14.36398774 
 219.6,     14.38012176 
 219.7,      14.3947803 
 219.8,     14.40795949 
 219.9,     14.41965496 
   220,      14.4298619 
 220.1,     14.43857503 
 220.2,     14.44578862 
 220.3,     14.45149643 
 220.4,     14.45569175 
 220.5,     14.45836738 
 220.6,     14.45951562 
 220.7,     14.45912825 
 220.8,     14.45719655 
 220.9,     14.45371124 
   221,     14.44866254 
 221.1,     14.44204009 
 221.2,     14.43383297 
 221.3,     14.42402967 
 221.4,     14.41261811 
 221.5,     14.39958558 
 221.6,     14.38491876 
 221.7,     14.36860367 
 221.8,     14.35062567 
 221.9,     14.33096946 
   222,       14.309619 
 222.1,     14.28655755 
 222.2,     14.26176761 
 222.3,     14.23523092 
 222.4,     14.20692839 
 222.5,     14.17684011 
 222.6,     14.14494533 
 222.7,     14.11122237 
 222.8,     14.07564865 
 222.9,     14.03820063 
   223,     13.99885373 
 223.1,     13.95758237 
 223.2,     13.91435986 
 223.3,     13.86915837 
 223.4,     13.82194891 
 223.5,     13.77270125 
 223.6,     13.72138384 
 223.7,     13.66796383 
 223.8,     13.61240691 
 223.9,     13.55467731 
   224,      13.4947377 
 224.1,     13.43254913 
 224.2,     13.36807093 
 224.3,     13.30126062 
 224.4,     13.23207384 
 224.5,     13.16046423 
 224.6,      13.0863833 
 224.7,     13.00978037 
 224.8,      12.9306024 
 224.9,     12.84879387 
   225,     12.76429662 
 225.1,     12.67704974 
 225.2,     12.58698934 
 225.3,     12.49404841 
 225.4,      12.3981566 
 225.5,     12.29924005 
 225.6,      12.1972211 
 225.7,     12.09201807 
 225.8,     11.98354501 
 225.9,     11.87171137 
   226,     11.75642169 
 226.1,     11.63757526 
 226.2,     11.51506574 
 226.3,     11.38878071 
 226.4,     11.25860124 
 226.5,     11.12440139 
 226.6,     10.98604763 
 226.7,     10.84339827 
 226.8,     10.69630274 
 226.9,     10.54460089 
   227,     10.38812212 
 227.1,     10.22668452 
 227.2,      10.0600938 
 227.3,     9.888142204 
 227.4,     9.710607192 
 227.5,     9.527250056 
 227.6,     9.337814301 
 227.7,     9.142023857 
 227.8,     8.939581045 
 227.9,     8.730164267 
   228,     8.513425397 
 228.1,     8.288986792 
 228.2,     8.056437873 
 228.3,     7.815331215 
 228.4,     7.565178015 
 228.5,     7.305442867 
 228.6,     7.035537685 
 228.7,     6.754814602 
 228.8,     6.462557657 
 228.9,     6.157972982 
   229,     5.840177192 
 229.1,     5.508183543 
 229.2,     5.160885353 
 229.3,     4.797036009 
 229.4,      4.41522471 
 229.5,     4.013846813 
 229.6,     3.591067351 
 229.7,     3.144775756 
 229.8,     2.672529251 
 229.9,     2.171481503 
   230,     1.638291883 
 230.1,     1.069009163 
 230.2,    0.4589212793 
 230.3,    -0.197639884 
 230.4,   -0.9075530236 
 230.5,    -1.679237941 
 230.6,    -2.523077668 
 230.7,    -3.451931471 
 230.8,    -4.481675888 
 230.9,    -5.631504735 
   231,    -6.923070588 
 231.1,    -8.375524467 
 231.2,    -9.987346681 
 231.3,    -11.67980231 
 231.4,    -13.16233037 
 231.5,     -13.8330887 
 231.6,    -13.26155631 
 231.7,    -11.82331227 
 231.8,    -10.13617247 
 231.9,    -8.516119208 
   232,    -7.053120477 
 232.1,    -5.752143699 
 232.2,    -4.594774489 
 232.3,    -3.559295081 
 232.4,     -2.62625771 
 232.5,    -1.779525826 
 232.6,    -1.006020627 
 232.7,   -0.2951851325 
 232.8,    0.3615350112 
 232.9,    0.9711216134 
   233,     1.539321569 
 233.1,     2.070907001 
 233.2,     2.569874823 
 233.3,      3.03960023 
 233.4,     3.482955473 
 233.5,     3.902402435 
 233.6,     4.300065399 
 233.7,     4.677788732 
 233.8,     5.037182976 
 233.9,     5.379661981 
   234,     5.706473062 
 234.1,     6.018721641 
 234.2,     6.317391563 
 234.3,     6.603361911 
 234.4,     6.877421061 
 234.5,     7.140278438 
 234.6,     7.392574469 
 234.7,     7.634888999 
 234.8,     7.867748475 
 234.9,     8.091632089 
   235,     8.306977071 
 235.1,     8.514183252 
 235.2,     8.713617021 
 235.3,     8.905614772 
 235.4,     9.090485909 
 235.5,     9.268515487 
 235.6,     9.439966522 
 235.7,     9.605082041 
 235.8,     9.764086879 
 235.9,     9.917189288 
   236,     10.06458236 
 236.1,     10.20644528 
 236.2,     10.34294448 
 236.3,     10.47423464 
 236.4,     10.60045959 
 236.5,     10.72175314 
 236.6,      10.8382398 
 236.7,     10.95003545 
 236.8,     11.05724793 
 236.9,     11.15997759 
   237,     11.25831776 
 237.1,     11.35235522 
 237.2,     11.44217055 
 237.3,     11.52783856 
 237.4,     11.60942855 
 237.5,     11.68700466 
 237.6,     11.76062613 
 237.7,      11.8303475 
 237.8,     11.89621889 
 237.9,     11.95828619 
   238,      12.0165912 
 238.1,     12.07117183 
 238.2,     12.12206224 
 238.3,     12.16929297 
 238.4,     12.21289102 
 238.5,     12.25288003 
 238.6,     12.28928028 
 238.7,     12.32210882 
 238.8,     12.35137954 
 238.9,     12.37710317 
   239,     12.39928738 
 239.1,     12.41793679 
 239.2,     12.43305297 
 239.3,      12.4446345 
 239.4,     12.45267692 
 239.5,     12.45717275 
 239.6,     12.45811145 
 239.7,     12.45547943 
 239.8,     12.44925995 
 239.9,     12.43943313 
   240,     12.42597584 
 240.1,     12.40886166 
 240.2,     12.38806076 
 240.3,     12.36353984 
 240.4,     12.33526197 
 240.5,     12.30318651 
 240.6,     12.26726895 
 240.7,     12.22746071 
 240.8,     12.18370904 
 240.9,     12.13595675 
   241,     12.08414206 
 241.1,     12.02819827 
 241.2,      11.9680536 
 241.3,     11.90363081 
 241.4,     11.83484691 
 241.5,     11.76161281 
 241.6,     11.68383292 
 241.7,     11.60140471 
 241.8,     11.51421821 
 241.9,     11.42215553 
   242,     11.32509022 
 242.1,     11.22288664 
 242.2,     11.11539924 
 242.3,     11.00247172 
 242.4,     10.88393619 
 242.5,     10.75961212 
 242.6,     10.62930524 
 242.7,     10.49280629 
 242.8,      10.3498896 
 242.9,     10.20031149 
   243,     10.04380854 
 243.1,     9.880095477 
 243.2,     9.708862953 
 243.3,     9.529774877 
 243.4,     9.342465445 
 243.5,     9.146535705 
 243.6,     8.941549606 
 243.7,     8.727029451 
 243.8,     8.502450595 
 243.9,     8.267235296 
   244,       8.0207455 
 244.1,     7.762274364 
 244.2,     7.491036218 
 244.3,     7.206154652 
 244.4,     6.906648232 
 244.5,     6.591413324 
 244.6,     6.259203254 
 244.7,     5.908602856 
 244.8,     5.537997114 
 244.9,     5.145532224 
   245,     4.729066751 
 245.1,     4.286109764 
 245.2,     3.813741592 
 245.3,     3.308511089 
 245.4,     2.766300699 
 245.5,     2.182146696 
 245.6,     1.549995942 
 245.7,    0.8623712679 
 245.8,    0.1099028623 
 245.9,   -0.7193400823 
   246,    -1.640819672 
 246.1,    -2.674957744 
 246.2,    -3.849244096 
 246.3,    -5.201248393 
 246.4,    -6.782277322 
 246.5,    -8.658240496 
 246.6,    -10.88668624 
 246.7,    -13.35990328 
 246.8,    -15.18243106 
 246.9,    -14.63530178 
   247,    -12.32033818 
 247.1,    -9.863043061 
 247.2,    -7.737126502 
 247.3,     -5.94645377 
 247.4,    -4.423477112 
 247.5,    -3.107513191 
 247.6,    -1.953067082 
 247.7,   -0.9269486093 
 247.8, -0.004749576184 
 247.9,    0.8317959326 
   248,      1.59662275 
 248.1,     2.300560229 
 248.2,     2.952168692 
 248.3,     3.558319497 
 248.4,     4.124604682 
 248.5,     4.655631569 
 248.6,     5.155238337 
 248.7,     5.626654351 
 248.8,     6.072621187 
 248.9,     6.495485266 
   249,     6.897269669 
 249.1,     7.279730431 
 249.2,     7.644401187 
 249.3,     7.992628891 
 249.4,     8.325602681 
 249.5,     8.644377394 
 249.6,     8.949892862 
 249.7,     9.242989881 
 249.8,     9.524423505 
 249.9,     9.794874184 
   250,     10.05495714 
 250.1,     10.30523035 
 250.2,     10.54620129 
 250.3,     10.77833275 
 250.4,     11.00204785 
 250.5,     11.21773431 
 250.6,     11.42574819 
 250.7,      11.6264172 
 250.8,     11.82004347 
 250.9,     12.00690607 
   251,     12.18726325 
 251.1,     12.36135428 
 251.2,     12.52940127 
 251.3,     12.69161059 
 251.4,     12.84817429 
 251.5,     12.99927129 
 251.6,     13.14506845 
 251.7,     13.28572154 
 251.8,     13.42137611 
 251.9,     13.55216827 
   252,     13.67822539 
 252.1,     13.79966677 
 252.2,     13.91660415 
 252.3,     14.02914231 
 252.4,     14.13737949 
 252.5,     14.24140782 
 252.6,     14.34131377 
 252.7,     14.43717843 
 252.8,      14.5290779 
 252.9,     14.61708354 
   253,     14.70126228 
 253.1,     14.78167686 
 253.2,     14.85838604 
 253.3,     14.93144482 
 253.4,     15.00090465 
 253.5,     15.06681356 
 253.6,     15.12921636 
 253.7,      15.1881548 
 253.8,     15.24366765 
 253.9,     15.29579086 
   254,     15.34455767 
 254.1,     15.38999872 
 254.2,      15.4321421 
 254.3,     15.47101351 
 254.4,     15.50663625 
 254.5,     15.53903136 
 254.6,     15.56821765 
 254.7,     15.59421176 
 254.8,     15.61702819 
 254.9,      15.6366794 
   255,     15.65317576 
 255.1,     15.66652568 
 255.2,     15.67673553 
 255.3,     15.68380977 
 255.4,     15.68775088 
 255.5,      15.6885594 
 255.6,     15.68623395 
 255.7,      15.6807712 
 255.8,     15.67216589 
 255.9,     15.66041081 
   256,      15.6454968 
 256.1,     15.62741268 
 256.2,      15.6061453 
 256.3,     15.58167945 
 256.4,     15.55399785 
 256.5,     15.52308109 
 256.6,     15.48890761 
 256.7,     15.45145363 
 256.8,     15.41069308 
 256.9,     15.36659755 
   257,     15.31913621 
 257.1,     15.26827572 
 257.2,     15.21398016 
 257.3,     15.15621091 
 257.4,     15.09492655 
 257.5,     15.03008275 
 257.6,     14.96163212 
 257.7,     14.88952411 
 257.8,     14.81370483 
 257.9,     14.73411686 
   258,     14.65069914 
 258.1,     14.56338671 
 258.2,     14.47211054 
 258.3,     14.37679728 
 258.4,       14.277369 
 258.5,     14.17374296 
 258.6,     14.06583126 
 258.7,     13.95354055 
 258.8,     13.83677169 
 258.9,     13.71541933 
   259,     13.58937152 
 259.1,     13.45850925 
 259.2,     13.32270594 
 259.3,      13.1818269 
 259.4,     13.03572875 
 259.5,     12.88425874 
 259.6,     12.72725405 
 259.7,     12.56454098 
 259.8,      12.3959341 
 259.9,     12.22123532 
   260,      12.0402328 
 260.1,     11.85269979 
 260.2,     11.65839339 
 260.3,     11.45705315 
 260.4,     11.24839945 
 260.5,     11.03213186 
 260.6,     10.80792722 
 260.7,     10.57543753 
 260.8,     10.33428769 
 260.9,     10.08407297 
   261,      9.82435619 
 261.1,     9.554664757 
 261.2,     9.274487344 
 261.3,     8.983270357 
 261.4,     8.680414184 
 261.5,     8.365269264 
 261.6,     8.037132117 
 261.7,     7.695241483 
 261.8,      7.33877489 
 261.9,     6.966846105 
   262,     6.578504189 
 262.1,     6.172735313 
 262.2,     5.748469032 
 262.3,     5.304591713 
 262.4,     4.839971182 
 262.5,     4.353498822 
 262.6,     3.844158621 
 262.7,     3.311137548 
 262.8,     2.753998823 
 262.9,     2.172949745 
   263,     1.569249091 
 263.1,    0.9458136905 
 263.2,    0.3080930778 
 263.3,   -0.3347344527 
 263.4,   -0.9682736526 
 263.5,    -1.571384221 
 263.6,    -2.115303398 
 263.7,    -2.564695673 
 263.8,    -2.882137646 
 263.9,    -3.036408168 
   264,    -3.012009565 
 264.1,    -2.814732817 
 264.2,    -2.469517594 
 264.3,    -2.012101617 
 264.4,    -1.479620045 
 264.5,   -0.9042375584 
 264.6,   -0.3106518222 
 264.7,    0.2837410299 
 264.8,    0.8675021228 
 264.9,     1.433590334 
   265,     1.978016364 
 265.1,     2.498821304 
 265.2,     2.995352947 
 265.3,     3.467773283 
 265.4,     3.916731743 
 265.5,     4.343152276 
 265.6,     4.748096715 
 265.7,     5.132678504 
 265.8,     5.498009395 
 265.9,     5.845167535 
   266,       6.1751794 
 266.1,     6.489010536 
 266.2,     6.787561911 
 266.3,     7.071669713 
 266.4,     7.342107242 
 266.5,     7.599587973 
 266.6,     7.844769248 
 266.7,     8.078256193 
 266.8,     8.300605664 
 266.9,     8.512330072 
   267,     8.713900993 
 267.1,     8.905752556 
 267.2,     9.088284557 
 267.3,     9.261865316 
 267.4,     9.426834296 
 267.5,     9.583504468 
 267.6,     9.732164453 
 267.7,     9.873080478 
 267.8,     10.00649813 
 267.9,     10.13264392 
   268,     10.25172675 
 268.1,     10.36393917 
 268.2,     10.46945857 
 268.3,     10.56844819 
 268.4,     10.66105808 
 268.5,     10.74742597 
 268.6,     10.82767799 
 268.7,     10.90192939 
 268.8,     10.97028512 
 268.9,     11.03284041 
   269,     11.08968125 
 269.1,     11.14088479 
 269.2,      11.1865198 
 269.3,     11.22664693 
 269.4,     11.26131903 
 269.5,     11.29058143 
 269.6,     11.31447212 
 269.7,     11.33302196 
 269.8,     11.34625479 
 269.9,     11.35418756 
   270,     11.35683041 
 270.1,     11.35418673 
 270.2,     11.34625314 
 270.3,     11.33301948 
 270.4,     11.31446881 
 270.5,     11.29057729 
 270.6,     11.26131406 
 270.7,     11.22664112 
 270.8,     11.18651315 
 270.9,      11.1408773 
   271,     11.08967289 
 271.1,      11.0328312 
 271.2,     10.97027504 
 271.3,     10.90191844 
 271.4,     10.82766616 
 271.5,     10.74741324 
 271.6,     10.66104444 
 271.7,     10.56843363 
 271.8,     10.46944307 
 271.9,     10.36392272 
   272,     10.25170933 
 272.1,     10.13262551 
 272.2,      10.0064787 
 272.3,     9.873060018 
 272.4,     9.732142928 
 272.5,     9.583481847 
 272.6,     9.426810545 
 272.7,     9.261840397 
 272.8,     9.088258427 
 272.9,     8.905725169 
   273,     8.713872294 
 273.1,     8.512300001 
 273.2,     8.300574156 
 273.3,     8.078223171 
 273.4,     7.844734628 
 273.5,     7.599551657 
 273.6,     7.342069122 
 273.7,     7.071629663 
 273.8,     6.787519789 
 273.9,      6.48896618 
   274,     6.175132621 
 274.1,      5.84511812 
 274.2,     5.497957091 
 274.3,     5.132623025 
 274.4,     4.748037723 
 274.5,      4.34308938 
 274.6,     3.916664483 
 274.7,     3.467701126 
 274.8,     2.995275266 
 274.9,     2.498737368 
   275,     1.977925335 
 275.1,     1.433491256 
 275.2,    0.8673939388 
 275.3,    0.2836226295 
 275.4,   -0.3107815025 
 275.5,   -0.9043793511 
 275.6,    -1.479774196 
 275.7,    -2.012267336 
 275.8,    -2.469692483 
 275.9,    -2.814912498 
   276,    -3.012187839 
 276.1,    -3.036578053 
 276.2,    -2.882292968 
 276.3,    -2.564832461 
 276.4,    -2.115420307 
 276.5,    -1.571482086 
 276.6,   -0.9683545673 
 276.7,   -0.3348010145 
 276.8,    0.3080383089 
 276.9,    0.9457684327 
   277,     1.569211441 
 277.1,     2.172918152 
 277.2,     2.753972051 
 277.3,     3.311114624 
 277.4,     3.844138777 
 277.5,     4.353481458 
 277.6,     4.839955823 
 277.7,     5.304577984 
 277.8,     5.748456637 
 277.9,     6.172724018 
   278,     6.578493808 
 278.1,     6.966836489 
 278.2,      7.33876592 
 278.3,     7.695233064 
 278.4,     8.037124174 
 278.5,     8.365261737 
 278.6,     8.680407025 
 278.7,      8.98326353 
 278.8,     9.274480819 
 278.9,     9.554658512 
   279,     9.824350205 
 279.1,     10.08406724 
 279.2,     10.33428221 
 279.3,     10.57543228 
 279.4,     10.80792221 
 279.5,     11.03212709 
 279.6,     11.24839491 
 279.7,     11.45704885 
 279.8,     11.65838934 
 279.9,     11.85269599 
   280,     12.04022926 
 280.1,     12.22123205 
 280.2,     12.39593111 
 280.3,     12.56453827 
 280.4,     12.72725163 
 280.5,     12.88425663 
 280.6,     13.03572695 
 280.7,     13.18182543 
 280.8,      13.3227048 
 280.9,     13.45850845 
   281,     13.58937108 
 281.1,     13.71541925 
 281.2,     13.83677199 
 281.3,     13.95354124 
 281.4,     14.06583234 
 281.5,     14.17374445 
 281.6,     14.27737091 
 281.7,     14.37679962 
 281.8,     14.47211332 
 281.9,     14.56338994 
   282,     14.65070283 
 282.1,     14.73412102 
 282.2,     14.81370947 
 282.3,     14.88952925 
 282.4,     14.96163776 
 282.5,      15.0300889 
 282.6,     15.09493323 
 282.7,     15.15621812 
 282.8,     15.21398791 
 282.9,     15.26828403 
   283,     15.31914507 
 283.1,     15.36660698 
 283.2,     15.41070309 
 283.3,     15.45146423 
 283.4,     15.48891881 
 283.5,     15.52309289 
 283.6,     15.55401026 
 283.7,     15.58169248 
 283.8,     15.60615896 
 283.9,     15.62742698 
   284,     15.64551174 
 284.1,     15.66042641 
 284.2,     15.67218214 
 284.3,     15.68078812 
 284.4,     15.68625154 
 284.5,     15.68857767 
 284.6,     15.68776984 
 284.7,     15.68382942 
 284.8,     15.67675588 
 284.9,     15.66654673 
   285,     15.65319753 
 285.1,     15.63670188 
 285.2,      15.6170514 
 285.3,     15.59423569 
 285.4,     15.56824232 
 285.5,     15.53905676 
 285.6,     15.50666239 
 285.7,     15.47104039 
 285.8,     15.43216974 
 285.9,     15.39002711 
   286,     15.34458682 
 286.1,     15.29582077 
 286.2,     15.24369832 
 286.3,     15.18818624 
 286.4,     15.12924857 
 286.5,     15.06684654 
 286.6,      15.0009384 
 286.7,     14.93147936 
 286.8,     14.85842136 
 286.9,     14.78171296 
   287,     14.70129916 
 287.1,      14.6171212 
 287.2,     14.52911634 
 287.3,     14.43721766 
 287.4,     14.34135379 
 287.5,     14.24144863 
 287.6,     14.13742108 
 287.7,     14.02918469 
 287.8,     13.91664732 
 287.9,     13.79971071 
   288,     13.67827012 
 288.1,     13.55221378 
 288.2,      13.4214224 
 288.3,     13.28576861 
 288.4,      13.1451163 
 288.5,     12.99931991 
 288.6,     12.84822368 
 288.7,     12.69166074 
 288.8,     12.52945218 
 288.9,     12.36140596 
   289,     12.18731567 
 289.1,     12.00695925 
 289.2,     11.82009738 
 289.3,     11.62647185 
 289.4,     11.42580357 
 289.5,      11.2177904 
 289.6,     11.00210466 
 289.7,     10.77839026 
 289.8,     10.54625949 
 289.9,     10.30528923 
   290,     10.05501669 
 290.1,     9.794934381 
 290.2,     9.524484341 
 290.3,     9.243051336 
 290.4,     8.949954916 
 290.5,     8.644440027 
 290.6,     8.325665868 
 290.7,     7.992692601 
 290.8,     7.644465389 
 290.9,     7.279795088 
   291,     6.897334738 
 291.1,     6.495550696 
 291.2,     6.072686916 
 291.3,      5.62672031 
 291.4,     5.155304435 
 291.5,       4.6556977 
 291.6,     4.124670716 
 291.7,     3.558385268 
 291.8,     2.952233988 
 291.9,      2.30062477 
   292,      1.59668617 
 292.1,    0.8318577313 
 292.2, -0.004690103593 
 292.3,     -0.92689248 
 292.4,    -1.953015821 
 292.5,    -3.107469195 
 292.6,    -4.423444354 
 292.7,     -5.94643924 
 292.8,     -7.73714355 
 292.9,    -9.863118939 
   293,     -12.3205286 
 293.1,    -14.63567514 
 293.2,    -15.18285488 
 293.3,    -13.36014561 
 293.4,    -10.88678211 
 293.5,    -8.658260733 
 293.6,    -6.782258254 
 293.7,    -5.201207151 
 293.8,    -3.849189294 
 293.9,    -2.674894049 
   294,    -1.640749816 
 294.1,    -0.719265747 
 294.2,    0.1099805902 
 294.3,    0.8624516487 
 294.4,     1.550078463 
 294.5,     2.182230986 
 294.6,     2.766386484 
 294.7,     3.308598158 
 294.8,     3.813829786 
 294.9,     4.286198954 
   295,     4.729156836 
 295.1,     5.145623122 
 295.2,     5.538088752 
 295.3,     5.908695178 
 295.4,      6.25929621 
 295.5,     6.591506869 
 295.6,     6.906742329 
 295.7,     7.206249267 
 295.8,     7.491131322 
 295.9,     7.762369926 
   296,     8.020841498 
 296.1,     8.267331705 
 296.2,     8.502547394 
 296.3,     8.727126619 
 296.4,     8.941647125 
 296.5,     9.146633555 
 296.6,     9.342563609 
 296.7,     9.529873337 
 296.8,     9.708961693 
 296.9,     9.880194482 
   297,     10.04390779 
 297.1,     10.20041098 
 297.2,      10.3499893 
 297.3,      10.4929062 
 297.4,     10.62940534 
 297.5,     10.75971239 
 297.6,     10.88403662 
 297.7,      11.0025723 
 297.8,     11.11549995 
 297.9,     11.22298747 
   298,     11.32519116 
 298.1,     11.42225656 
 298.2,     11.51431931 
 298.3,     11.60150587 
 298.4,     11.68393413 
 298.5,     11.76171406 
 298.6,     11.83494818 
 298.7,     11.90373208 
 298.8,     11.96815487 
 298.9,     12.02829953 
   299,     12.08424327 
 299.1,     12.13605793 
 299.2,     12.18381015 
 299.3,     12.22756174 
 299.4,     12.26736989 
 299.5,     12.30328735 
 299.6,     12.33536269 
 299.7,     12.36364043 
 299.8,     12.38816121 
 299.9,     12.40896194 
   300,     12.42607595 
 300.1,     12.43953305 
 300.2,     12.44935966 
 300.3,     12.45557892 
 300.4,     12.45821071 
 300.5,     12.45727176 
 300.6,     12.45277567 
 300.7,     12.44473297 
 300.8,     12.43315115 
 300.9,     12.41803465 
   301,     12.39938492 
 301.1,     12.37720036 
 301.2,     12.35147637 
 301.3,     12.32220528 
 301.4,     12.28937635 
 301.5,     12.25297569 
 301.6,     12.21298626 
 301.7,     12.16938776 
 301.8,     12.12215658 
 301.9,     12.07126569 
   302,     12.01668457 
 302.1,     11.95837904 
 302.2,     11.89631121 
 302.3,     11.83043926 
 302.4,     11.76071732 
 302.5,     11.68709527 
 302.6,     11.60951854 
 302.7,     11.52792792 
 302.8,     11.44225926 
 302.9,     11.35244325 
   303,      11.2584051 
 303.1,      11.1600642 
 303.2,      11.0573338 
 303.3,     10.95012054 
 303.4,     10.83832409 
 303.5,     10.72183661 
 303.6,     10.60054221 
 303.7,     10.47431637 
 303.8,      10.3430253 
 303.9,     10.20652516 
   304,     10.06466126 
 304.1,     9.917267174 
 304.2,     9.764163715 
 304.3,     9.605157787 
 304.4,     9.440041139 
 304.5,     9.268588929 
 304.6,      9.09055813 
 304.7,     8.905685722 
 304.8,     8.713686648 
 304.9,     8.514251498 
   305,     8.307043874 
 305.1,     8.091697383 
 305.2,     7.867812188 
 305.3,     7.634951054 
 305.4,     7.392634779 
 305.5,     7.140336909 
 305.6,      6.87747759 
 305.7,     6.603416386 
 305.8,     6.317443853 
 305.9,     6.018771607 
   306,     5.706520543 
 306.1,     5.379706799 
 306.2,     5.037224923 
 306.3,      4.67782758 
 306.4,     4.300100877 
 306.5,      3.90243423 
 306.6,     3.482983222 
 306.7,     3.039623506 
 306.8,     2.569893118 
 306.9,     2.070919704 
   307,     1.539327934 
 307.1,    0.9711207246 
 307.2,    0.3615257287 
 307.3,   -0.2952042537 
 307.4,    -1.006051446 
 307.5,    -1.779570799 
 307.6,    -2.626320121 
 307.7,    -3.559379452 
 307.8,    -4.594887189 
 307.9,    -5.752293951 
   308,    -7.053321886 
 308.1,    -8.516391854 
 308.2,    -10.13654389 
 308.3,    -11.82380843 
 308.4,    -13.26215449 
 308.5,    -13.83364211 
 308.6,    -13.16267498 
 308.7,    -11.67994208 
 308.8,    -9.987361612 
 308.9,    -8.375474146 
   309,    -6.922987367 
 309.1,    -5.631405164 
 309.2,    -4.481568557 
 309.3,    -3.451820957 
 309.4,    -2.522966471 
 309.5,    -1.679127471 
 309.6,   -0.9074440606 
 309.7,   -0.1975328661 
 309.8,     0.459026127 
 309.9,      1.06911173 
   310,     1.638392133 
 310.1,     2.171579441 
 310.2,     2.672624908 
 310.3,     3.144869177 
 310.4,     3.591158592 
 310.5,     4.013935929 
 310.6,     4.415311754 
 310.7,     4.797121041 
 310.8,     5.160968423 
 310.9,     5.508264704 
   311,     5.840256489 
 311.1,     6.158050462 
 311.2,     6.462633361 
 311.3,      6.75488857 
 311.4,     7.035609952 
 311.5,     7.305513468 
 311.6,     7.565246981 
 311.7,     7.815398576 
 311.8,     8.056503656 
 311.9,     8.289051023 
   312,     8.513488101 
 312.1,     8.730225466 
 312.2,     8.939640759 
 312.3,     9.142082107 
 312.4,     9.337871103 
 312.5,      9.52730543 
 312.6,     9.710661153 
 312.7,     9.888194767 
 312.8,     10.06014498 
 312.9,     10.22673433 
   313,     10.38817057 
 313.1,     10.54464799 
 313.2,     10.69634852 
 313.3,     10.84344272 
 313.4,     10.98609077 
 313.5,     11.12444323 
 313.6,     11.25864178 
 313.7,     11.38881997 
 313.8,     11.51510373 
 313.9,     11.63761199 
   314,     11.75645715 
 314.1,     11.87174558 
 314.2,     11.98357798 
 314.3,     12.09204981 
 314.4,     12.19725161 
 314.5,     12.29926935 
 314.6,     12.39818469 
 314.7,     12.49407528 
 314.8,     12.58701502 
 314.9,     12.67707423 
   315,     12.76431992 
 315.1,     12.84881598 
 315.2,     12.93062334 
 315.3,     13.00980015 
 315.4,     13.08640191 
 315.5,     13.16048169 
 315.6,     13.23209016 
 315.7,     13.30127579 
 315.8,     13.36808496 
 315.9,     13.43256203 
   316,     13.49474948 
 316.1,     13.55468796 
 316.2,     13.61241645 
 316.3,     13.66797227 
 316.4,     13.72139118 
 316.5,     13.77270749 
 316.6,     13.82195407 
 316.7,     13.86916245 
 316.8,     13.91436286 
 316.9,      13.9575843 
   317,      13.9988546 
 317.1,     14.03820044 
 317.2,     14.07564742 
 317.3,      14.1112201 
 317.4,     14.14494202 
 317.5,     14.17683577 
 317.6,     14.20692303 
 317.7,     14.23522454 
 317.8,     14.26176023 
 317.9,     14.28654917 
   318,     14.30960963 
 318.1,      14.3309591 
 318.2,     14.35061434 
 318.3,     14.36859136 
 318.4,     14.38490549 
 318.5,     14.39957136 
 318.6,     14.41260294 
 318.7,     14.42401357 
 318.8,     14.43381593 
 318.9,     14.44202214 
   319,     14.44864368 
 319.1,     14.45369147 
 319.2,     14.45717588 
 319.3,      14.4591067 
 319.4,     14.45949318 
 319.5,     14.45834408 
 319.6,     14.45566759 
 319.7,     14.45147142 
 319.8,     14.44576277 
 319.9,     14.43854836 
   320,      14.4298344 
 320.1,     14.41962664 
 320.2,     14.40793038 
 320.3,      14.3947504 
 320.4,     14.38009108 
 320.5,      14.3639563 
 320.6,      14.3463495 
 320.7,     14.32727369 
 320.8,     14.30673142 
 320.9,     14.28472479 
   321,     14.26125547 
 321.1,      14.2363247 
 321.2,     14.20993325 
 321.3,     14.18208149 
 321.4,     14.15276931 
 321.5,     14.12199621 
 321.6,      14.0897612 
 321.7,     14.05606288 
 321.8,     14.02089939 
 321.9,     13.98426843 
   322,     13.94616725 
 322.1,     13.90659263 
 322.2,     13.86554091 
 322.3,     13.82300795 
 322.4,     13.77898916 
 322.5,     13.73347944 
 322.6,     13.68647325 
 322.7,     13.63796451 
 322.8,     13.58794668 
 322.9,      13.5364127 
   323,     13.48335499 
 323.1,     13.42876544 
 323.2,      13.3726354 
 323.3,     13.31495568 
 323.4,     13.25571652 
 323.5,     13.19490759 
 323.6,     13.13251795 
 323.7,     13.06853608 
 323.8,     13.00294981 
 323.9,     12.93574637 
   324,     12.86691228 
 324.1,     12.79643343 
 324.2,     12.72429498 
 324.3,      12.6504814 
 324.4,     12.57497639 
 324.5,      12.4977629 
 324.6,     12.41882308 
 324.7,     12.33813826 
 324.8,     12.25568893 
 324.9,      12.1714547 
   325,     12.08541425 
 325.1,     11.99754533 
 325.2,      11.9078247 
 325.3,     11.81622812 
 325.4,     11.72273026 
 325.5,      11.6273047 
 325.6,     11.52992387 
 325.7,       11.430559 
 325.8,     11.32918007 
 325.9,     11.22575575 
   326,     11.12025337 
 326.1,     11.01263881 
 326.2,     10.90287648 
 326.3,     10.79092925 
 326.4,     10.67675833 
 326.5,     10.56032325 
 326.6,     10.44158175 
 326.7,     10.32048968 
 326.8,     10.19700096 
 326.9,     10.07106742 
   327,      9.94263872 
 327.1,      9.81166227 
 327.2,     9.678083067 
 327.3,     9.541843594 
 327.4,     9.402883683 
 327.5,     9.261140376 
 327.6,     9.116547773 
 327.7,     8.969036871 
 327.8,     8.818535405 
 327.9,     8.664967655 
   328,     8.508254264 
 328.1,     8.348312038 
 328.2,     8.185053723 
 328.3,     8.018387788 
 328.4,     7.848218178 
 328.5,     7.674444063 
 328.6,     7.496959575 
 328.7,     7.315653522 
 328.8,     7.130409094 
 328.9,     6.941103564 
   329,     6.747607958 
 329.1,     6.549786735 
 329.2,     6.347497449 
 329.3,     6.140590395 
 329.4,     5.928908296 
 329.5,      5.71228593 
 329.6,     5.490549844 
 329.7,     5.263518044 
 329.8,     5.030999743 
 329.9,     4.792795179 
   330,     4.548695507 
 330.1,     4.298482819 
 330.2,     4.041930329 
 330.3,     3.778802787 
 330.4,      3.50885718 
 330.5,     3.231843841 
 330.6,     2.947508077 
 330.7,     2.655592471 
 330.8,     2.355840121 
 330.9,     2.047998998 
   331,     1.731827874 
 331.1,     1.407104224 
 331.2,     1.073634713 
 331.3,    0.7312689887 
 331.4,    0.3799177877 
 331.5,   0.01957650898 
 331.6,   -0.3496442584 
 331.7,   -0.7274793969 
 331.8,    -1.113459128 
 331.9,    -1.506845661 
   332,    -1.906554383 
 332.1,    -2.311057654 
 332.2,    -2.718270672 
 332.3,    -3.125421379 
 332.4,    -3.528911319 
 332.5,    -3.924181717 
 332.6,    -4.305610202 
 332.7,    -4.666476755 
 332.8,    -4.999050252 
 332.9,    -5.294852014 
   333,    -5.545139843 
 333.1,     -5.74161505 
 333.2,    -5.877284403 
 333.3,    -5.947328174 
 333.4,    -5.949772676 
 333.5,    -5.885782915 
 333.6,    -5.759488273 
 333.7,    -5.577393592 
 333.8,    -5.347541798 
 333.9,    -5.078632989 
   334,    -4.779267339 
 334.1,    -4.457400944 
 334.2,    -4.120028069 
 334.3,    -3.773053921 
 334.4,     -3.42130272 
 334.5,    -3.068607277 
 334.6,    -2.717937872 
 334.7,    -2.371541831 
 334.8,    -2.031076856 
 334.9,     -1.69772967 
   335,    -1.372316881 
 335.1,    -1.055368177 
 335.2,    -0.747193465 
 335.3,   -0.4479362297 
 335.4,    -0.157615443 
 335.5,    0.1238418013 
 335.6,    0.3965750531 
 335.7,    0.6607711184 
 335.8,    0.9166492408 
 335.9,     1.164449836 
   336,     1.404425984 
 336.1,     1.636837046 
 336.2,     1.861943915 
 336.3,     2.080005546 
 336.4,     2.291276406 
 336.5,     2.496004709 
 336.6,     2.694431179 
 336.7,     2.886788255 
 336.8,     3.073299615 
 336.9,     3.254179931 
   337,     3.429634819 
 337.1,     3.599860917 
 337.2,     3.765046051 
 337.3,     3.925369474 
 337.4,     4.081002154 
 337.5,     4.232107089 
 337.6,     4.378839637 
 337.7,     4.521347861 
 337.8,     4.659772869 
 337.9,     4.794249161 
   338,     4.924904946 
 338.1,     5.051862487 
 338.2,     5.175238393 
 338.3,     5.295143927 
 338.4,     5.411685289 
 338.5,      5.52496389 
 338.6,     5.635076609 
 338.7,     5.742116035 
 338.8,     5.846170704 
 338.9,      5.94732531 
   339,     6.045660921 
 339.1,     6.141255168 
 339.2,      6.23418243 
 339.3,     6.324514007 
 339.4,     6.412318284 
 339.5,     6.497660882 
 339.6,     6.580604808 
 339.7,     6.661210585 
 339.8,     6.739536388 
 339.9,     6.815638155 
   340,     6.889569712 
 340.1,     6.961382867 
 340.2,      7.03112753 
 340.3,     7.098851786 
 340.4,     7.164602006 
 340.5,     7.228422919 
 340.6,     7.290357694 
 340.7,     7.350448021 
 340.8,     7.408734178 
 340.9,     7.465255101 
   341,     7.520048445 
 341.1,      7.57315065 
 341.2,     7.624596992 
 341.3,      7.67442164 
 341.4,     7.722657712 
 341.5,     7.769337315 
 341.6,     7.814491598 
 341.7,     7.858150794 
 341.8,     7.900344258 
 341.9,     7.941100515 
   342,     7.980447289 
 342.1,     8.018411542 
 342.2,     8.055019511 
 342.3,     8.090296732 
 342.4,     8.124268085 
 342.5,     8.156957805 
 342.6,     8.188389526 
 342.7,     8.218586299 
 342.8,     8.247570618 
 342.9,     8.275364449 
   343,     8.301989247 
 343.1,     8.327465983 
 343.2,     8.351815162 
 343.3,     8.375056844 
 343.4,     8.397210664 
 343.5,     8.418295851 
 343.6,     8.438331241 
 343.7,     8.457335301 
 343.8,      8.47532614 
 343.9,     8.492321528 
   344,     8.508338907 
 344.1,     8.523395406 
 344.2,     8.537507859 
 344.3,     8.550692811 
 344.4,     8.562966539 
 344.5,     8.574345056 
 344.6,     8.584844127 
 344.7,     8.594479278 
 344.8,     8.603265809 
 344.9,     8.611218802 
   345,     8.618353132 
 345.1,     8.624683477 
 345.2,     8.630224322 
 345.3,     8.634989976 
 345.4,     8.638994574 
 345.5,     8.642252088 
 345.6,     8.644776331 
 345.7,      8.64658097 
 345.8,     8.647679528 
 345.9,     8.648085394 
   346,     8.647811824 
 346.1,     8.646871959 
 346.2,     8.645278816 
 346.3,     8.643045304 
 346.4,     8.640184226 
 346.5,     8.636708284 
 346.6,     8.632630083 
 346.7,      8.62796214 
 346.8,     8.622716884 
 346.9,     8.616906661 
   347,      8.61054374 
 347.1,     8.603640312 
 347.2,     8.596208502 
 347.3,     8.588260366 
 347.4,     8.579807894 
 347.5,     8.570863016 
 347.6,     8.561437601 
 347.7,     8.551543467 
 347.8,     8.541192375 
 347.9,     8.530396033 
   348,     8.519166104 
 348.1,     8.507514201 
 348.2,      8.49545189 
 348.3,     8.482990698 
 348.4,     8.470142102 
 348.5,     8.456917542 
 348.6,     8.443328416 
 348.7,     8.429386079 
 348.8,     8.415101852 
 348.9,     8.400487013 
   349,     8.385552803 
 349.1,     8.370310423 
 349.2,     8.354771036 
 349.3,     8.338945768 
 349.4,     8.322845704 
 349.5,     8.306481888 
 349.6,     8.289865329 
 349.7,      8.27300699 
 349.8,     8.255917793 
 349.9,      8.23860862 
   350,     8.221090305 
 350.1,     8.203373639 
 350.2,     8.185469366 
 350.3,     8.167388181 
 350.4,     8.149140728 
 350.5,       8.1307376 
 350.6,     8.112189336 
 350.7,     8.093506418 
 350.8,     8.074699272 
 350.9,      8.05577826 
   351,     8.036753686 
 351.1,     8.017635787 
 351.2,     7.998434728 
 351.3,     7.979160613 
 351.4,     7.959823463 
 351.5,     7.940433232 
 351.6,     7.920999792 
 351.7,     7.901532933 
 351.8,     7.882042362 
 351.9,     7.862537704 
   352,     7.843028485 
 352.1,     7.823524146 
 352.2,     7.804034032 
 352.3,     7.784567387 
 352.4,     7.765133353 
 352.5,     7.745740972 
 352.6,     7.726399178 
 352.7,      7.70711679 
 352.8,     7.687902523 
 352.9,      7.66876497 
   353,     7.649712608 
 353.1,     7.630753794 
 353.2,     7.611896761 
 353.3,     7.593149617 
 353.4,      7.57452034 
 353.5,      7.55601678 
 353.6,     7.537646653 
 353.7,      7.51941754 
 353.8,     7.501336886 
 353.9,     7.483411996 
   354,     7.465650037 
 354.1,     7.448058032 
 354.2,      7.43064286 
 354.3,     7.413411257 
 354.4,     7.396369813 
 354.5,     7.379524967 
 354.6,     7.362883015 
 354.7,     7.346450102 
 354.8,     7.330232221 
 354.9,      7.31423522 
   355,     7.298464793 
 355.1,     7.282926484 
 355.2,     7.267625691 
 355.3,     7.252567654 
 355.4,      7.23775747 
 355.5,     7.223200084 
 355.6,     7.208900294 
 355.7,     7.194862746 
 355.8,     7.181091942 
 355.9,     7.167592238 
   356,     7.154367848 
 356.1,     7.141422836 
 356.2,      7.12876113 
 356.3,     7.116386515 
 356.4,     7.104302639 
 356.5,     7.092513011 
 356.6,     7.081021009 
 356.7,     7.069829875 
 356.8,     7.058942723 
 356.9,     7.048362534 
   357,     7.038092169 
 357.1,     7.028134361 
 357.2,     7.018491722 
 357.3,     7.009166749 
 357.4,     7.000161814 
 357.5,     6.991479186 
 357.6,     6.983121013 
 357.7,     6.975089339 
 357.8,     6.967386099 
 357.9,     6.960013127 
   358,      6.95297215 
 358.1,     6.946264803 
 358.2,     6.939892618 
 358.3,     6.933857035 
 358.4,     6.928159404 
 358.5,     6.922800981 
 358.6,     6.917782937 
 358.7,     6.913106356 
 358.8,     6.908772238 
 358.9,     6.904781504 
   359,     6.901134989 
 359.1,     6.897833455 
 359.2,     6.894877585 
 359.3,     6.892267984 
 359.4,     6.890005187 
 359.5,     6.888089652 
 359.6,     6.886521768 
 359.7,     6.885301848 
 359.8,     6.884430139 
 359.9,     6.883906813 
   360,     6.883731978 
