M5B_HWBC_BI_A60_E0_F3.txt
NTNU_FFI
Method: IGABEM CCBIE with 19456 elements (24324 degrees of freedom) and NURBS degree 4. Computational time for system assembly (4x6-core Xeon 2.67 GHz): 36.1931 hours.
60
0
3000
3601
     0,     8.999505906 
   0.1,     9.008577183 
   0.2,     9.018092431 
   0.3,     9.028048297 
   0.4,     9.038441244 
   0.5,     9.049267559 
   0.6,     9.060523354 
   0.7,     9.072204574 
   0.8,        9.084307 
   0.9,     9.096826253 
     1,     9.109757799 
   1.1,     9.123096956 
   1.2,     9.136838898 
   1.3,     9.150978658 
   1.4,     9.165511135 
   1.5,     9.180431099 
   1.6,     9.195733198 
   1.7,      9.21141196 
   1.8,     9.227461803 
   1.9,     9.243877034 
     2,     9.260651861 
   2.1,     9.277780394 
   2.2,     9.295256651 
   2.3,     9.313074568 
   2.4,     9.331227996 
   2.5,     9.349710715 
   2.6,     9.368516434 
   2.7,     9.387638797 
   2.8,     9.407071389 
   2.9,     9.426807742 
     3,     9.446841338 
   3.1,     9.467165615 
   3.2,     9.487773974 
   3.3,     9.508659778 
   3.4,     9.529816366 
   3.5,     9.551237044 
   3.6,     9.572915107 
   3.7,     9.594843827 
   3.8,     9.617016467 
   3.9,     9.639426282 
     4,     9.662066525 
   4.1,     9.684930447 
   4.2,     9.708011305 
   4.3,     9.731302364 
   4.4,     9.754796899 
   4.5,     9.778488203 
   4.6,     9.802369584 
   4.7,     9.826434374 
   4.8,     9.850675929 
   4.9,     9.875087631 
     5,     9.899662896 
   5.1,     9.924395167 
   5.2,      9.94927793 
   5.3,     9.974304703 
   5.4,     9.999469046 
   5.5,     10.02476456 
   5.6,      10.0501849 
   5.7,     10.07572376 
   5.8,     10.10137487 
   5.9,     10.12713203 
     6,     10.15298908 
   6.1,     10.17893993 
   6.2,     10.20497851 
   6.3,     10.23109885 
   6.4,       10.257295 
   6.5,     10.28356109 
   6.6,     10.30989129 
   6.7,     10.33627985 
   6.8,     10.36272106 
   6.9,      10.3892093 
     7,     10.41573899 
   7.1,      10.4423046 
   7.2,     10.46890071 
   7.3,      10.4955219 
   7.4,     10.52216288 
   7.5,     10.54881836 
   7.6,     10.57548317 
   7.7,     10.60215217 
   7.8,     10.62882028 
   7.9,     10.65548251 
     8,     10.68213392 
   8.1,     10.70876964 
   8.2,     10.73538484 
   8.3,     10.76197479 
   8.4,      10.7885348 
   8.5,     10.81506024 
   8.6,     10.84154655 
   8.7,     10.86798924 
   8.8,     10.89438387 
   8.9,     10.92072606 
     9,      10.9470115 
   9.1,     10.97323593 
   9.2,     10.99939515 
   9.3,     11.02548502 
   9.4,     11.05150148 
   9.5,     11.07744048 
   9.6,     11.10329807 
   9.7,     11.12907034 
   9.8,     11.15475343 
   9.9,     11.18034354 
    10,     11.20583692 
  10.1,     11.23122987 
  10.2,     11.25651877 
  10.3,         11.2817 
  10.4,     11.30677004 
  10.5,     11.33172539 
  10.6,     11.35656261 
  10.7,      11.3812783 
  10.8,     11.40586912 
  10.9,     11.43033176 
    11,     11.45466297 
  11.1,     11.47885954 
  11.2,      11.5029183 
  11.3,     11.52683611 
  11.4,     11.55060991 
  11.5,     11.57423664 
  11.6,     11.59771331 
  11.7,     11.62103695 
  11.8,     11.64420463 
  11.9,     11.66721346 
    12,     11.69006061 
  12.1,     11.71274324 
  12.2,     11.73525859 
  12.3,     11.75760389 
  12.4,     11.77977645 
  12.5,     11.80177358 
  12.6,     11.82359263 
  12.7,     11.84523099 
  12.8,     11.86668606 
  12.9,     11.88795528 
    13,     11.90903612 
  13.1,     11.92992609 
  13.2,      11.9506227 
  13.3,      11.9711235 
  13.4,     11.99142606 
  13.5,     12.01152799 
  13.6,      12.0314269 
  13.7,     12.05112044 
  13.8,     12.07060627 
  13.9,     12.08988209 
    14,     12.10894559 
  14.1,     12.12779452 
  14.2,      12.1464266 
  14.3,     12.16483962 
  14.4,     12.18303135 
  14.5,     12.20099958 
  14.6,     12.21874215 
  14.7,     12.23625687 
  14.8,     12.25354159 
  14.9,     12.27059417 
    15,     12.28741249 
  15.1,     12.30399443 
  15.2,     12.32033788 
  15.3,     12.33644076 
  15.4,     12.35230099 
  15.5,      12.3679165 
  15.6,     12.38328522 
  15.7,     12.39840511 
  15.8,     12.41327411 
  15.9,     12.42789021 
    16,     12.44225135 
  16.1,     12.45635553 
  16.2,     12.47020073 
  16.3,     12.48378493 
  16.4,     12.49710613 
  16.5,     12.51016231 
  16.6,     12.52295149 
  16.7,     12.53547167 
  16.8,     12.54772084 
  16.9,     12.55969702 
    17,     12.57139821 
  17.1,     12.58282242 
  17.2,     12.59396766 
  17.3,     12.60483193 
  17.4,     12.61541325 
  17.5,      12.6257096 
  17.6,       12.635719 
  17.7,     12.64543944 
  17.8,     12.65486892 
  17.9,     12.66400542 
    18,     12.67284693 
  18.1,     12.68139144 
  18.2,     12.68963691 
  18.3,     12.69758132 
  18.4,     12.70522262 
  18.5,     12.71255878 
  18.6,     12.71958773 
  18.7,     12.72630741 
  18.8,     12.73271575 
  18.9,     12.73881067 
    19,     12.74459008 
  19.1,     12.75005188 
  19.2,     12.75519394 
  19.3,     12.76001415 
  19.4,     12.76451036 
  19.5,     12.76868042 
  19.6,     12.77252216 
  19.7,     12.77603342 
  19.8,     12.77921198 
  19.9,     12.78205564 
    20,     12.78456218 
  20.1,     12.78672934 
  20.2,     12.78855487 
  20.3,     12.79003649 
  20.4,      12.7911719 
  20.5,     12.79195879 
  20.6,     12.79239481 
  20.7,     12.79247761 
  20.8,     12.79220481 
  20.9,     12.79157401 
    21,     12.79058279 
  21.1,      12.7892287 
  21.2,     12.78750927 
  21.3,     12.78542201 
  21.4,     12.78296439 
  21.5,     12.78013387 
  21.6,     12.77692787 
  21.7,      12.7733438 
  21.8,     12.76937902 
  21.9,     12.76503089 
    22,      12.7602967 
  22.1,     12.75517374 
  22.2,     12.74965926 
  22.3,     12.74375047 
  22.4,     12.73744457 
  22.5,     12.73073869 
  22.6,     12.72362996 
  22.7,     12.71611545 
  22.8,      12.7081922 
  22.9,     12.69985722 
    23,     12.69110748 
  23.1,     12.68193989 
  23.2,     12.67235135 
  23.3,     12.66233869 
  23.4,     12.65189871 
  23.5,     12.64102818 
  23.6,      12.6297238 
  23.7,     12.61798223 
  23.8,     12.60580009 
  23.9,     12.59317395 
    24,     12.58010034 
  24.1,      12.5665757 
  24.2,     12.55259647 
  24.3,     12.53815899 
  24.4,     12.52325959 
  24.5,      12.5078945 
  24.6,     12.49205991 
  24.7,     12.47575196 
  24.8,     12.45896673 
  24.9,     12.44170021 
    25,     12.42394835 
  25.1,     12.40570703 
  25.2,     12.38697206 
  25.3,     12.36773919 
  25.4,     12.34800407 
  25.5,     12.32776232 
  25.6,     12.30700945 
  25.7,     12.28574091 
  25.8,     12.26395207 
  25.9,     12.24163821 
    26,     12.21879454 
  26.1,     12.19541617 
  26.2,     12.17149814 
  26.3,     12.14703538 
  26.4,     12.12202275 
  26.5,     12.09645499 
  26.6,     12.07032677 
  26.7,     12.04363264 
  26.8,     12.01636705 
  26.9,     11.98852435 
    27,     11.96009878 
  27.1,     11.93108446 
  27.2,     11.90147541 
  27.3,     11.87126552 
  27.4,     11.84044856 
  27.5,     11.80901818 
  27.6,      11.7769679 
  27.7,      11.7442911 
  27.8,     11.71098103 
  27.9,      11.6770308 
    28,     11.64243338 
  28.1,     11.60718157 
  28.2,     11.57126805 
  28.3,     11.53468532 
  28.4,     11.49742571 
  28.5,     11.45948141 
  28.6,      11.4208444 
  28.7,     11.38150652 
  28.8,      11.3414594 
  28.9,     11.30069448 
    29,     11.25920302 
  29.1,     11.21697608 
  29.2,     11.17400448 
  29.3,     11.13027886 
  29.4,     11.08578961 
  29.5,     11.04052691 
  29.6,     10.99448069 
  29.7,     10.94764065 
  29.8,     10.89999621 
  29.9,     10.85153655 
    30,     10.80225056 
  30.1,     10.75212687 
  30.2,      10.7011538 
  30.3,     10.64931937 
  30.4,      10.5966113 
  30.5,     10.54301699 
  30.6,     10.48852347 
  30.7,     10.43311746 
  30.8,      10.3767853 
  30.9,     10.31951297 
    31,     10.26128604 
  31.1,     10.20208971 
  31.2,     10.14190872 
  31.3,     10.08072741 
  31.4,     10.01852965 
  31.5,      9.95529885 
  31.6,     9.891017929 
  31.7,     9.825669295 
  31.8,     9.759234831 
  31.9,     9.691695868 
    32,     9.623033164 
  32.1,     9.553226882 
  32.2,      9.48225656 
  32.3,     9.410101086 
  32.4,     9.336738675 
  32.5,     9.262146832 
  32.6,     9.186302324 
  32.7,     9.109181146 
  32.8,      9.03075849 
  32.9,     8.951008702 
    33,     8.869905248 
  33.1,     8.787420669 
  33.2,     8.703526539 
  33.3,     8.618193422 
  33.4,     8.531390813 
  33.5,     8.443087098 
  33.6,     8.353249491 
  33.7,     8.261843977 
  33.8,     8.168835248 
  33.9,      8.07418664 
    34,     7.977860059 
  34.1,     7.879815905 
  34.2,     7.780012994 
  34.3,     7.678408469 
  34.4,     7.574957709 
  34.5,      7.46961423 
  34.6,     7.362329581 
  34.7,     7.253053229 
  34.8,     7.141732438 
  34.9,     7.028312141 
    35,     6.912734795 
  35.1,     6.794940235 
  35.2,     6.674865511 
  35.3,     6.552444709 
  35.4,      6.42760877 
  35.5,     6.300285278 
  35.6,     6.170398239 
  35.7,     6.037867852 
  35.8,     5.902610235 
  35.9,     5.764537152 
    36,     5.623555706 
  36.1,        5.479568 
  36.2,     5.332470776 
  36.3,     5.182155012 
  36.4,     5.028505495 
  36.5,     4.871400334 
  36.6,     4.710710436 
  36.7,     4.546298938 
  36.8,     4.378020559 
  36.9,     4.205720907 
    37,       4.0292357 
  37.1,     3.848389903 
  37.2,     3.662996782 
  37.3,     3.472856827 
  37.4,     3.277756581 
  37.5,     3.077467304 
  37.6,     2.871743494 
  37.7,     2.660321213 
  37.8,     2.442916209 
  37.9,      2.21922179 
    38,     1.988906423 
  38.1,      1.75161099 
  38.2,      1.50694567 
  38.3,     1.254486378 
  38.4,    0.9937706646 
  38.5,    0.7242930053 
  38.6,    0.4454993387 
  38.7,    0.1567807354 
  38.8,   -0.1425339745 
  38.9,   -0.4531868582 
    39,   -0.7760010353 
  39.1,    -1.111892695 
  39.2,    -1.461885373 
  39.3,    -1.827126973 
  39.4,    -2.208910211 
  39.5,    -2.608697274 
  39.6,    -3.028149746 
  39.7,    -3.469165095 
  39.8,    -3.933921397 
  39.9,    -4.424932468 
    40,    -4.945115961 
  40.1,    -5.497877743 
  40.2,    -6.087216281 
  40.3,    -6.717850837 
  40.4,     -7.39537623 
  40.5,    -8.126442327 
  40.6,    -8.918943569 
  40.7,    -9.782170419 
  40.8,     -10.7267898 
  40.9,    -11.76430978 
    41,    -12.90515301 
  41.1,    -14.15315783 
  41.2,    -15.49135927 
  41.3,    -16.84901784 
  41.4,    -18.04295984 
  41.5,    -18.74560666 
  41.6,    -18.65490949 
  41.7,    -17.81416139 
  41.8,      -16.558829 
  41.9,    -15.19057857 
    42,    -13.86363774 
  42.1,    -12.63341111 
  42.2,    -11.51059624 
  42.3,    -10.48920559 
  42.4,    -9.558304389 
  42.5,    -8.706468758 
  42.6,    -7.923301639 
  42.7,    -7.199812802 
  42.8,    -6.528384053 
  42.9,    -5.902602875 
    43,    -5.317072589 
  43.1,    -4.767237457 
  43.2,    -4.249233561 
  43.3,     -3.75976588 
  43.4,    -3.296008419 
  43.5,    -2.855523547 
  43.6,    -2.436196839 
  43.7,    -2.036184352 
  43.8,    -1.653869762 
  43.9,    -1.287829385 
    44,   -0.9368034573 
  44.1,   -0.5996724222 
  44.2,   -0.2754372895 
  44.3,   0.03679679757 
  44.4,    0.3378343031 
  44.5,    0.6284009002 
  44.6,    0.9091532943 
  44.7,      1.18068758 
  44.8,     1.443546389 
  44.9,     1.698225024 
    45,     1.945176751 
  45.1,     2.184817373 
  45.2,     2.417529204 
  45.3,     2.643664549 
  45.4,     2.863548721 
  45.5,     3.077482716 
  45.6,     3.285745548 
  45.7,     3.488596328 
  45.8,     3.686276092 
  45.9,      3.87900943 
    46,     4.067005936 
  46.1,     4.250461508 
  46.2,     4.429559495 
  46.3,     4.604471749 
  46.4,     4.775359547 
  46.5,     4.942374442 
  46.6,      5.10565902 
  46.7,     5.265347579 
  46.8,     5.421566766 
  46.9,     5.574436131 
    47,     5.724068647 
  47.1,     5.870571175 
  47.2,     6.014044895 
  47.3,     6.154585694 
  47.4,     6.292284529 
  47.5,     6.427227746 
  47.6,      6.55949739 
  47.7,     6.689171478 
  47.8,     6.816324256 
  47.9,     6.941026432 
    48,     7.063345393 
  48.1,     7.183345411 
  48.2,     7.301087819 
  48.3,     7.416631193 
  48.4,     7.530031506 
  48.5,     7.641342276 
  48.6,     7.750614707 
  48.7,     7.857897812 
  48.8,     7.963238539 
  48.9,     8.066681877 
    49,      8.16827096 
  49.1,     8.268047168 
  49.2,     8.366050214 
  49.3,     8.462318228 
  49.4,     8.556887842 
  49.5,     8.649794256 
  49.6,     8.741071316 
  49.7,     8.830751574 
  49.8,     8.918866351 
  49.9,     9.005445798 
    50,     9.090518944 
  50.1,     9.174113754 
  50.2,     9.256257171 
  50.3,     9.336975168 
  50.4,     9.416292784 
  50.5,     9.494234171 
  50.6,     9.570822628 
  50.7,     9.646080637 
  50.8,       9.7200299 
  50.9,     9.792691372 
    51,     9.864085285 
  51.1,     9.934231184 
  51.2,     10.00314795 
  51.3,     10.07085383 
  51.4,     10.13736646 
  51.5,     10.20270289 
  51.6,     10.26687959 
  51.7,     10.32991251 
  51.8,     10.39181705 
  51.9,     10.45260812 
    52,     10.51230014 
  52.1,     10.57090705 
  52.2,     10.62844236 
  52.3,     10.68491911 
  52.4,     10.74034994 
  52.5,     10.79474708 
  52.6,     10.84812234 
  52.7,     10.90048719 
  52.8,     10.95185268 
  52.9,     11.00222954 
    53,     11.05162813 
  53.1,     11.10005849 
  53.2,     11.14753032 
  53.3,       11.194053 
  53.4,     11.23963562 
  53.5,     11.28428695 
  53.6,     11.32801548 
  53.7,     11.37082941 
  53.8,     11.41273669 
  53.9,     11.45374496 
    54,     11.49386164 
  54.1,     11.53309386 
  54.2,     11.57144854 
  54.3,     11.60893232 
  54.4,     11.64555164 
  54.5,     11.68131268 
  54.6,     11.71622141 
  54.7,     11.75028358 
  54.8,     11.78350471 
  54.9,     11.81589015 
    55,     11.84744498 
  55.1,     11.87817414 
  55.2,     11.90808234 
  55.3,     11.93717409 
  55.4,     11.96545373 
  55.5,     11.99292541 
  55.6,     12.01959307 
  55.7,     12.04546049 
  55.8,     12.07053129 
  55.9,     12.09480888 
    56,     12.11829651 
  56.1,     12.14099726 
  56.2,     12.16291405 
  56.3,     12.18404962 
  56.4,     12.20440656 
  56.5,     12.22398729 
  56.6,     12.24279407 
  56.7,       12.260829 
  56.8,     12.27809403 
  56.9,     12.29459094 
    57,     12.31032137 
  57.1,     12.32528681 
  57.2,     12.33948858 
  57.3,     12.35292785 
  57.4,     12.36560567 
  57.5,      12.3775229 
  57.6,     12.38868027 
  57.7,     12.39907837 
  57.8,     12.40871762 
  57.9,     12.41759831 
    58,     12.42572057 
  58.1,     12.43308439 
  58.2,     12.43968961 
  58.3,     12.44553592 
  58.4,     12.45062287 
  58.5,     12.45494984 
  58.6,     12.45851609 
  58.7,      12.4613207 
  58.8,     12.46336263 
  58.9,     12.46464066 
    59,     12.46515344 
  59.1,     12.46489946 
  59.2,     12.46387705 
  59.3,     12.46208438 
  59.4,     12.45951949 
  59.5,     12.45618023 
  59.6,     12.45206431 
  59.7,     12.44716927 
  59.8,     12.44149248 
  59.9,     12.43503117 
    60,     12.42778237 
  60.1,     12.41974296 
  60.2,     12.41090964 
  60.3,     12.40127895 
  60.4,     12.39084723 
  60.5,     12.37961065 
  60.6,     12.36756521 
  60.7,      12.3547067 
  60.8,     12.34103074 
  60.9,     12.32653274 
    61,     12.31120792 
  61.1,     12.29505132 
  61.2,     12.27805774 
  61.3,     12.26022179 
  61.4,     12.24153788 
  61.5,     12.22200017 
  61.6,     12.20160262 
  61.7,     12.18033896 
  61.8,     12.15820268 
  61.9,     12.13518703 
    62,     12.11128504 
  62.1,     12.08648945 
  62.2,     12.06079277 
  62.3,     12.03418724 
  62.4,     12.00666483 
  62.5,     11.97821723 
  62.6,     11.94883584 
  62.7,     11.91851178 
  62.8,     11.88723585 
  62.9,     11.85499855 
    63,     11.82179005 
  63.1,     11.78760022 
  63.2,     11.75241855 
  63.3,      11.7162342 
  63.4,     11.67903597 
  63.5,     11.64081228 
  63.6,     11.60155116 
  63.7,     11.56124026 
  63.8,     11.51986681 
  63.9,      11.4774176 
    64,       11.433879 
  64.1,     11.38923691 
  64.2,     11.34347677 
  64.3,     11.29658353 
  64.4,     11.24854161 
  64.5,     11.19933494 
  64.6,     11.14894688 
  64.7,     11.09736022 
  64.8,     11.04455719 
  64.9,     10.99051938 
    65,     10.93522777 
  65.1,     10.87866264 
  65.2,     10.82080362 
  65.3,     10.76162961 
  65.4,     10.70111876 
  65.5,     10.63924844 
  65.6,     10.57599521 
  65.7,     10.51133479 
  65.8,     10.44524202 
  65.9,     10.37769078 
    66,     10.30865403 
  66.1,     10.23810369 
  66.2,     10.16601062 
  66.3,      10.0923446 
  66.4,     10.01707422 
  66.5,     9.940166858 
  66.6,     9.861588626 
  66.7,     9.781304286 
  66.8,     9.699277192 
  66.9,     9.615469218 
    67,     9.529840678 
  67.1,     9.442350245 
  67.2,     9.352954866 
  67.3,     9.261609663 
  67.4,     9.168267836 
  67.5,     9.072880557 
  67.6,     8.975396847 
  67.7,     8.875763464 
  67.8,     8.773924761 
  67.9,     8.669822551 
    68,     8.563395944 
  68.1,     8.454581193 
  68.2,      8.34331151 
  68.3,     8.229516875 
  68.4,     8.113123829 
  68.5,     7.994055248 
  68.6,     7.872230107 
  68.7,     7.747563207 
  68.8,     7.619964899 
  68.9,     7.489340766 
    69,     7.355591289 
  69.1,     7.218611479 
  69.2,     7.078290475 
  69.3,     6.934511103 
  69.4,     6.787149397 
  69.5,     6.636074072 
  69.6,     6.481145946 
  69.7,     6.322217303 
  69.8,     6.159131194 
  69.9,     5.991720657 
    70,     5.819807872 
  70.1,     5.643203203 
  70.2,     5.461704156 
  70.3,     5.275094204 
  70.4,     5.083141487 
  70.5,     4.885597353 
  70.6,     4.682194742 
  70.7,     4.472646345 
  70.8,     4.256642564 
  70.9,     4.033849199 
    71,     3.803904834 
  71.1,     3.566417888 
  71.2,     3.320963255 
  71.3,     3.067078499 
  71.4,     2.804259504 
  71.5,     2.531955495 
  71.6,     2.249563357 
  71.7,     1.956421089 
  71.8,     1.651800284 
  71.9,     1.334897469 
    72,     1.004824097 
  72.1,    0.6605950217 
  72.2,    0.3011151721 
  72.3,  -0.07483575616 
  72.4,   -0.4686208674 
  72.5,   -0.8817660483 
  72.6,    -1.315982365 
  72.7,    -1.773190649 
  72.8,    -2.255547364 
  72.9,    -2.765469775 
    73,    -3.305656325 
  73.1,    -3.879094256 
  73.2,    -4.489039299 
  73.3,    -5.138939119 
  73.4,    -5.832247592 
  73.5,    -6.572032046 
  73.6,    -7.360193811 
  73.7,    -8.195980158 
  73.8,    -9.073242676 
  73.9,    -9.975639799 
    74,    -10.86903353 
  74.1,    -11.69188612 
  74.2,    -12.34988563 
  74.3,    -12.72998599 
  74.4,    -12.74611016 
  74.5,    -12.39177814 
  74.6,    -11.74463116 
  74.7,    -10.91736857 
  74.8,    -10.00841555 
  74.9,    -9.083779614 
    75,    -8.180821874 
  75.1,    -7.317833585 
  75.2,    -6.502035025 
  75.3,    -5.734728461 
  75.4,    -5.014272219 
  75.5,    -4.337704082 
  75.6,    -3.701595701 
  75.7,    -3.102485801 
  75.8,    -2.537087414 
  75.9,    -2.002375669 
    76,    -1.495613816 
  76.1,    -1.014348339 
  76.2,    -0.556389783 
  76.3,    -0.119787918 
  76.4,    0.2971941838 
  76.5,    0.6961049671 
  76.6,     1.078327137 
  76.7,      1.44509797 
  76.8,     1.797527209 
  76.9,     2.136612675 
    77,     2.463253853 
  77.1,     2.778263647 
  77.2,     3.082378594 
  77.3,     3.376267694 
  77.4,     3.660540083 
  77.5,     3.935751694 
  77.6,     4.202411067 
  77.7,     4.460984407 
  77.8,     4.711900015 
  77.9,     4.955552173 
    78,     5.192304554 
  78.1,     5.422493228 
  78.2,     5.646429322 
  78.3,     5.864401359 
  78.4,     6.076677356 
  78.5,     6.283506669 
  78.6,     6.485121654 
  78.7,     6.681739136 
  78.8,     6.873561741 
  78.9,     7.060779072 
    79,     7.243568784 
  79.1,     7.422097542 
  79.2,     7.596521886 
  79.3,      7.76698902 
  79.4,     7.933637518 
  79.5,     8.096597974 
  79.6,     8.255993581 
  79.7,     8.411940669 
  79.8,     8.564549193 
  79.9,     8.713923174 
    80,     8.860161106 
  80.1,     9.003356331 
  80.2,      9.14359738 
  80.3,     9.280968284 
  80.4,     9.415548867 
  80.5,     9.547415008 
  80.6,     9.676638889 
  80.7,     9.803289223 
  80.8,     9.927431457 
  80.9,     10.04912797 
    81,     10.16843826 
  81.1,      10.2854191 
  81.2,     10.40012467 
  81.3,     10.51260678 
  81.4,      10.6229149 
  81.5,     10.73109635 
  81.6,     10.83719642 
  81.7,     10.94125843 
  81.8,     11.04332387 
  81.9,      11.1434325 
    82,     11.24162241 
  82.1,      11.3379301 
  82.2,      11.4323906 
  82.3,      11.5250375 
  82.4,     11.61590305 
  82.5,     11.70501818 
  82.6,     11.79241262 
  82.7,      11.8781149 
  82.8,     11.96215245 
  82.9,     12.04455161 
    83,      12.1253377 
  83.1,     12.20453507 
  83.2,     12.28216713 
  83.3,     12.35825638 
  83.4,     12.43282446 
  83.5,      12.5058922 
  83.6,     12.57747963 
  83.7,     12.64760602 
  83.8,     12.71628991 
  83.9,     12.78354912 
    84,     12.84940083 
  84.1,     12.91386155 
  84.2,     12.97694715 
  84.3,     13.03867293 
  84.4,     13.09905358 
  84.5,     13.15810325 
  84.6,     13.21583553 
  84.7,     13.27226349 
  84.8,     13.32739971 
  84.9,     13.38125627 
    85,     13.43384478 
  85.1,     13.48517638 
  85.2,     13.53526178 
  85.3,     13.58411127 
  85.4,     13.63173469 
  85.5,     13.67814149 
  85.6,     13.72334075 
  85.7,     13.76734114 
  85.8,     13.81015096 
  85.9,     13.85177815 
    86,     13.89223031 
  86.1,     13.93151468 
  86.2,     13.96963817 
  86.3,     14.00660737 
  86.4,     14.04242854 
  86.5,     14.07710763 
  86.6,     14.11065029 
  86.7,     14.14306186 
  86.8,      14.1743474 
  86.9,     14.20451168 
    87,     14.23355918 
  87.1,     14.26149411 
  87.2,      14.2883204 
  87.3,     14.31404173 
  87.4,     14.33866149 
  87.5,     14.36218284 
  87.6,     14.38460867 
  87.7,      14.4059416 
  87.8,     14.42618404 
  87.9,     14.44533812 
    88,     14.46340574 
  88.1,     14.48038856 
  88.2,     14.49628799 
  88.3,     14.51110522 
  88.4,      14.5248412 
  88.5,     14.53749663 
  88.6,     14.54907199 
  88.7,     14.55956752 
  88.8,     14.56898325 
  88.9,     14.57731896 
    89,      14.5845742 
  89.1,     14.59074829 
  89.2,     14.59584034 
  89.3,      14.5998492 
  89.4,     14.60277351 
  89.5,     14.60461167 
  89.6,     14.60536184 
  89.7,     14.60502198 
  89.8,     14.60358978 
  89.9,     14.60106269 
    90,     14.59743796 
  90.1,     14.59271256 
  90.2,     14.58688325 
  90.3,     14.57994651 
  90.4,     14.57189861 
  90.5,     14.56273554 
  90.6,     14.55245305 
  90.7,     14.54104662 
  90.8,      14.5285115 
  90.9,     14.51484264 
    91,     14.50003473 
  91.1,      14.4840822 
  91.2,     14.46697919 
  91.3,     14.44871955 
  91.4,     14.42929685 
  91.5,     14.40870436 
  91.6,     14.38693506 
  91.7,     14.36398161 
  91.8,     14.33983635 
  91.9,     14.31449131 
    92,     14.28793817 
  92.1,     14.26016831 
  92.2,     14.23117273 
  92.3,     14.20094208 
  92.4,     14.16946665 
  92.5,     14.13673636 
  92.6,     14.10274072 
  92.7,     14.06746889 
  92.8,     14.03090957 
  92.9,     13.99305106 
    93,     13.95388125 
  93.1,     13.91338755 
  93.2,     13.87155691 
  93.3,     13.82837584 
  93.4,     13.78383031 
  93.5,     13.73790582 
  93.6,     13.69058733 
  93.7,     13.64185924 
  93.8,     13.59170542 
  93.9,     13.54010914 
    94,     13.48705306 
  94.1,     13.43251922 
  94.2,     13.37648901 
  94.3,     13.31894314 
  94.4,     13.25986163 
  94.5,     13.19922375 
  94.6,     13.13700804 
  94.7,     13.07319224 
  94.8,     13.00775325 
  94.9,     12.94066714 
    95,     12.87190908 
  95.1,     12.80145331 
  95.2,     12.72927311 
  95.3,     12.65534073 
  95.4,     12.57962738 
  95.5,     12.50210315 
  95.6,       12.422737 
  95.7,     12.34149666 
  95.8,     12.25834859 
  95.9,     12.17325796 
    96,     12.08618851 
  96.1,     11.99710257 
  96.2,      11.9059609 
  96.3,     11.81272268 
  96.4,     11.71734541 
  96.5,     11.61978482 
  96.6,     11.51999477 
  96.7,     11.41792716 
  96.8,     11.31353186 
  96.9,     11.20675653 
    97,     11.09754657 
  97.1,     10.98584495 
  97.2,     10.87159211 
  97.3,     10.75472578 
  97.4,     10.63518088 
  97.5,      10.5128893 
  97.6,     10.38777975 
  97.7,      10.2597776 
  97.8,     10.12880465 
  97.9,     9.994778899 
    98,     9.857614384 
  98.1,     9.717220873 
  98.2,     9.573503634 
  98.3,      9.42636315 
  98.4,      9.27569482 
  98.5,     9.121388641 
  98.6,     8.963328865 
  98.7,     8.801393636 
  98.8,     8.635454599 
  98.9,     8.465376485 
    99,     8.291016672 
  99.1,     8.112224707 
  99.2,     7.928841818 
  99.3,     7.740700384 
  99.4,     7.547623386 
  99.5,     7.349423826 
  99.6,     7.145904133 
  99.7,      6.93685555 
  99.8,     6.722057511 
  99.9,      6.50127703 
   100,     6.274268098 
 100.1,     6.040771137 
 100.2,     5.800512522 
 100.3,     5.553204222 
 100.4,     5.298543624 
 100.5,     5.036213607 
 100.6,      4.76588298 
 100.7,     4.487207429 
 100.8,     4.199831159 
 100.9,       3.9033895 
   101,     3.597512798 
 101.1,     3.281832098 
 101.2,     2.955987188 
 101.3,      2.61963787 
 101.4,      2.27247954 
 101.5,     1.914264537 
 101.6,     1.544831185 
 101.7,      1.16414301 
 101.8,    0.7723413306 
 101.9,    0.3698151833 
   102,  -0.04270665842 
 102.1,   -0.4640362713 
 102.2,   -0.8923746289 
 102.3,    -1.325123551 
 102.4,    -1.758662537 
 102.5,    -2.188100938 
 102.6,    -2.607032518 
 102.7,    -3.007345531 
 102.8,    -3.379174687 
 102.9,    -3.711112931 
   103,    -3.990807693 
 103.1,    -4.206015232 
 103.2,    -4.346051696 
 103.3,    -4.403380791 
 103.4,    -4.374910265 
 103.5,    -4.262565464 
 103.6,    -4.072929278 
 103.7,     -3.81608203 
 103.8,    -3.504040252 
 103.9,    -3.149242176 
   104,     -2.76338751 
 104.1,    -2.356736105 
 104.2,    -1.937816014 
 104.3,    -1.513421685 
 104.4,     -1.08877954 
 104.5,   -0.6677862055 
 104.6,   -0.2532590671 
 104.7,    0.1528333468 
 104.8,    0.5491746878 
 104.9,    0.9349405072 
   105,     1.309671615 
 105.1,     1.673176079 
 105.2,     2.025454542 
 105.3,      2.36664393 
 105.4,     2.696975391 
 105.5,     3.016743103 
 105.6,     3.326281304 
 105.7,     3.625947489 
 105.8,     3.916110246 
 105.9,     4.197140522 
   106,     4.469405454 
 106.1,     4.733264104 
 106.2,     4.989064572 
 106.3,     5.237142169 
 106.4,     5.477818318 
 106.5,     5.711400009 
 106.6,     5.938179656 
 106.7,     6.158435217 
 106.8,      6.37243052 
 106.9,     6.580415716 
   107,     6.782627813 
 107.1,     6.979291272 
 107.2,      7.17061861 
 107.3,     7.356811026 
 107.4,     7.538059023 
 107.5,        7.714543 
 107.6,     7.886433842 
 107.7,     8.053893472 
 107.8,     8.217075388 
 107.9,     8.376125169 
   108,     8.531180946 
 108.1,     8.682373853 
 108.2,     8.829828451 
 108.3,     8.973663122 
 108.4,     9.113990443 
 108.5,      9.25091753 
 108.6,     9.384546363 
 108.7,     9.514974095 
 108.8,     9.642293329 
 108.9,     9.766592387 
   109,      9.88795556 
 109.1,     10.00646333 
 109.2,     10.12219261 
 109.3,     10.23521692 
 109.4,     10.34560657 
 109.5,     10.45342889 
 109.6,     10.55874833 
 109.7,     10.66162667 
 109.8,     10.76212311 
 109.9,     10.86029446 
   110,     10.95619525 
 110.1,     11.04987781 
 110.2,     11.14139246 
 110.3,     11.23078755 
 110.4,     11.31810958 
 110.5,     11.40340329 
 110.6,     11.48671178 
 110.7,     11.56807654 
 110.8,     11.64753756 
 110.9,      11.7251334 
   111,     11.80090126 
 111.1,     11.87487702 
 111.2,     11.94709535 
 111.3,     12.01758973 
 111.4,      12.0863925 
 111.5,     12.15353495 
 111.6,     12.21904734 
 111.7,     12.28295894 
 111.8,     12.34529811 
 111.9,      12.4060923 
   112,     12.46536811 
 112.1,     12.52315133 
 112.2,     12.57946698 
 112.3,     12.63433933 
 112.4,     12.68779191 
 112.5,     12.73984761 
 112.6,     12.79052864 
 112.7,      12.8398566 
 112.8,     12.88785247 
 112.9,     12.93453667 
   113,     12.97992907 
 113.1,       13.024049 
 113.2,      13.0669153 
 113.3,     13.10854632 
 113.4,     13.14895992 
 113.5,     13.18817355 
 113.6,     13.22620421 
 113.7,     13.26306847 
 113.8,     13.29878255 
 113.9,     13.33336225 
   114,     13.36682302 
 114.1,     13.39917996 
 114.2,     13.43044782 
 114.3,     13.46064104 
 114.4,     13.48977376 
 114.5,     13.51785978 
 114.6,     13.54491265 
 114.7,     13.57094563 
 114.8,     13.59597171 
 114.9,     13.62000364 
   115,     13.64305389 
 115.1,     13.66513473 
 115.2,     13.68625819 
 115.3,     13.70643607 
 115.4,     13.72567997 
 115.5,     13.74400127 
 115.6,      13.7614112 
 115.7,     13.77792074 
 115.8,     13.79354073 
 115.9,     13.80828184 
   116,     13.82215454 
 116.1,     13.83516916 
 116.2,     13.84733587 
 116.3,      13.8586647 
 116.4,     13.86916553 
 116.5,     13.87884808 
 116.6,     13.88772197 
 116.7,     13.89579667 
 116.8,     13.90308154 
 116.9,      13.9095858 
   117,     13.91531856 
 117.1,     13.92028884 
 117.2,     13.92450553 
 117.3,     13.92797743 
 117.4,     13.93071321 
 117.5,     13.93272149 
 117.6,     13.93401076 
 117.7,     13.93458943 
 117.8,     13.93446582 
 117.9,     13.93364817 
   118,     13.93214463 
 118.1,     13.92996329 
 118.2,     13.92711213 
 118.3,     13.92359907 
 118.4,     13.91943197 
 118.5,     13.91461859 
 118.6,     13.90916664 
 118.7,     13.90308376 
 118.8,     13.89637751 
 118.9,      13.8890554 
   119,     13.88112487 
 119.1,     13.87259328 
 119.2,     13.86346796 
 119.3,     13.85375614 
 119.4,     13.84346502 
 119.5,     13.83260172 
 119.6,     13.82117331 
 119.7,     13.80918679 
 119.8,     13.79664912 
 119.9,     13.78356717 
   120,     13.76994777 
 120.1,     13.75579769 
 120.2,     13.74112363 
 120.3,     13.72593224 
 120.4,     13.71023009 
 120.5,     13.69402371 
 120.6,     13.67731954 
 120.7,     13.66012399 
 120.8,     13.64244337 
 120.9,     13.62428395 
   121,     13.60565192 
 121.1,      13.5865534 
 121.2,     13.56699444 
 121.3,     13.54698103 
 121.4,     13.52651906 
 121.5,     13.50561436 
 121.6,     13.48427269 
 121.7,     13.46249973 
 121.8,     13.44030105 
 121.9,     13.41768217 
   122,      13.3946485 
 122.1,     13.37120537 
 122.2,     13.34735802 
 122.3,      13.3231116 
 122.4,     13.29847116 
 122.5,     13.27344163 
 122.6,     13.24802787 
 122.7,     13.22223462 
 122.8,      13.1960665 
 122.9,     13.16952804 
   123,     13.14262364 
 123.1,      13.1153576 
 123.2,     13.08773406 
 123.3,     13.05975709 
 123.4,     13.03143058 
 123.5,     13.00275833 
 123.6,     12.97374398 
 123.7,     12.94439103 
 123.8,     12.91470287 
 123.9,      12.8846827 
   124,      12.8543336 
 124.1,     12.82365849 
 124.2,     12.79266014 
 124.3,     12.76134115 
 124.4,     12.72970396 
 124.5,     12.69775083 
 124.6,     12.66548388 
 124.7,     12.63290503 
 124.8,     12.60001603 
 124.9,     12.56681843 
   125,     12.53331364 
 125.1,     12.49950282 
 125.2,       12.465387 
 125.3,     12.43096695 
 125.4,      12.3962433 
 125.5,     12.36121643 
 125.6,     12.32588653 
 125.7,      12.2902536 
 125.8,     12.25431739 
 125.9,     12.21807745 
   126,     12.18153312 
 126.1,      12.1446835 
 126.2,     12.10752747 
 126.3,     12.07006368 
 126.4,     12.03229055 
 126.5,     11.99420625 
 126.6,     11.95580874 
 126.7,     11.91709571 
 126.8,     11.87806461 
 126.9,     11.83871266 
   127,     11.79903681 
 127.1,     11.75903378 
 127.2,         11.7187 
 127.3,     11.67803168 
 127.4,     11.63702475 
 127.5,     11.59567487 
 127.6,     11.55397746 
 127.7,     11.51192764 
 127.8,     11.46952029 
 127.9,        11.42675 
   128,     11.38361109 
 128.1,      11.3400976 
 128.2,     11.29620331 
 128.3,     11.25192168 
 128.4,     11.20724593 
 128.5,     11.16216896 
 128.6,      11.1166834 
 128.7,     11.07078157 
 128.8,     11.02445553 
 128.9,     10.97769702 
   129,     10.93049747 
 129.1,     10.88284805 
 129.2,     10.83473958 
 129.3,     10.78616261 
 129.4,     10.73710735 
 129.5,     10.68756373 
 129.6,     10.63752134 
 129.7,     10.58696946 
 129.8,     10.53589705 
 129.9,     10.48429273 
   130,      10.4321448 
 130.1,     10.37944124 
 130.2,     10.32616967 
 130.3,     10.27231736 
 130.4,     10.21787126 
 130.5,     10.16281795 
 130.6,     10.10714365 
 130.7,     10.05083422 
 130.8,     9.993875146 
 130.9,     9.936251532 
   131,     9.877948106 
 131.1,     9.818949198 
 131.2,      9.75923874 
 131.3,     9.698800253 
 131.4,     9.637616844 
 131.5,     9.575671189 
 131.6,     9.512945529 
 131.7,     9.449421657 
 131.8,     9.385080903 
 131.9,      9.31990413 
   132,     9.253871716 
 132.1,      9.18696354 
 132.2,     9.119158969 
 132.3,     9.050436843 
 132.4,      8.98077546 
 132.5,     8.910152554 
 132.6,     8.838545285 
 132.7,     8.765930213 
 132.8,     8.692283279 
 132.9,     8.617579789 
   133,     8.541794383 
 133.1,     8.464901019 
 133.2,      8.38687294 
 133.3,     8.307682656 
 133.4,     8.227301906 
 133.5,     8.145701639 
 133.6,     8.062851973 
 133.7,     7.978722165 
 133.8,     7.893280576 
 133.9,     7.806494638 
   134,     7.718330804 
 134.1,     7.628754517 
 134.2,     7.537730159 
 134.3,     7.445221009 
 134.4,      7.35118919 
 134.5,     7.255595621 
 134.6,     7.158399956 
 134.7,     7.059560535 
 134.8,     6.959034312 
 134.9,     6.856776801 
   135,     6.752741997 
 135.1,     6.646882312 
 135.2,     6.539148493 
 135.3,     6.429489545 
 135.4,      6.31785264 
 135.5,     6.204183035 
 135.6,     6.088423971 
 135.7,     5.970516571 
 135.8,     5.850399741 
 135.9,     5.728010052 
   136,     5.603281628 
 136.1,     5.476146013 
 136.2,     5.346532055 
 136.3,     5.214365755 
 136.4,     5.079570133 
 136.5,     4.942065077 
 136.6,     4.801767184 
 136.7,       4.6585896 
 136.8,     4.512441851 
 136.9,     4.363229671 
   137,     4.210854812 
 137.1,      4.05521488 
 137.2,     3.896203134 
 137.3,     3.733708309 
 137.4,     3.567614428 
 137.5,     3.397800628 
 137.6,     3.224140987 
 137.7,     3.046504378 
 137.8,     2.864754328 
 137.9,     2.678748926 
   138,      2.48834076 
 138.1,     2.293376917 
 138.2,     2.093699056 
 138.3,     1.889143574 
 138.4,     1.679541908 
 138.5,     1.464720986 
 138.6,     1.244503892 
 138.7,     1.018710804 
 138.8,    0.7871602485 
 138.9,    0.5496708063 
   139,    0.3060633352 
 139.1,   0.05616389612 
 139.2,   -0.2001924577 
 139.3,   -0.4631568238 
 139.4,   -0.7328602052 
 139.5,    -1.009405561 
 139.6,    -1.292857729 
 139.7,    -1.583230667 
 139.8,    -1.880471424 
 139.9,    -2.184440076 
   140,    -2.494884753 
 140.1,    -2.811410844 
 140.2,     -3.13344331 
 140.3,      -3.4601812 
 140.4,    -3.790543675 
 140.5,    -4.123107398 
 140.6,    -4.456036205 
 140.7,    -4.787005856 
 140.8,    -5.113129184 
 140.9,    -5.430891079 
   141,    -5.736107253 
 141.1,    -6.023926274 
 141.2,    -6.288898244 
 141.3,    -6.525134075 
 141.4,    -6.726572762 
 141.5,    -6.887357415 
 141.6,    -7.002294244 
 141.7,    -7.067337049 
 141.8,    -7.080014609 
 141.9,    -7.039712957 
   142,    -6.947748182 
 142.1,    -6.807212084 
 142.2,     -6.62262741 
 142.3,    -6.399489125 
 142.4,    -6.143780685 
 142.5,    -5.861540401 
 142.6,    -5.558523827 
 142.7,    -5.239977194 
 142.8,     -4.91051384 
 142.9,    -4.574072797 
   143,    -4.233935138 
 143.1,    -3.892775874 
 143.2,    -3.552733952 
 143.3,    -3.215488087 
 143.4,    -2.882330697 
 143.5,    -2.554235588 
 143.6,    -2.231917455 
 143.7,    -1.915882704 
 143.8,    -1.606471976 
 143.9,    -1.303895203 
   144,     -1.00826015 
 144.1,    -0.719595494 
 144.2,   -0.4378693108 
 144.3,   -0.1630038433 
 144.4,     0.105112814 
 144.5,    0.3666174418 
 144.6,    0.6216644345 
 144.7,     0.870420093 
 144.8,     1.113058176 
 144.9,     1.349756464 
   145,     1.580694105 
 145.1,     1.806049592 
 145.2,     2.025999234 
 145.3,     2.240716024 
 145.4,     2.450368818 
 145.5,     2.655121738 
 145.6,     2.855133792 
 145.7,     3.050558622 
 145.8,     3.241544371 
 145.9,     3.428233643 
   146,     3.610763525 
 146.1,      3.78926566 
 146.2,     3.963866362 
 146.3,     4.134686756 
 146.4,     4.301842936 
 146.5,     4.465446137 
 146.6,     4.625602919 
 146.7,     4.782415343 
 146.8,     4.935981161 
 146.9,     5.086394008 
   147,     5.233743567 
 147.1,     5.378115761 
 147.2,     5.519592916 
 147.3,     5.658253932 
 147.4,     5.794174442 
 147.5,     5.927426964 
 147.6,     6.058081054 
 147.7,     6.186203437 
 147.8,     6.311858156 
 147.9,     6.435106683 
   148,     6.556008055 
 148.1,     6.674618983 
 148.2,      6.79099396 
 148.3,     6.905185373 
 148.4,     7.017243595 
 148.5,     7.127217083 
 148.6,     7.235152464 
 148.7,     7.341094623 
 148.8,     7.445086781 
 148.9,     7.547170572 
   149,     7.647386112 
 149.1,     7.745772073 
 149.2,     7.842365741 
 149.3,     7.937203083 
 149.4,     8.030318803 
 149.5,     8.121746394 
 149.6,     8.211518197 
 149.7,     8.299665446 
 149.8,     8.386218313 
 149.9,     8.471205961 
   150,      8.55465658 
 150.1,     8.636597426 
 150.2,     8.717054866 
 150.3,     8.796054408 
 150.4,     8.873620741 
 150.5,     8.949777762 
 150.6,     9.024548615 
 150.7,     9.097955714 
 150.8,     9.170020772 
 150.9,     9.240764836 
   151,     9.310208301 
 151.1,     9.378370944 
 151.2,     9.445271942 
 151.3,     9.510929898 
 151.4,     9.575362857 
 151.5,     9.638588335 
 151.6,     9.700623329 
 151.7,     9.761484339 
 151.8,      9.82118739 
 151.9,     9.879748043 
   152,     9.937181414 
 152.1,     9.993502187 
 152.2,     10.04872463 
 152.3,     10.10286262 
 152.4,     10.15592962 
 152.5,     10.20793875 
 152.6,     10.25890275 
 152.7,       10.308834 
 152.8,     10.35774456 
 152.9,     10.40564616 
   153,     10.45255018 
 153.1,     10.49846774 
 153.2,     10.54340962 
 153.3,     10.58738633 
 153.4,      10.6304081 
 153.5,     10.67248487 
 153.6,     10.71362634 
 153.7,     10.75384194 
 153.8,     10.79314083 
 153.9,     10.83153197 
   154,     10.86902405 
 154.1,     10.90562555 
 154.2,     10.94134471 
 154.3,     10.97618957 
 154.4,     11.01016795 
 154.5,     11.04328746 
 154.6,     11.07555553 
 154.7,     11.10697937 
 154.8,     11.13756602 
 154.9,     11.16732231 
   155,     11.19625492 
 155.1,     11.22437033 
 155.2,     11.25167486 
 155.3,     11.27817465 
 155.4,      11.3038757 
 155.5,     11.32878381 
 155.6,     11.35290467 
 155.7,     11.37624378 
 155.8,      11.3988065 
 155.9,     11.42059805 
   156,      11.4416235 
 156.1,     11.46188778 
 156.2,     11.48139569 
 156.3,     11.50015187 
 156.4,     11.51816086 
 156.5,     11.53542704 
 156.6,     11.55195468 
 156.7,     11.56774792 
 156.8,     11.58281077 
 156.9,     11.59714714 
   157,     11.61076078 
 157.1,     11.62365537 
 157.2,     11.63583443 
 157.3,      11.6473014 
 157.4,      11.6580596 
 157.5,     11.66811222 
 157.6,     11.67746235 
 157.7,       11.686113 
 157.8,     11.69406703 
 157.9,     11.70132722 
   158,     11.70789624 
 158.1,     11.71377666 
 158.2,     11.71897095 
 158.3,     11.72348148 
 158.4,      11.7273105 
 158.5,     11.73046019 
 158.6,     11.73293262 
 158.7,     11.73472976 
 158.8,     11.73585348 
 158.9,     11.73630557 
   159,     11.73608772 
 159.1,     11.73520151 
 159.2,     11.73364845 
 159.3,     11.73142993 
 159.4,     11.72854728 
 159.5,      11.7250017 
 159.6,     11.72079432 
 159.7,     11.71592618 
 159.8,     11.71039822 
 159.9,     11.70421129 
   160,     11.69736615 
 160.1,     11.68986347 
 160.2,     11.68170382 
 160.3,     11.67288769 
 160.4,     11.66341547 
 160.5,     11.65328746 
 160.6,     11.64250387 
 160.7,     11.63106482 
 160.8,     11.61897033 
 160.9,     11.60622033 
   161,     11.59281466 
 161.1,     11.57875306 
 161.2,     11.56403519 
 161.3,     11.54866059 
 161.4,     11.53262874 
 161.5,     11.51593898 
 161.6,      11.4985906 
 161.7,     11.48058276 
 161.8,     11.46191453 
 161.9,     11.44258488 
   162,     11.42259269 
 162.1,     11.40193672 
 162.2,     11.38061565 
 162.3,     11.35862804 
 162.4,     11.33597235 
 162.5,     11.31264695 
 162.6,     11.28865007 
 162.7,     11.26397986 
 162.8,     11.23863435 
 162.9,     11.21261146 
   163,     11.18590899 
 163.1,     11.15852465 
 163.2,     11.13045601 
 163.3,     11.10170052 
 163.4,     11.07225553 
 163.5,     11.04211826 
 163.6,      11.0112858 
 163.7,     10.97975512 
 163.8,     10.94752306 
 163.9,     10.91458634 
   164,     10.88094153 
 164.1,     10.84658508 
 164.2,     10.81151329 
 164.3,     10.77572234 
 164.4,     10.73920825 
 164.5,      10.7019669 
 164.6,     10.66399401 
 164.7,     10.62528518 
 164.8,     10.58583583 
 164.9,     10.54564122 
   165,     10.50469646 
 165.1,     10.46299649 
 165.2,      10.4205361 
 165.3,     10.37730987 
 165.4,     10.33331224 
 165.5,     10.28853745 
 165.6,     10.24297956 
 165.7,     10.19663246 
 165.8,     10.14948981 
 165.9,     10.10154511 
   166,     10.05279162 
 166.1,     10.00322244 
 166.2,     9.952830412 
 166.3,     9.901608186 
 166.4,     9.849548181 
 166.5,     9.796642588 
 166.6,     9.742883365 
 166.7,     9.688262224 
 166.8,     9.632770635 
 166.9,     9.576399811 
   167,     9.519140704 
 167.1,     9.460983999 
 167.2,     9.401920109 
 167.3,      9.34193916 
 167.4,     9.281030988 
 167.5,     9.219185136 
 167.6,     9.156390835 
 167.7,     9.092637003 
 167.8,     9.027912235 
 167.9,      8.96220479 
   168,     8.895502589 
 168.1,     8.827793196 
 168.2,     8.759063816 
 168.3,     8.689301279 
 168.4,     8.618492034 
 168.5,     8.546622136 
 168.6,     8.473677229 
 168.7,     8.399642547 
 168.8,     8.324502888 
 168.9,     8.248242613 
   169,     8.170845624 
 169.1,     8.092295358 
 169.2,     8.012574771 
 169.3,     7.931666324 
 169.4,     7.849551968 
 169.5,     7.766213131 
 169.6,     7.681630703 
 169.7,     7.595785024 
 169.8,     7.508655861 
 169.9,     7.420222404 
   170,     7.330463237 
 170.1,     7.239356335 
 170.2,     7.146879043 
 170.3,     7.053008057 
 170.4,     6.957719413 
 170.5,     6.860988472 
 170.6,     6.762789902 
 170.7,     6.663097663 
 170.8,     6.561884997 
 170.9,     6.459124412 
   171,      6.35478767 
 171.1,     6.248845773 
 171.2,     6.141268961 
 171.3,     6.032026696 
 171.4,      5.92108766 
 171.5,     5.808419756 
 171.6,     5.693990098 
 171.7,     5.577765025 
 171.8,     5.459710103 
 171.9,     5.339790144 
   172,     5.217969217 
 172.1,     5.094210682 
 172.2,     4.968477219 
 172.3,     4.840730878 
 172.4,     4.710933126 
 172.5,     4.579044923 
 172.6,     4.445026802 
 172.7,     4.308838962 
 172.8,     4.170441399 
 172.9,      4.02979404 
   173,      3.88685692 
 173.1,     3.741590376 
 173.2,     3.593955284 
 173.3,      3.44391334 
 173.4,     3.291427373 
 173.5,      3.13646174 
 173.6,     2.978982744 
 173.7,     2.818959164 
 173.8,     2.656362839 
 173.9,     2.491169357 
   174,     2.323358857 
 174.1,     2.152916939 
 174.2,     1.979835731 
 174.3,     1.804115108 
 174.4,     1.625764094 
 174.5,      1.44480247 
 174.6,     1.261262627 
 174.7,     1.075191651 
 174.8,    0.8866537409 
 174.9,    0.6957329108 
   175,    0.5025360817 
 175.1,    0.3071965329 
 175.2,    0.1098777949 
 175.3,  -0.08922204007 
 175.4,    -0.289865529 
 175.5,    -0.491770664 
 175.6,   -0.6946052052 
 175.7,   -0.8979806332 
 175.8,    -1.101445808 
 175.9,    -1.304480477 
   176,    -1.506488809 
 176.1,     -1.70679326 
 176.2,     -1.90462912 
 176.3,    -2.099140232 
 176.4,     -2.28937641 
 176.5,     -2.47429329 
 176.6,    -2.652755362 
 176.7,    -2.823542933 
 176.8,    -2.985363867 
 176.9,    -3.136870742 
   177,    -3.276683821 
 177.1,    -3.403419973 
 177.2,    -3.515727022 
 177.3,    -3.612322559 
 177.4,     -3.69203541 
 177.5,    -3.753847538 
 177.6,    -3.796933525 
 177.7,    -3.820694698 
 177.8,    -3.824785006 
 177.9,     -3.80912648 
   178,    -3.773912707 
 178.1,    -3.719600125 
 178.2,    -3.646887868 
 178.3,    -3.556688018 
 178.4,    -3.450088814 
 178.5,    -3.328313807 
 178.6,    -3.192679771 
 178.7,    -3.044556169 
 178.8,    -2.885328051 
 178.9,    -2.716363967 
   179,     -2.53898957 
 179.1,    -2.354467163 
 179.2,    -2.163980946 
 179.3,    -1.968627412 
 179.4,    -1.769410153 
 179.5,    -1.567238324 
 179.6,    -1.362927894 
 179.7,    -1.157205048 
 179.8,   -0.9507110268 
 179.9,   -0.7440079319 
   180,   -0.5375850399 
 180.1,   -0.3318652979 
 180.2,   -0.1272117945 
 180.3,   0.07606603474 
 180.4,    0.2777065046 
 180.5,    0.4774902016 
 180.6,    0.6752349614 
 180.7,    0.8707912678 
 180.8,     1.064038143 
 180.9,     1.254879435 
   181,     1.443240531 
 181.1,     1.629065429 
 181.2,     1.812314167 
 181.3,     1.992960562 
 181.4,       2.1709902 
 181.5,     2.346398722 
 181.6,     2.519190291 
 181.7,      2.68937627 
 181.8,     2.856974084 
 181.9,      3.02200621 
   182,     3.184499319 
 182.1,     3.344483527 
 182.2,     3.501991749 
 182.3,     3.657059143 
 182.4,     3.809722627 
 182.5,     3.960020474 
 182.6,      4.10799195 
 182.7,     4.253677019 
 182.8,     4.397116078 
 182.9,     4.538349746 
   183,      4.67741867 
 183.1,     4.814363369 
 183.2,     4.949224104 
 183.3,     5.082040765 
 183.4,     5.212852781 
 183.5,      5.34169904 
 183.6,     5.468617833 
 183.7,     5.593646799 
 183.8,     5.716822884 
 183.9,     5.838182317 
   184,     5.957760583 
 184.1,     6.075592406 
 184.2,     6.191711737 
 184.3,     6.306151752 
 184.4,     6.418944847 
 184.5,     6.530122638 
 184.6,     6.639715972 
 184.7,     6.747754922 
 184.8,     6.854268808 
 184.9,     6.959286199 
   185,      7.06283493 
 185.1,     7.164942112 
 185.2,     7.265634143 
 185.3,     7.364936731 
 185.4,       7.4628749 
 185.5,     7.559473012 
 185.6,     7.654754775 
 185.7,     7.748743269 
 185.8,     7.841460954 
 185.9,     7.932929686 
   186,     8.023170737 
 186.1,     8.112204807 
 186.2,     8.200052044 
 186.3,     8.286732052 
 186.4,     8.372263911 
 186.5,     8.456666191 
 186.6,     8.539956966 
 186.7,     8.622153828 
 186.8,     8.703273901 
 186.9,     8.783333851 
   187,     8.862349908 
 187.1,     8.940337869 
 187.2,     9.017313114 
 187.3,      9.09329062 
 187.4,     9.168284971 
 187.5,      9.24231037 
 187.6,     9.315380649 
 187.7,      9.38750928 
 187.8,     9.458709387 
 187.9,     9.528993755 
   188,     9.598374839 
 188.1,     9.666864774 
 188.2,     9.734475387 
 188.3,       9.8012182 
 188.4,     9.867104445 
 188.5,     9.932145068 
 188.6,     9.996350739 
 188.7,     10.05973186 
 188.8,     10.12229857 
 188.9,     10.18406076 
   189,     10.24502807 
 189.1,      10.3052099 
 189.2,     10.36461542 
 189.3,     10.42325358 
 189.4,     10.48113309 
 189.5,     10.53826246 
 189.6,     10.59465001 
 189.7,     10.65030382 
 189.8,      10.7052318 
 189.9,     10.75944166 
   190,     10.81294093 
 190.1,     10.86573695 
 190.2,     10.91783688 
 190.3,     10.96924774 
 190.4,     11.01997634 
 190.5,     11.07002936 
 190.6,      11.1194133 
 190.7,     11.16813452 
 190.8,     11.21619923 
 190.9,     11.26361348 
   191,      11.3103832 
 191.1,     11.35651417 
 191.2,     11.40201202 
 191.3,     11.44688228 
 191.4,     11.49113034 
 191.5,     11.53476144 
 191.6,     11.57778073 
 191.7,     11.62019324 
 191.8,     11.66200387 
 191.9,     11.70321741 
   192,     11.74383855 
 192.1,     11.78387186 
 192.2,     11.82332182 
 192.3,     11.86219281 
 192.4,     11.90048908 
 192.5,     11.93821483 
 192.6,     11.97537413 
 192.7,     12.01197097 
 192.8,     12.04800925 
 192.9,     12.08349279 
   193,     12.11842531 
 193.1,     12.15281046 
 193.2,     12.18665181 
 193.3,     12.21995283 
 193.4,     12.25271693 
 193.5,     12.28494746 
 193.6,     12.31664766 
 193.7,     12.34782072 
 193.8,     12.37846975 
 193.9,     12.40859782 
   194,      12.4382079 
 194.1,      12.4673029 
 194.2,     12.49588568 
 194.3,     12.52395903 
 194.4,     12.55152568 
 194.5,      12.5785883 
 194.6,     12.60514951 
 194.7,     12.63121185 
 194.8,     12.65677785 
 194.9,     12.68184994 
   195,     12.70643052 
 195.1,     12.73052193 
 195.2,     12.75412647 
 195.3,     12.77724639 
 195.4,     12.79988389 
 195.5,     12.82204112 
 195.6,     12.84372018 
 195.7,     12.86492314 
 195.8,     12.88565202 
 195.9,     12.90590879 
   196,      12.9256954 
 196.1,     12.94501373 
 196.2,     12.96386564 
 196.3,     12.98225296 
 196.4,     13.00017746 
 196.5,     13.01764088 
 196.6,     13.03464495 
 196.7,     13.05119131 
 196.8,     13.06728163 
 196.9,      13.0829175 
   197,     13.09810049 
 197.1,     13.11283215 
 197.2,       13.127114 
 197.3,      13.1409475 
 197.4,     13.15433411 
 197.5,     13.16727525 
 197.6,     13.17977232 
 197.7,     13.19182668 
 197.8,     13.20343966 
 197.9,     13.21461259 
   198,     13.22534674 
 198.1,     13.23564339 
 198.2,     13.24550376 
 198.3,     13.25492906 
 198.4,     13.26392049 
 198.5,     13.27247921 
 198.6,     13.28060636 
 198.7,     13.28830306 
 198.8,     13.29557041 
 198.9,     13.30240949 
   199,     13.30882135 
 199.1,     13.31480703 
 199.2,     13.32036753 
 199.3,     13.32550386 
 199.4,     13.33021698 
 199.5,     13.33450786 
 199.6,     13.33837743 
 199.7,      13.3418266 
 199.8,     13.34485628 
 199.9,     13.34746734 
   200,     13.34966065 
 200.1,     13.35143704 
 200.2,     13.35279734 
 200.3,     13.35374237 
 200.4,     13.35427291 
 200.5,     13.35438973 
 200.6,     13.35409358 
 200.7,     13.35338521 
 200.8,     13.35226533 
 200.9,     13.35073465 
   201,     13.34879384 
 201.1,     13.34644358 
 201.2,     13.34368451 
 201.3,     13.34051727 
 201.4,     13.33694246 
 201.5,     13.33296068 
 201.6,     13.32857251 
 201.7,      13.3237785 
 201.8,     13.31857919 
 201.9,      13.3129751 
   202,     13.30696672 
 202.1,     13.30055454 
 202.2,     13.29373902 
 202.3,     13.28652058 
 202.4,     13.27889966 
 202.5,     13.27087663 
 202.6,     13.26245188 
 202.7,     13.25362574 
 202.8,     13.24439856 
 202.9,     13.23477061 
   203,     13.22474219 
 203.1,     13.21431353 
 203.2,     13.20348487 
 203.3,     13.19225639 
 203.4,     13.18062827 
 203.5,     13.16860063 
 203.6,     13.15617359 
 203.7,     13.14334723 
 203.8,     13.13012157 
 203.9,     13.11649664 
   204,      13.1024724 
 204.1,     13.08804879 
 204.2,     13.07322572 
 204.3,     13.05800304 
 204.4,     13.04238058 
 204.5,     13.02635811 
 204.6,     13.00993537 
 204.7,     12.99311205 
 204.8,     12.97588779 
 204.9,      12.9582622 
   205,      12.9402348 
 205.1,     12.92180511 
 205.2,     12.90297255 
 205.3,     12.88373651 
 205.4,     12.86409631 
 205.5,     12.84405122 
 205.6,     12.82360043 
 205.7,     12.80274309 
 205.8,     12.78147826 
 205.9,     12.75980494 
   206,     12.73772205 
 206.1,     12.71522844 
 206.2,      12.6923229 
 206.3,      12.6690041 
 206.4,     12.64527065 
 206.5,     12.62112107 
 206.6,      12.5965538 
 206.7,     12.57156716 
 206.8,      12.5461594 
 206.9,     12.52032866 
   207,     12.49407296 
 207.1,     12.46739023 
 207.2,      12.4402783 
 207.3,     12.41273485 
 207.4,     12.38475748 
 207.5,     12.35634363 
 207.6,     12.32749063 
 207.7,     12.29819567 
 207.8,     12.26845583 
 207.9,     12.23826801 
   208,     12.20762898 
 208.1,     12.17653536 
 208.2,     12.14498361 
 208.3,     12.11297004 
 208.4,     12.08049077 
 208.5,     12.04754176 
 208.6,      12.0141188 
 208.7,     11.98021747 
 208.8,     11.94583318 
 208.9,     11.91096114 
   209,     11.87559635 
 209.1,      11.8397336 
 209.2,     11.80336746 
 209.3,     11.76649229 
 209.4,      11.7291022 
 209.5,     11.69119106 
 209.6,     11.65275251 
 209.7,     11.61377992 
 209.8,      11.5742664 
 209.9,     11.53420479 
   210,     11.49358764 
 210.1,     11.45240721 
 210.2,     11.41065548 
 210.3,     11.36832409 
 210.4,     11.32540438 
 210.5,     11.28188735 
 210.6,     11.23776367 
 210.7,     11.19302364 
 210.8,      11.1476572 
 210.9,     11.10165392 
   211,     11.05500298 
 211.1,     11.00769316 
 211.2,      10.9597128 
 211.3,     10.91104985 
 211.4,     10.86169178 
 211.5,     10.81162563 
 211.6,     10.76083793 
 211.7,     10.70931475 
 211.8,     10.65704162 
 211.9,     10.60400358 
   212,      10.5501851 
 212.1,     10.49557008 
 212.2,     10.44014185 
 212.3,     10.38388312 
 212.4,     10.32677598 
 212.5,     10.26880187 
 212.6,     10.20994153 
 212.7,     10.15017502 
 212.8,     10.08948167 
 212.9,     10.02784004 
   213,     9.965227913 
 213.1,     9.901622244 
 213.2,     9.836999142 
 213.3,     9.771333829 
 213.4,     9.704600603 
 213.5,     9.636772805 
 213.6,     9.567822768 
 213.7,     9.497721787 
 213.8,     9.426440064 
 213.9,     9.353946664 
   214,     9.280209465 
 214.1,     9.205195101 
 214.2,     9.128868912 
 214.3,     9.051194874 
 214.4,     8.972135542 
 214.5,     8.891651979 
 214.6,     8.809703686 
 214.7,     8.726248522 
 214.8,     8.641242623 
 214.9,     8.554640311 
   215,     8.466394011 
 215.1,     8.376454136 
 215.2,     8.284768993 
 215.3,     8.191284661 
 215.4,     8.095944875 
 215.5,     7.998690885 
 215.6,     7.899461328 
 215.7,     7.798192064 
 215.8,     7.694816027 
 215.9,     7.589263036 
   216,      7.48145962 
 216.1,     7.371328806 
 216.2,     7.258789904 
 216.3,     7.143758273 
 216.4,     7.026145056 
 216.5,     6.905856917 
 216.6,     6.782795729 
 216.7,      6.65685826 
 216.8,     6.527935809 
 216.9,      6.39591383 
   217,     6.260671514 
 217.1,     6.122081327 
 217.2,     5.980008526 
 217.3,      5.83431061 
 217.4,     5.684836722 
 217.5,     5.531427016 
 217.6,     5.373911934 
 217.7,     5.212111434 
 217.8,     5.045834134 
 217.9,     4.874876371 
   218,     4.699021169 
 218.1,     4.518037103 
 218.2,     4.331677041 
 218.3,     4.139676765 
 218.4,     3.941753449 
 218.5,     3.737603973 
 218.6,     3.526903068 
 218.7,      3.30930128 
 218.8,     3.084422712 
 218.9,     2.851862551 
   219,     2.611184361 
 219.1,     2.361917117 
 219.2,     2.103552004 
 219.3,     1.835538949 
 219.4,     1.557282958 
 219.5,     1.268140281 
 219.6,    0.9674145217 
 219.7,    0.6543528583 
 219.8,    0.3281426689 
 219.9,   -0.0120910127 
   220,   -0.3672864879 
 220.1,   -0.7384437966 
 220.2,    -1.126618849 
 220.3,    -1.532910777 
 220.4,    -1.958438655 
 220.5,    -2.404301652 
 220.6,    -2.871513766 
 220.7,    -3.360899462 
 220.8,     -3.87293002 
 220.9,    -4.407470763 
   221,    -4.963396657 
 221.1,    -5.538019694 
 221.2,    -6.126261494 
 221.3,    -6.719515817 
 221.4,    -7.304216378 
 221.5,    -7.860322402 
 221.6,    -8.360334004 
 221.7,    -8.770013826 
 221.8,    -9.052301065 
 221.9,    -9.175019025 
   222,    -9.120299092 
 222.1,    -8.890856385 
 222.2,    -8.508991078 
 222.3,    -8.009010674 
 222.4,     -7.42785767 
 222.5,     -6.79829567 
 222.6,    -6.145923933 
 222.7,     -5.48902643 
 222.8,    -4.839778156 
 222.9,    -4.205776895 
   223,    -3.591410302 
 223.1,    -2.998912173 
 223.2,     -2.42911929 
 223.3,    -1.881990391 
 223.4,    -1.356952561 
 223.5,    -0.853128059 
 223.6,   -0.3694805919 
 223.7,   0.09509180119 
 223.8,    0.5416989453 
 223.9,    0.9714235978 
   224,     1.385301297 
 224.1,     1.784309735 
 224.2,     2.169364167 
 224.3,     2.541316593 
 224.4,     2.900957235 
 224.5,     3.249017333 
 224.6,     3.586172675 
 224.7,     3.913047414 
 224.8,     4.230217958 
 224.9,     4.538216779 
   225,      4.83753603 
 225.1,      5.12863094 
 225.2,     5.411922972 
 225.3,     5.687802708 
 225.4,     5.956632515 
 225.5,     6.218748948 
 225.6,     6.474464956 
 225.7,     6.724071878 
 225.8,     6.967841253 
 225.9,     7.206026458 
   226,     7.438864202 
 226.1,     7.666575872 
 226.2,     7.889368756 
 226.3,     8.107437161 
 226.4,     8.320963416 
 226.5,     8.530118796 
 226.6,     8.735064355 
 226.7,     8.935951688 
 226.8,     9.132923629 
 226.9,      9.32611488 
   227,     9.515652598 
 227.1,     9.701656919 
 227.2,      9.88424145 
 227.3,     10.06351371 
 227.4,     10.23957555 
 227.5,     10.41252352 
 227.6,     10.58244921 
 227.7,     10.74943959 
 227.8,     10.91357728 
 227.9,     11.07494084 
   228,     11.23360503 
 228.1,     11.38964101 
 228.2,     11.54311658 
 228.3,     11.69409637 
 228.4,     11.84264205 
 228.5,     11.98881245 
 228.6,     12.13266378 
 228.7,     12.27424974 
 228.8,     12.41362166 
 228.9,     12.55082867 
   229,     12.68591775 
 229.1,     12.81893391 
 229.2,     12.94992027 
 229.3,     13.07891814 
 229.4,     13.20596715 
 229.5,     13.33110529 
 229.6,     13.45436905 
 229.7,     13.57579343 
 229.8,     13.69541206 
 229.9,     13.81325726 
   230,     13.92936009 
 230.1,      14.0437504 
 230.2,     14.15645691 
 230.3,     14.26750726 
 230.4,     14.37692805 
 230.5,     14.48474487 
 230.6,     14.59098239 
 230.7,     14.69566436 
 230.8,     14.79881367 
 230.9,     14.90045238 
   231,     15.00060175 
 231.1,     15.09928229 
 231.2,     15.19651378 
 231.3,     15.29231529 
 231.4,     15.38670525 
 231.5,     15.47970141 
 231.6,     15.57132093 
 231.7,     15.66158036 
 231.8,     15.75049569 
 231.9,     15.83808235 
   232,     15.92435526 
 232.1,     16.00932882 
 232.2,     16.09301693 
 232.3,     16.17543305 
 232.4,     16.25659016 
 232.5,      16.3365008 
 232.6,      16.4151771 
 232.7,     16.49263078 
 232.8,     16.56887317 
 232.9,     16.64391519 
   233,     16.71776743 
 233.1,      16.7904401 
 233.2,     16.86194307 
 233.3,     16.93228589 
 233.4,     17.00147777 
 233.5,     17.06952761 
 233.6,     17.13644401 
 233.7,     17.20223528 
 233.8,     17.26690943 
 233.9,      17.3304742 
   234,     17.39293708 
 234.1,     17.45430526 
 234.2,     17.51458571 
 234.3,     17.57378513 
 234.4,        17.63191 
 234.5,     17.68896654 
 234.6,     17.74496076 
 234.7,     17.79989844 
 234.8,     17.85378515 
 234.9,     17.90662624 
   235,     17.95842686 
 235.1,     18.00919194 
 235.2,     18.05892625 
 235.3,     18.10763433 
 235.4,     18.15532054 
 235.5,     18.20198907 
 235.6,     18.24764391 
 235.7,     18.29228889 
 235.8,     18.33592765 
 235.9,     18.37856366 
   236,     18.42020025 
 236.1,     18.46084055 
 236.2,     18.50048753 
 236.3,     18.53914404 
 236.4,     18.57681272 
 236.5,     18.61349609 
 236.6,     18.64919651 
 236.7,     18.68391619 
 236.8,     18.71765719 
 236.9,     18.75042141 
   237,     18.78221064 
 237.1,     18.81302649 
 237.2,     18.84287046 
 237.3,     18.87174388 
 237.4,     18.89964796 
 237.5,     18.92658376 
 237.6,     18.95255223 
 237.7,     18.97755415 
 237.8,     19.00159019 
 237.9,     19.02466086 
   238,     19.04676657 
 238.1,     19.06790757 
 238.2,     19.08808399 
 238.3,     19.10729583 
 238.4,     19.12554294 
 238.5,     19.14282506 
 238.6,     19.15914179 
 238.7,      19.1744926 
 238.8,     19.18887681 
 238.9,     19.20229364 
   239,     19.21474215 
 239.1,     19.22622129 
 239.2,     19.23672985 
 239.3,     19.24626651 
 239.4,      19.2548298 
 239.5,     19.26241812 
 239.6,     19.26902973 
 239.7,     19.27466276 
 239.8,      19.2793152 
 239.9,     19.28298489 
   240,     19.28566953 
 240.1,     19.28736669 
 240.2,     19.28807378 
 240.3,     19.28778808 
 240.4,      19.2865067 
 240.5,     19.28422663 
 240.6,     19.28094467 
 240.7,     19.27665751 
 240.8,     19.27136164 
 240.9,     19.26505342 
   241,     19.25772903 
 241.1,     19.24938451 
 241.2,     19.24001571 
 241.3,     19.22961832 
 241.4,     19.21818784 
 241.5,     19.20571963 
 241.6,     19.19220882 
 241.7,     19.17765041 
 241.8,     19.16203916 
 241.9,     19.14536968 
   242,     19.12763635 
 242.1,     19.10883338 
 242.2,     19.08895475 
 242.3,     19.06799424 
 242.4,     19.04594541 
 242.5,     19.02280161 
 242.6,     18.99855596 
 242.7,     18.97320133 
 242.8,     18.94673037 
 242.9,     18.91913548 
   243,     18.89040881 
 243.1,     18.86054225 
 243.2,     18.82952741 
 243.3,     18.79735565 
 243.4,     18.76401804 
 243.5,     18.72950534 
 243.6,     18.69380805 
 243.7,     18.65691631 
 243.8,     18.61881999 
 243.9,      18.5795086 
   244,     18.53897132 
 244.1,     18.49719699 
 244.2,     18.45417408 
 244.3,     18.40989067 
 244.4,     18.36433448 
 244.5,     18.31749281 
 244.6,     18.26935255 
 244.7,     18.21990017 
 244.8,     18.16912168 
 244.9,     18.11700264 
   245,     18.06352813 
 245.1,     18.00868271 
 245.2,     17.95245046 
 245.3,     17.89481491 
 245.4,     17.83575902 
 245.5,     17.77526519 
 245.6,     17.71331521 
 245.7,     17.64989023 
 245.8,     17.58497077 
 245.9,     17.51853667 
   246,     17.45056702 
 246.1,     17.38104024 
 246.2,     17.30993391 
 246.3,     17.23722485 
 246.4,     17.16288901 
 246.5,      17.0869015 
 246.6,     17.00923646 
 246.7,     16.92986711 
 246.8,     16.84876564 
 246.9,     16.76590319 
   247,     16.68124979 
 247.1,     16.59477433 
 247.2,     16.50644446 
 247.3,     16.41622656 
 247.4,     16.32408567 
 247.5,     16.22998542 
 247.6,     16.13388794 
 247.7,     16.03575381 
 247.8,     15.93554195 
 247.9,     15.83320955 
   248,     15.72871197 
 248.1,     15.62200262 
 248.2,     15.51303287 
 248.3,     15.40175192 
 248.4,     15.28810669 
 248.5,     15.17204165 
 248.6,     15.05349873 
 248.7,     14.93241708 
 248.8,     14.80873298 
 248.9,     14.68237963 
   249,     14.55328693 
 249.1,     14.42138127 
 249.2,     14.28658533 
 249.3,      14.1488178 
 249.4,     14.00799311 
 249.5,     13.86402114 
 249.6,      13.7168069 
 249.7,     13.56625016 
 249.8,     13.41224506 
 249.9,     13.25467973 
   250,      13.0934358 
 250.1,     12.92838786 
 250.2,     12.75940298 
 250.3,     12.58634004 
 250.4,     12.40904906 
 250.5,     12.22737047 
 250.6,     12.04113429 
 250.7,     11.85015917 
 250.8,     11.65425142 
 250.9,     11.45320386 
   251,     11.24679453 
 251.1,     11.03478527 
 251.2,     10.81692017 
 251.3,     10.59292373 
 251.4,     10.36249884 
 251.5,     10.12532451 
 251.6,     9.881053271 
 251.7,     9.629308195 
 251.8,     9.369679535 
 251.9,      9.10172085 
   252,     8.824944556 
 252.1,     8.538816796 
 252.2,     8.242751487 
 252.3,     7.936103403 
 252.4,     7.618160103 
 252.5,     7.288132451 
 252.6,     6.945143454 
 252.7,     6.588215047 
 252.8,     6.216252373 
 252.9,     5.828024987 
   253,     5.422144289 
 253.1,     4.997036256 
 253.2,     4.550908367 
 253.3,     4.081709292 
 253.4,      3.58707955 
 253.5,     3.064290971 
 253.6,      2.51017234 
 253.7,     1.921018317 
 253.8,     1.292478841 
 253.9,    0.6194275013 
   254,    -0.104188352 
 254.1,    -0.885501729 
 254.2,    -1.732842182 
 254.3,    -2.655703624 
 254.4,    -3.664288477 
 254.5,    -4.767955061 
 254.6,    -5.970949379 
 254.7,    -7.261702313 
 254.8,    -8.588371503 
 254.9,    -9.813324887 
   255,    -10.67189323 
 255.1,    -10.85756028 
 255.2,    -10.29289604 
 255.3,     -9.21937756 
 255.4,    -7.943990924 
 255.5,    -6.658217253 
 255.6,    -5.444663553 
 255.7,    -4.328334726 
 255.8,    -3.309984883 
 255.9,    -2.381704943 
   256,    -1.533362577 
 256.1,   -0.7550544334 
 256.2,  -0.03792081847 
 256.3,    0.6256864749 
 256.4,     1.242275592 
 256.5,     1.817360032 
 256.6,     2.355613204 
 256.7,     2.861008825 
 256.8,     3.336940665 
 256.9,     3.786321861 
   257,     4.211666217 
 257.1,     4.615154437 
 257.2,     4.998688064 
 257.3,     5.363933505 
 257.4,     5.712358073 
 257.5,     6.045259628 
 257.6,      6.36379109 
 257.7,     6.668980777 
 257.8,     6.961749396 
 257.9,     7.242924291 
   258,     7.513251447 
 258.1,     7.773405673 
 258.2,     8.023999251 
 258.3,     8.265589342 
 258.4,     8.498684323 
 258.5,     8.723749272 
 258.6,     8.941210695 
 258.7,     9.151460639 
 258.8,     9.354860275 
 258.9,     9.551743029 
   259,     9.742417331 
 259.1,     9.927169038 
 259.2,     10.10626356 
 259.3,     10.27994776 
 259.4,     10.44845164 
 259.5,     10.61198978 
 259.6,     10.77076277 
 259.7,      10.9249583 
 259.8,     11.07475229 
 259.9,     11.22030984 
   260,     11.36178606 
 260.1,     11.49932691 
 260.2,     11.63306985 
 260.3,     11.76314451 
 260.4,     11.88967326 
 260.5,     12.01277174 
 260.6,     12.13254933 
 260.7,      12.2491096 
 260.8,     12.36255071 
 260.9,     12.47296577 
   261,     12.58044317 
 261.1,     12.68506691 
 261.2,     12.78691686 
 261.3,     12.88606902 
 261.4,     12.98259579 
 261.5,     13.07656615 
 261.6,     13.16804589 
 261.7,     13.25709781 
 261.8,     13.34378185 
 261.9,     13.42815529 
   262,     13.51027292 
 262.1,     13.59018711 
 262.2,     13.66794802 
 262.3,     13.74360363 
 262.4,     13.81719997 
 262.5,     13.88878112 
 262.6,     13.95838934 
 262.7,     14.02606521 
 262.8,     14.09184763 
 262.9,     14.15577399 
   263,     14.21788016 
 263.1,     14.27820063 
 263.2,     14.33676853 
 263.3,     14.39361571 
 263.4,     14.44877282 
 263.5,      14.5022693 
 263.6,     14.55413351 
 263.7,     14.60439271 
 263.8,     14.65307316 
 263.9,     14.70020014 
   264,     14.74579795 
 264.1,     14.78989004 
 264.2,     14.83249895 
 264.3,     14.87364641 
 264.4,     14.91335333 
 264.5,     14.95163988 
 264.6,     14.98852544 
 264.7,     15.02402871 
 264.8,     15.05816769 
 264.9,     15.09095971 
   265,     15.12242144 
 265.1,     15.15256895 
 265.2,      15.1814177 
 265.3,     15.20898256 
 265.4,     15.23527784 
 265.5,     15.26031731 
 265.6,     15.28411418 
 265.7,     15.30668117 
 265.8,     15.32803049 
 265.9,     15.34817386 
   266,     15.36712254 
 266.1,     15.38488729 
 266.2,     15.40147846 
 266.3,     15.41690594 
 266.4,     15.43117919 
 266.5,     15.44430726 
 266.6,     15.45629878 
 266.7,     15.46716199 
 266.8,     15.47690473 
 266.9,     15.48553445 
   267,     15.49305824 
 267.1,      15.4994828 
 267.2,     15.50481448 
 267.3,     15.50905927 
 267.4,      15.5122228 
 267.5,     15.51431036 
 267.6,     15.51532691 
 267.7,     15.51527706 
 267.8,     15.51416508 
 267.9,     15.51199493 
   268,     15.50877024 
 268.1,     15.50449433 
 268.2,     15.49917017 
 268.3,     15.49280044 
 268.4,     15.48538752 
 268.5,     15.47693345 
 268.6,     15.46743998 
 268.7,     15.45690856 
 268.8,     15.44534031 
 268.9,     15.43273609 
   269,     15.41909641 
 269.1,     15.40442151 
 269.2,     15.38871132 
 269.3,     15.37196547 
 269.4,     15.35418329 
 269.5,     15.33536381 
 269.6,     15.31550576 
 269.7,     15.29460756 
 269.8,     15.27266733 
 269.9,      15.2496829 
   270,     15.22565178 
 270.1,     15.20057118 
 270.2,     15.17443798 
 270.3,     15.14724878 
 270.4,     15.11899985 
 270.5,     15.08968714 
 270.6,     15.05930629 
 270.7,      15.0278526 
 270.8,     14.99532105 
 270.9,      14.9617063 
   271,     14.92700266 
 271.1,      14.8912041 
 271.2,     14.85430425 
 271.3,     14.81629639 
 271.4,     14.77717344 
 271.5,     14.73692796 
 271.6,     14.69555212 
 271.7,     14.65303775 
 271.8,     14.60937626 
 271.9,      14.5645587 
   272,     14.51857569 
 272.1,     14.47141745 
 272.2,      14.4230738 
 272.3,     14.37353411 
 272.4,     14.32278732 
 272.5,     14.27082192 
 272.6,     14.21762592 
 272.7,     14.16318689 
 272.8,     14.10749188 
 272.9,     14.05052747 
   273,     13.99227969 
 273.1,     13.93273407 
 273.2,     13.87187557 
 273.3,     13.80968859 
 273.4,     13.74615696 
 273.5,      13.6812639 
 273.6,     13.61499201 
 273.7,     13.54732324 
 273.8,     13.47823887 
 273.9,     13.40771952 
   274,     13.33574505 
 274.1,     13.26229462 
 274.2,      13.1873466 
 274.3,     13.11087855 
 274.4,     13.03286722 
 274.5,     12.95328848 
 274.6,     12.87211732 
 274.7,     12.78932776 
 274.8,     12.70489287 
 274.9,     12.61878469 
   275,     12.53097419 
 275.1,     12.44143124 
 275.2,     12.35012453 
 275.3,     12.25702154 
 275.4,     12.16208848 
 275.5,     12.06529022 
 275.6,     11.96659024 
 275.7,     11.86595053 
 275.8,     11.76333156 
 275.9,     11.65869214 
   276,     11.55198943 
 276.1,     11.44317873 
 276.2,     11.33221351 
 276.3,     11.21904518 
 276.4,      11.1036231 
 276.5,     10.98589436 
 276.6,     10.86580373 
 276.7,     10.74329347 
 276.8,     10.61830322 
 276.9,     10.49076981 
   277,     10.36062712 
 277.1,     10.22780586 
 277.2,     10.09223341 
 277.3,     9.953833587 
 277.4,     9.812526401 
 277.5,     9.668227826 
 277.6,     9.520849509 
 277.7,     9.370298486 
 277.8,     9.216476848 
 277.9,     9.059281399 
   278,     8.898603265 
 278.1,     8.734327481 
 278.2,     8.566332529 
 278.3,      8.39448984 
 278.4,     8.218663243 
 278.5,     8.038708358 
 278.6,     7.854471936 
 278.7,     7.665791119 
 278.8,     7.472492636 
 278.9,     7.274391908 
   279,     7.071292048 
 279.1,     6.862982768 
 279.2,     6.649239146 
 279.3,     6.429820259 
 279.4,     6.204467664 
 279.5,     5.972903674 
 279.6,     5.734829453 
 279.7,     5.489922849 
 279.8,     5.237835973 
 279.9,     4.978192439 
   280,     4.710584276 
 280.1,     4.434568378 
 280.2,     4.149662514 
 280.3,     3.855340739 
 280.4,     3.551028185 
 280.5,     3.236095079 
 280.6,     2.909849891 
 280.7,     2.571531468 
 280.8,          2.2203 
 280.9,     1.855226637 
   281,     1.475281553 
 281.1,       1.0793203 
 281.2,    0.6660682376 
 281.3,    0.2341029316 
 281.4,   -0.2181654517 
 281.5,   -0.6925155094 
 281.6,    -1.190936872 
 281.7,    -1.715651698 
 281.8,    -2.269131843 
 281.9,    -2.854105096 
   282,    -3.473538085 
 282.1,    -4.130573076 
 282.2,    -4.828377072 
 282.3,    -5.569827421 
 282.4,    -6.356897259 
 282.5,    -7.189499014 
 282.6,    -8.063377708 
 282.7,    -8.966436611 
 282.8,    -9.872813188 
 282.9,    -10.73480507 
   283,    -11.47600518 
 283.1,    -11.99586309 
 283.2,    -12.19932645 
 283.3,    -12.04566496 
 283.4,    -11.57484637 
 283.5,    -10.88162808 
 283.6,    -10.06670709 
 283.7,    -9.206793939 
 283.8,    -8.349859265 
 283.9,    -7.521947872 
   284,    -6.735265987 
 284.1,    -5.994130341 
 284.2,    -5.298662093 
 284.3,    -4.646905994 
 284.4,    -4.035994111 
 284.5,    -3.462764443 
 284.6,    -2.924077514 
 284.7,    -2.416968519 
 284.8,    -1.938711119 
 284.9,    -1.486834887 
   285,     -1.05911924 
 285.1,   -0.6535763198 
 285.2,   -0.2684295411 
 285.3,     0.097908695 
 285.4,    0.4468583706 
 285.5,    0.7796914826 
 285.6,     1.097549662 
 285.7,     1.401459755 
 285.8,     1.692347511 
 285.9,     1.971049508 
   286,     2.238323566 
 286.1,     2.494857788 
 286.2,     2.741278442 
 286.3,     2.978156816 
 286.4,      3.20601521 
 286.5,     3.425332157 
 286.6,     3.636547006 
 286.7,     3.840063936 
 286.8,     4.036255486 
 286.9,     4.225465671 
   287,     4.408012731 
 287.1,     4.584191555 
 287.2,     4.754275856 
 287.3,      4.91852008 
 287.4,     5.077161121 
 287.5,     5.230419849 
 287.6,     5.378502487 
 287.7,     5.521601824 
 287.8,      5.65989833 
 287.9,     5.793561147 
   288,     5.922748982 
 288.1,     6.047610922 
 288.2,     6.168287165 
 288.3,     6.284909687 
 288.4,      6.39760285 
 288.5,     6.506483943 
 288.6,       6.6116637 
 288.7,     6.713246742 
 288.8,     6.811332004 
 288.9,     6.906013123 
   289,     6.997378781 
 289.1,     7.085513034 
 289.2,      7.17049561 
 289.3,     7.252402177 
 289.4,     7.331304603 
 289.5,     7.407271184 
 289.6,     7.480366861 
 289.7,     7.550653419 
 289.8,     7.618189672 
 289.9,     7.683031636 
   290,     7.745232684 
 290.1,     7.804843697 
 290.2,     7.861913198 
 290.3,     7.916487488 
 290.4,     7.968610757 
 290.5,     8.018325199 
 290.6,     8.065671115 
 290.7,     8.110687014 
 290.8,       8.1534097 
 290.9,     8.193874362 
   291,     8.232114646 
 291.1,     8.268162742 
 291.2,     8.302049444 
 291.3,     8.333804225 
 291.4,     8.363455292 
 291.5,     8.391029652 
 291.6,     8.416553168 
 291.7,     8.440050601 
 291.8,     8.461545676 
 291.9,     8.481061115 
   292,     8.498618693 
 292.1,     8.514239271 
 292.2,     8.527942847 
 292.3,     8.539748581 
 292.4,     8.549674847 
 292.5,     8.557739256 
 292.6,     8.563958697 
 292.7,     8.568349365 
 292.8,     8.570926793 
 292.9,     8.571705882 
   293,     8.570700933 
 293.1,     8.567925668 
 293.2,     8.563393261 
 293.3,     8.557116366 
 293.4,     8.549107137 
 293.5,     8.539377257 
 293.6,      8.52793796 
 293.7,     8.514800056 
 293.8,     8.499973954 
 293.9,     8.483469686 
   294,     8.465296927 
 294.1,     8.445465022 
 294.2,     8.423983005 
 294.3,     8.400859623 
 294.4,     8.376103361 
 294.5,     8.349722459 
 294.6,     8.321724944 
 294.7,     8.292118646 
 294.8,     8.260911225 
 294.9,     8.228110196 
   295,     8.193722953 
 295.1,     8.157756792 
 295.2,     8.120218946 
 295.3,     8.081116601 
 295.4,     8.040456934 
 295.5,     7.998247137 
 295.6,     7.954494448 
 295.7,     7.909206184 
 295.8,     7.862389772 
 295.9,     7.814052785 
   296,     7.764202983 
 296.1,      7.71284834 
 296.2,     7.659997091 
 296.3,     7.605657775 
 296.4,     7.549839273 
 296.5,      7.49255086 
 296.6,      7.43380225 
 296.7,     7.373603647 
 296.8,     7.311965802 
 296.9,     7.248900064 
   297,     7.184418448 
 297.1,     7.118533691 
 297.2,     7.051259317 
 297.3,     6.982609717 
 297.4,     6.912600209 
 297.5,     6.841247127 
 297.6,     6.768567895 
 297.7,     6.694581114 
 297.8,     6.619306654 
 297.9,     6.542765746 
   298,     6.464981076 
 298.1,       6.3859769 
 298.2,     6.305779138 
 298.3,     6.224415491 
 298.4,     6.141915565 
 298.5,     6.058310976 
 298.6,     5.973635491 
 298.7,     5.887925146 
 298.8,     5.801218383 
 298.9,     5.713556189 
   299,     5.624982229 
 299.1,     5.535542995 
 299.2,     5.445287941 
 299.3,     5.354269633 
 299.4,      5.26254389 
 299.5,     5.170169926 
 299.6,     5.077210494 
 299.7,     4.983732013 
 299.8,     4.889804705 
 299.9,      4.79550271 
   300,     4.700904204 
 300.1,      4.60609149 
 300.2,     4.511151085 
 300.3,     4.416173786 
 300.4,     4.321254707 
 300.5,     4.226493307 
 300.6,     4.131993373 
 300.7,      4.03786298 
 300.8,     3.944214417 
 300.9,     3.851164061 
   301,     3.758832231 
 301.1,     3.667342964 
 301.2,     3.576823771 
 301.3,     3.487405314 
 301.4,     3.399221039 
 301.5,     3.312406752 
 301.6,     3.227100129 
 301.7,     3.143440162 
 301.8,     3.061566556 
 301.9,     2.981619053 
   302,     2.903736709 
 302.1,     2.828057118 
 302.2,     2.754715585 
 302.3,     2.683844258 
 302.4,      2.61557125 
 302.5,       2.5500197 
 302.6,     2.487306869 
 302.7,     2.427543206 
 302.8,     2.370831447 
 302.9,     2.317265741 
   303,     2.266930824 
 303.1,     2.219901244 
 303.2,     2.176240668 
 303.3,     2.136001268 
 303.4,     2.099223218 
 303.5,      2.06593428 
 303.6,     2.036149522 
 303.7,     2.009871156 
 303.8,      1.98708849 
 303.9,     1.967778022 
   304,     1.951903652 
 304.1,     1.939417003 
 304.2,     1.930257879 
 304.3,     1.924354806 
 304.4,     1.921625675 
 304.5,     1.921978472 
 304.6,     1.925312063 
 304.7,     1.931517045 
 304.8,     1.940476629 
 304.9,      1.95206755 
   305,     1.966160984 
 305.1,     1.982623485 
 305.2,     2.001317865 
 305.3,     2.022104095 
 305.4,      2.04484014 
 305.5,     2.069382768 
 305.6,     2.095588306 
 305.7,     2.123313328 
 305.8,     2.152415321 
 305.9,     2.182753243 
   306,     2.214188063 
 306.1,     2.246583216 
 306.2,        2.279805 
 306.3,     2.313722925 
 306.4,     2.348209996 
 306.5,     2.383142953 
 306.6,     2.418402448 
 306.7,     2.453873186 
 306.8,     2.489444024 
 306.9,     2.525008027 
   307,     2.560462494 
 307.1,     2.595708954 
 307.2,     2.630653123 
 307.3,      2.66520485 
 307.4,     2.699278051 
 307.5,     2.732790599 
 307.6,     2.765664221 
 307.7,     2.797824374 
 307.8,     2.829200121 
 307.9,     2.859723987 
   308,     2.889331814 
 308.1,     2.917962619 
 308.2,     2.945558438 
 308.3,     2.972064181 
 308.4,     2.997427472 
 308.5,     3.021598508 
 308.6,     3.044529902 
 308.7,      3.06617654 
 308.8,     3.086495435 
 308.9,      3.10544559 
   309,     3.122987851 
 309.1,     3.139084788 
 309.2,     3.153700545 
 309.3,     3.166800736 
 309.4,     3.178352304 
 309.5,     3.188323414 
 309.6,     3.196683334 
 309.7,     3.203402327 
 309.8,     3.208451539 
 309.9,     3.211802906 
   310,     3.213429042 
 310.1,     3.213303151 
 310.2,     3.211398931 
 310.3,     3.207690483 
 310.4,     3.202152222 
 310.5,     3.194758794 
 310.6,     3.185484992 
 310.7,     3.174305671 
 310.8,     3.161195674 
 310.9,     3.146129751 
   311,     3.129082478 
 311.1,     3.110028192 
 311.2,     3.088940907 
 311.3,     3.065794234 
 311.4,     3.040561325 
 311.5,     3.013214782 
 311.6,     2.983726589 
 311.7,     2.952068038 
 311.8,     2.918209649 
 311.9,     2.882121096 
   312,     2.843771132 
 312.1,     2.803127498 
 312.2,     2.760156855 
 312.3,     2.714824689 
 312.4,      2.66709523 
 312.5,     2.616931361 
 312.6,     2.564294524 
 312.7,     2.509144624 
 312.8,     2.451439929 
 312.9,     2.391136963 
   313,     2.328190395 
 313.1,     2.262552931 
 313.2,     2.194175178 
 313.3,     2.123005529 
 313.4,     2.048990023 
 313.5,     1.972072201 
 313.6,     1.892192956 
 313.7,     1.809290375 
 313.8,     1.723299565 
 313.9,     1.634152476 
   314,     1.541777712 
 314.1,     1.446100321 
 314.2,     1.347041585 
 314.3,     1.244518786 
 314.4,     1.138444963 
 314.5,     1.028728646 
 314.6,    0.9152735891 
 314.7,    0.7979784588 
 314.8,    0.6767365331 
 314.9,    0.5514353605 
   315,    0.4219564024 
 315.1,    0.2881746633 
 315.2,    0.1499582823 
 315.3,   0.00716812004 
 315.4,   -0.1403426911 
 315.5,    -0.292729208 
 315.6,   -0.4501551556 
 315.7,   -0.6127934402 
 315.8,   -0.7808266498 
 315.9,   -0.9544475839 
   316,    -1.133859762 
 316.1,    -1.319277923 
 316.2,    -1.510928507 
 316.3,    -1.709050048 
 316.4,    -1.913893512 
 316.5,    -2.125722489 
 316.6,    -2.344813202 
 316.7,     -2.57145424 
 316.8,     -2.80594596 
 316.9,    -3.048599354 
   317,    -3.299734264 
 317.1,    -3.559676679 
 317.2,    -3.828754804 
 317.3,    -4.107293502 
 317.4,    -4.395606519 
 317.5,    -4.693985826 
 317.6,    -5.002687088 
 317.7,    -5.321910011 
 317.8,    -5.651771955 
 317.9,    -5.992272771 
   318,    -6.343248176 
 318.1,    -6.704308505 
 318.2,    -7.074759051 
 318.3,     -7.45349779 
 318.4,    -7.838886598 
 318.5,    -8.228593284 
 318.6,     -8.61940532 
 318.7,    -9.007023264 
 318.8,    -9.385854098 
 318.9,    -9.748843971 
   319,    -10.08741442 
 319.1,    -10.39159094 
 319.2,    -10.65042309 
 319.3,    -10.85276815 
 319.4,    -10.98842404 
 319.5,    -11.04945597 
 319.6,    -11.03141524 
 319.7,    -10.93409294 
 319.8,    -10.76155601 
 319.9,    -10.52145307 
   320,    -10.22382431 
 320.1,    -9.879770391 
 320.2,    -9.500292182 
 320.3,    -9.095471992 
 320.4,    -8.674021616 
 320.5,    -8.243130544 
 320.6,    -7.808515863 
 320.7,    -7.374582949 
 320.8,    -6.944630438 
 320.9,    -6.521057919 
   321,    -6.105554615 
 321.1,    -5.699260089 
 321.2,     -5.30289571 
 321.3,    -4.916869215 
 321.4,    -4.541356342 
 321.5,    -4.176363626 
 321.6,    -3.821776229 
 321.7,    -3.477394081 
 321.8,    -3.142958983 
 321.9,     -2.81817481 
   322,    -2.502722469 
 322.1,    -2.196270874 
 322.2,    -1.898484955 
 322.3,    -1.609031403 
 322.4,    -1.327582732 
 322.5,     -1.05382007 
 322.6,   -0.7874350461 
 322.7,   -0.5281309458 
 322.8,   -0.2756233718 
 322.9,   -0.0296405334 
   323,    0.2100767409 
 323.1,    0.4437751863 
 323.2,    0.6716894131 
 323.3,     0.894042315 
 323.4,     1.111045526 
 323.5,     1.322899925 
 323.6,     1.529796148 
 323.7,     1.731915102 
 323.8,     1.929428489 
 323.9,     2.122499295 
   324,     2.311282281 
 324.1,     2.495924448 
 324.2,     2.676565474 
 324.3,     2.853338146 
 324.4,     3.026368751 
 324.5,     3.195777455 
 324.6,     3.361678663 
 324.7,     3.524181344 
 324.8,     3.683389353 
 324.9,     3.839401718 
   325,     3.992312928 
 325.1,     4.142213177 
 325.2,     4.289188618 
 325.3,     4.433321585 
 325.4,     4.574690805 
 325.5,     4.713371602 
 325.6,     4.849436083 
 325.7,     4.982953302 
 325.8,     5.113989445 
 325.9,     5.242607963 
   326,     5.368869729 
 326.1,     5.492833168 
 326.2,     5.614554386 
 326.3,     5.734087289 
 326.4,     5.851483693 
 326.5,      5.96679343 
 326.6,     6.080064451 
 326.7,     6.191342912 
 326.8,     6.300673269 
 326.9,     6.408098351 
   327,     6.513659449 
 327.1,     6.617396381 
 327.2,     6.719347565 
 327.3,     6.819550081 
 327.4,     6.918039735 
 327.5,     7.014851117 
 327.6,     7.110017655 
 327.7,     7.203571668 
 327.8,     7.295544412 
 327.9,      7.38596613 
   328,     7.474866098 
 328.1,     7.562272657 
 328.2,     7.648213264 
 328.3,     7.732714522 
 328.4,     7.815802219 
 328.5,     7.897501359 
 328.6,     7.977836201 
 328.7,     8.056830274 
 328.8,     8.134506427 
 328.9,     8.210886839 
   329,     8.285993052 
 329.1,     8.359845998 
 329.2,      8.43246602 
 329.3,     8.503872893 
 329.4,     8.574085848 
 329.5,     8.643123595 
 329.6,     8.711004333 
 329.7,     8.777745783 
 329.8,     8.843365192 
 329.9,      8.90787936 
   330,      8.97130465 
 330.1,     9.033657006 
 330.2,     9.094951969 
 330.3,      9.15520469 
 330.4,     9.214429943 
 330.5,     9.272642137 
 330.6,     9.329855332 
 330.7,     9.386083251 
 330.8,     9.441339285 
 330.9,     9.495636512 
   331,     9.548987702 
 331.1,      9.60140533 
 331.2,     9.652901584 
 331.3,     9.703488378 
 331.4,     9.753177353 
 331.5,     9.801979894 
 331.6,     9.849907136 
 331.7,     9.896969966 
 331.8,      9.94317904 
 331.9,     9.988544785 
   332,      10.0330774 
 332.1,     10.07678688 
 332.2,     10.11968301 
 332.3,     10.16177537 
 332.4,     10.20307334 
 332.5,     10.24358611 
 332.6,     10.28332271 
 332.7,     10.32229196 
 332.8,     10.36050252 
 332.9,     10.39796288 
   333,     10.43468136 
 333.1,     10.47066615 
 333.2,     10.50592525 
 333.3,     10.54046652 
 333.4,     10.57429769 
 333.5,     10.60742633 
 333.6,     10.63985988 
 333.7,     10.67160565 
 333.8,     10.70267082 
 333.9,     10.73306242 
   334,      10.7627874 
 334.1,     10.79185255 
 334.2,     10.82026458 
 334.3,     10.84803005 
 334.4,     10.87515543 
 334.5,     10.90164708 
 334.6,     10.92751127 
 334.7,     10.95275414 
 334.8,     10.97738176 
 334.9,     11.00140007 
   335,     11.02481495 
 335.1,     11.04763218 
 335.2,     11.06985744 
 335.3,     11.09149633 
 335.4,     11.11255436 
 335.5,     11.13303698 
 335.6,     11.15294953 
 335.7,      11.1722973 
 335.8,     11.19108549 
 335.9,     11.20931922 
   336,     11.22700355 
 336.1,     11.24414347 
 336.2,      11.2607439 
 336.3,     11.27680968 
 336.4,     11.29234562 
 336.5,     11.30735644 
 336.6,     11.32184679 
 336.7,     11.33582129 
 336.8,     11.34928449 
 336.9,     11.36224087 
   337,     11.37469487 
 337.1,     11.38665089 
 337.2,     11.39811324 
 337.3,     11.40908621 
 337.4,     11.41957404 
 337.5,     11.42958091 
 337.6,     11.43911095 
 337.7,     11.44816827 
 337.8,     11.45675692 
 337.9,     11.46488089 
   338,     11.47254417 
 338.1,     11.47975067 
 338.2,     11.48650428 
 338.3,     11.49280886 
 338.4,     11.49866822 
 338.5,     11.50408614 
 338.6,     11.50906637 
 338.7,     11.51361261 
 338.8,     11.51772855 
 338.9,     11.52141783 
   339,     11.52468408 
 339.1,     11.52753088 
 339.2,     11.52996181 
 339.3,     11.53198039 
 339.4,     11.53359013 
 339.5,     11.53479453 
 339.6,     11.53559704 
 339.7,     11.53600111 
 339.8,     11.53601014 
 339.9,     11.53562755 
   340,      11.5348567 
 340.1,     11.53370095 
 340.2,     11.53216364 
 340.3,      11.5302481 
 340.4,     11.52795764 
 340.5,     11.52529553 
 340.6,     11.52226507 
 340.7,     11.51886952 
 340.8,     11.51511212 
 340.9,     11.51099611 
   341,     11.50652473 
 341.1,     11.50170119 
 341.2,     11.49652871 
 341.3,     11.49101049 
 341.4,     11.48514971 
 341.5,     11.47894958 
 341.6,     11.47241327 
 341.7,     11.46554396 
 341.8,     11.45834482 
 341.9,     11.45081904 
   342,     11.44296978 
 342.1,      11.4348002 
 342.2,     11.42631349 
 342.3,      11.4175128 
 342.4,     11.40840132 
 342.5,      11.3989822 
 342.6,     11.38925865 
 342.7,     11.37923383 
 342.8,     11.36891093 
 342.9,     11.35829315 
   343,     11.34738368 
 343.1,     11.33618575 
 343.2,     11.32470255 
 343.3,     11.31293733 
 343.4,     11.30089331 
 343.5,     11.28857376 
 343.6,     11.27598192 
 343.7,     11.26312108 
 343.8,     11.24999452 
 343.9,     11.23660556 
   344,      11.2229575 
 344.1,      11.2090537 
 344.2,      11.1948975 
 344.3,     11.18049228 
 344.4,     11.16584144 
 344.5,      11.1509484 
 344.6,     11.13581659 
 344.7,     11.12044947 
 344.8,     11.10485053 
 344.9,     11.08902328 
   345,     11.07297125 
 345.1,     11.05669801 
 345.2,     11.04020715 
 345.3,     11.02350228 
 345.4,     11.00658706 
 345.5,     10.98946515 
 345.6,     10.97214028 
 345.7,     10.95461619 
 345.8,     10.93689664 
 345.9,     10.91898546 
   346,     10.90088649 
 346.1,     10.88260361 
 346.2,     10.86414074 
 346.3,     10.84550184 
 346.4,     10.82669092 
 346.5,     10.80771199 
 346.6,     10.78856915 
 346.7,     10.76926652 
 346.8,     10.74980826 
 346.9,     10.73019858 
   347,     10.71044173 
 347.1,     10.69054201 
 347.2,     10.67050377 
 347.3,      10.6503314 
 347.4,     10.63002934 
 347.5,     10.60960208 
 347.6,     10.58905416 
 347.7,     10.56839018 
 347.8,     10.54761477 
 347.9,     10.52673263 
   348,     10.50574851 
 348.1,     10.48466722 
 348.2,      10.4634936 
 348.3,     10.44223257 
 348.4,      10.4208891 
 348.5,     10.39946821 
 348.6,     10.37797497 
 348.7,     10.35641454 
 348.8,     10.33479209 
 348.9,      10.3131129 
   349,     10.29138226 
 349.1,     10.26960554 
 349.2,     10.24778819 
 349.3,     10.22593568 
 349.4,     10.20405356 
 349.5,     10.18214745 
 349.6,     10.16022301 
 349.7,     10.13828597 
 349.8,     10.11634211 
 349.9,     10.09439729 
   350,      10.0724574 
 350.1,     10.05052841 
 350.2,     10.02861634 
 350.3,     10.00672728 
 350.4,     9.984867357 
 350.5,     9.963042774 
 350.6,     9.941259779 
 350.7,     9.919524679 
 350.8,     9.897843834 
 350.9,     9.876223659 
   351,     9.854670621 
 351.1,     9.833191237 
 351.2,     9.811792075 
 351.3,      9.79047975 
 351.4,     9.769260926 
 351.5,     9.748142311 
 351.6,     9.727130656 
 351.7,     9.706232754 
 351.8,     9.685455438 
 351.9,      9.66480558 
   352,     9.644290082 
 352.1,     9.623915886 
 352.2,      9.60368996 
 352.3,       9.5836193 
 352.4,     9.563710929 
 352.5,     9.543971892 
 352.6,     9.524409251 
 352.7,     9.505030086 
 352.8,     9.485841491 
 352.9,     9.466850567 
   353,     9.448064423 
 353.1,     9.429490169 
 353.2,     9.411134914 
 353.3,     9.393005764 
 353.4,     9.375109814 
 353.5,     9.357454144 
 353.6,     9.340045819 
 353.7,     9.322891881 
 353.8,     9.305999348 
 353.9,     9.289375202 
   354,     9.273026396 
 354.1,     9.256959837 
 354.2,     9.241182392 
 354.3,     9.225700872 
 354.4,      9.21052204 
 354.5,     9.195652592 
 354.6,     9.181099164 
 354.7,     9.166868319 
 354.8,     9.152966545 
 354.9,     9.139400249 
   355,      9.12617575 
 355.1,     9.113299278 
 355.2,     9.100776967 
 355.3,     9.088614843 
 355.4,     9.076818829 
 355.5,     9.065394733 
 355.6,     9.054348245 
 355.7,     9.043684932 
 355.8,     9.033410228 
 355.9,     9.023529438 
   356,     9.014047723 
 356.1,     9.004970101 
 356.2,     8.996301442 
 356.3,     8.988046458 
 356.4,     8.980209704 
 356.5,     8.972795571 
 356.6,     8.965808279 
 356.7,     8.959251879 
 356.8,     8.953130239 
 356.9,     8.947447049 
   357,     8.942205817 
 357.1,     8.937409851 
 357.2,     8.933062279 
 357.3,     8.929166024 
 357.4,     8.925723812 
 357.5,     8.922738166 
 357.6,     8.920211407 
 357.7,     8.918145645 
 357.8,     8.916542779 
 357.9,     8.915404499 
   358,     8.914732281 
 358.1,     8.914527382 
 358.2,     8.914790845 
 358.3,     8.915523496 
 358.4,      8.91672594 
 358.5,     8.918398563 
 358.6,     8.920541535 
 358.7,     8.923154801 
 358.8,     8.926238091 
 358.9,     8.929790915 
   359,     8.933812566 
 359.1,     8.938302117 
 359.2,     8.943258432 
 359.3,     8.948680153 
 359.4,     8.954565717 
 359.5,     8.960913345 
 359.6,     8.967721055 
 359.7,     8.974986657 
 359.8,      8.98270776 
 359.9,     8.990881772 
   360,     8.999505906 
