M5B_HWBC_BI_A60_E0_F10.txt
NTNU_FFI
Method: IGABEM CCBIE with 19456 elements (24324 degrees of freedom) and NURBS degree 4. Computational time for system assembly (4x6-core Xeon 2.67 GHz): 41.0757 hours.
60
0
10000
3601
     0,      16.0791297 
   0.1,     16.14453317 
   0.2,     16.20802655 
   0.3,     16.26962127 
   0.4,     16.32932897 
   0.5,     16.38716145 
   0.6,     16.44313064 
   0.7,     16.49724862 
   0.8,     16.54952757 
   0.9,     16.59997978 
     1,     16.64861765 
   1.1,     16.69545363 
   1.2,     16.74050029 
   1.3,      16.7837703 
   1.4,     16.82527637 
   1.5,     16.86503136 
   1.6,     16.90304821 
   1.7,     16.93933994 
   1.8,     16.97391974 
   1.9,     17.00680089 
     2,     17.03799683 
   2.1,     17.06752116 
   2.2,     17.09538764 
   2.3,     17.12161023 
   2.4,      17.1462031 
   2.5,     17.16918064 
   2.6,      17.1905575 
   2.7,      17.2103486 
   2.8,     17.22856914 
   2.9,     17.24523468 
     3,     17.26036108 
   3.1,     17.27396461 
   3.2,     17.28606192 
   3.3,     17.29667009 
   3.4,     17.30580668 
   3.5,     17.31348972 
   3.6,     17.31973777 
   3.7,     17.32456994 
   3.8,     17.32800594 
   3.9,     17.33006609 
     4,     17.33077137 
   4.1,     17.33014347 
   4.2,     17.32820477 
   4.3,     17.32497843 
   4.4,     17.32048842 
   4.5,     17.31475953 
   4.6,     17.30781744 
   4.7,     17.29968871 
   4.8,     17.29040084 
   4.9,     17.27998233 
     5,     17.26846268 
   5.1,     17.25587243 
   5.2,     17.24224318 
   5.3,     17.22760766 
   5.4,     17.21199968 
   5.5,     17.19545427 
   5.6,     17.17800758 
   5.7,     17.15969698 
   5.8,     17.14056103 
   5.9,     17.12063954 
     6,     17.09997353 
   6.1,     17.07860524 
   6.2,     17.05657815 
   6.3,     17.03393696 
   6.4,     17.01072755 
   6.5,     16.98699698 
   6.6,     16.96279349 
   6.7,     16.93816638 
   6.8,     16.91316603 
   6.9,     16.88784384 
     7,     16.86225209 
   7.1,     16.83644399 
   7.2,     16.81047347 
   7.3,     16.78439515 
   7.4,     16.75826423 
   7.5,     16.73213633 
   7.6,     16.70606745 
   7.7,     16.68011365 
   7.8,     16.65433112 
   7.9,     16.62877586 
     8,     16.60350352 
   8.1,     16.57856929 
   8.2,     16.55402767 
   8.3,     16.52993222 
   8.4,     16.50633539 
   8.5,     16.48328833 
   8.6,     16.46084065 
   8.7,      16.4390401 
   8.8,     16.41793254 
   8.9,     16.39756151 
     9,     16.37796814 
   9.1,     16.35919087 
   9.2,     16.34126522 
   9.3,     16.32422363 
   9.4,     16.30809521 
   9.5,     16.29290557 
   9.6,     16.27867663 
   9.7,     16.26542651 
   9.8,     16.25316928 
   9.9,     16.24191494 
    10,     16.23166924 
  10.1,     16.22243365 
  10.2,      16.2142052 
  10.3,     16.20697657 
  10.4,     16.20073594 
  10.5,     16.19546708 
  10.6,     16.19114932 
  10.7,     16.18775761 
  10.8,     16.18526265 
  10.9,     16.18363086 
    11,     16.18282456 
  11.1,     16.18280213 
  11.2,     16.18351809 
  11.3,     16.18492324 
  11.4,     16.18696493 
  11.5,     16.18958714 
  11.6,     16.19273074 
  11.7,     16.19633366 
  11.8,     16.20033106 
  11.9,     16.20465562 
    12,     16.20923766 
  12.1,     16.21400542 
  12.2,     16.21888524 
  12.3,     16.22380168 
  12.4,     16.22867788 
  12.5,      16.2334356 
  12.6,     16.23799546 
  12.7,     16.24227713 
  12.8,     16.24619944 
  12.9,     16.24968058 
    13,     16.25263818 
  13.1,     16.25498948 
  13.2,     16.25665145 
  13.3,     16.25754082 
  13.4,     16.25757428 
  13.5,     16.25666842 
  13.6,      16.2547399 
  13.7,     16.25170545 
  13.8,     16.24748188 
  13.9,     16.24198615 
    14,     16.23513539 
  14.1,      16.2268468 
  14.2,     16.21703776 
  14.3,     16.20562571 
  14.4,     16.19252815 
  14.5,      16.1776626 
  14.6,     16.16094651 
  14.7,     16.14229723 
  14.8,     16.12163187 
  14.9,     16.09886727 
    15,     16.07391986 
  15.1,     16.04670556 
  15.2,     16.01713963 
  15.3,     15.98513659 
  15.4,        15.95061 
  15.5,     15.91347238 
  15.6,     15.87363499 
  15.7,     15.83100764 
  15.8,     15.78549856 
  15.9,     15.73701409 
    16,     15.68545854 
  16.1,     15.63073394 
  16.2,     15.57273969 
  16.3,     15.51137241 
  16.4,     15.44652555 
  16.5,     15.37808911 
  16.6,     15.30594927 
  16.7,     15.22998802 
  16.8,     15.15008277 
  16.9,     15.06610583 
    17,     14.97792408 
  17.1,     14.88539828 
  17.2,     14.78838259 
  17.3,     14.68672395 
  17.4,     14.58026134 
  17.5,     14.46882507 
  17.6,     14.35223589 
  17.7,     14.23030416 
  17.8,     14.10282872 
  17.9,     13.96959584 
    18,     13.83037793 
  18.1,     13.68493208 
  18.2,     13.53299856 
  18.3,     13.37429898 
  18.4,     13.20853427 
  18.5,     13.03538247 
  18.6,     12.85449609 
  18.7,     12.66549924 
  18.8,      12.4679842 
  18.9,     12.26150761 
    19,     12.04558603 
  19.1,      11.8196908 
  19.2,     11.58324211 
  19.3,     11.33560199 
  19.4,      11.0760662 
  19.5,     10.80385454 
  19.6,     10.51809957 
  19.7,      10.2178329 
  19.8,     9.901968938 
  19.9,     9.569285228 
    20,     9.218398479 
  20.1,      8.84773534 
  20.2,     8.455496169 
  20.3,      8.03961007 
  20.4,     7.597678327 
  20.5,     7.126902684 
  20.6,     6.623993582 
  20.7,      6.08505123 
  20.8,      5.50540989 
  20.9,     4.879431952 
    21,     4.200232526 
  21.1,      3.45930743 
  21.2,     2.646029142 
  21.3,     1.746966484 
  21.4,    0.7449914022 
  21.5,   -0.3817924718 
  21.6,    -1.660949288 
  21.7,    -3.124887677 
  21.8,    -4.802295145 
  21.9,    -6.679784025 
    22,    -8.566699315 
  22.1,     -9.81230586 
  22.2,    -9.538616454 
  22.3,     -7.96224789 
  22.4,    -6.007887034 
  22.5,    -4.156265397 
  22.6,    -2.518420809 
  22.7,    -1.086832261 
  22.8,    0.1702971423 
  22.9,     1.284225056 
    23,     2.280718447 
  23.1,     3.180084699 
  23.2,     3.998203478 
  23.3,     4.747557318 
  23.4,     5.438056857 
  23.5,      6.07766208 
  23.6,     6.672841151 
  23.7,     7.228908836 
  23.8,     7.750278196 
  23.9,     8.240649209 
    24,     8.703151776 
  24.1,     9.140455422 
  24.2,     9.554854117 
  24.3,     9.948332989 
  24.4,      10.3226209 
  24.5,     10.67923242 
  24.6,     11.01950171 
  24.7,     11.34461001 
  24.8,     11.65560812 
  24.9,      11.9534349 
    25,     12.23893271 
  25.1,     12.51286029 
  25.2,     12.77590348 
  25.3,     13.02868437 
  25.4,     13.27176902 
  25.5,     13.50567417 
  25.6,     13.73087276 
  25.7,     13.94779893 
  25.8,     14.15685214 
  25.9,     14.35840098 
    26,     14.55278619 
  26.1,     14.74032355 
  26.2,     14.92130632 
  26.3,     15.09600734 
  26.4,       15.264681 
  26.5,     15.42756485 
  26.6,     15.58488115 
  26.7,     15.73683813 
  26.8,     15.88363123 
  26.9,     16.02544408 
    27,     16.16244954 
  27.1,     16.29481041 
  27.2,     16.42268029 
  27.3,     16.54620423 
  27.4,     16.66551932 
  27.5,     16.78075522 
  27.6,      16.8920347 
  27.7,     16.99947405 
  27.8,     17.10318354 
  27.9,     17.20326765 
    28,     17.29982554 
  28.1,     17.39295127 
  28.2,     17.48273403 
  28.3,     17.56925847 
  28.4,     17.65260485 
  28.5,     17.73284922 
  28.6,     17.81006366 
  28.7,     17.88431635 
  28.8,     17.95567178 
  28.9,     18.02419082 
    29,     18.08993087 
  29.1,     18.15294593 
  29.2,     18.21328668 
  29.3,     18.27100059 
  29.4,     18.32613194 
  29.5,     18.37872191 
  29.6,     18.42880865 
  29.7,     18.47642722 
  29.8,     18.52160978 
  29.9,     18.56438546 
    30,     18.60478053 
  30.1,      18.6428183 
  30.2,     18.67851919 
  30.3,     18.71190075 
  30.4,     18.74297765 
  30.5,     18.77176168 
  30.6,     18.79826177 
  30.7,     18.82248394 
  30.8,     18.84443136 
  30.9,      18.8641043 
    31,     18.88150011 
  31.1,     18.89661326 
  31.2,     18.90943527 
  31.3,     18.91995473 
  31.4,     18.92815724 
  31.5,     18.93402542 
  31.6,     18.93753888 
  31.7,      18.9386742 
  31.8,     18.93740484 
  31.9,     18.93370118 
    32,     18.92753046 
  32.1,     18.91885669 
  32.2,     18.90764066 
  32.3,     18.89383988 
  32.4,     18.87740845 
  32.5,     18.85829708 
  32.6,     18.83645298 
  32.7,     18.81181981 
  32.8,      18.7843375 
  32.9,     18.75394226 
    33,      18.7205664 
  33.1,     18.68413824 
  33.2,     18.64458195 
  33.3,     18.60181742 
  33.4,     18.55576009 
  33.5,     18.50632076 
  33.6,     18.45340536 
  33.7,     18.39691479 
  33.8,     18.33674464 
  33.9,     18.27278488 
    34,     18.20491959 
  34.1,     18.13302665 
  34.2,     18.05697731 
  34.3,     17.97663584 
  34.4,     17.89185904 
  34.5,     17.80249576 
  34.6,     17.70838634 
  34.7,     17.60936198 
  34.8,     17.50524411 
  34.9,     17.39584359 
    35,     17.28095992 
  35.1,     17.16038028 
  35.2,     17.03387856 
  35.3,     16.90121416 
  35.4,     16.76213074 
  35.5,     16.61635483 
  35.6,     16.46359428 
  35.7,     16.30353641 
  35.8,     16.13584613 
  35.9,     15.96016375 
    36,     15.77610243 
  36.1,     15.58324558 
  36.2,     15.38114361 
  36.3,     15.16931062 
  36.4,     14.94722042 
  36.5,     14.71430229 
  36.6,     14.46993613 
  36.7,     14.21344705 
  36.8,     13.94409946 
  36.9,     13.66109056 
    37,     13.36354319 
  37.1,     13.05049834 
  37.2,     12.72090728 
  37.3,     12.37362395 
  37.4,     12.00739791 
  37.5,     11.62086951 
  37.6,     11.21256847 
  37.7,     10.78091983 
  37.8,     10.32426169 
  37.9,     9.840883327 
    38,     9.329097629 
  38.1,     8.787369139 
  38.2,     8.214533935 
  38.3,     7.610167218 
  38.4,     6.975186025 
  38.5,     6.312814065 
  38.6,     5.630075034 
  38.7,     4.939972345 
  38.8,       4.2643382 
  38.9,     3.636756784 
    39,     3.103714852 
  39.1,     2.720571133 
  39.2,       2.5392337 
  39.3,     2.589901616 
  39.4,      2.86768003 
  39.5,     3.334873773 
  39.6,     3.936974929 
  39.7,     4.620099552 
  39.8,     5.341020705 
  39.9,     6.069451822 
    40,     6.786155432 
  40.1,     7.479924716 
  40.2,     8.144886417 
  40.3,     8.778512459 
  40.4,     9.380283196 
  40.5,     9.950832379 
  40.6,     10.49141742 
  40.7,     11.00359726 
  40.8,     11.48904149 
  40.9,     11.94941933 
    41,     12.38633833 
  41.1,     12.80131235 
  41.2,     13.19574767 
  41.3,     13.57093944 
  41.4,     13.92807398 
  41.5,     14.26823462 
  41.6,      14.5924087 
  41.7,     14.90149541 
  41.8,     15.19631354 
  41.9,     15.47760888 
    42,     15.74606113 
  42.1,     16.00229029 
  42.2,     16.24686238 
  42.3,     16.48029469 
  42.4,     16.70306036 
  42.5,     16.91559268 
  42.6,     17.11828871 
  42.7,     17.31151265 
  42.8,     17.49559879 
  42.9,     17.67085417 
    43,      17.8375609 
  43.1,     17.99597829 
  43.2,      18.1463447 
  43.3,     18.28887923 
  43.4,     18.42378322 
  43.5,     18.55124155 
  43.6,     18.67142387 
  43.7,     18.78448564 
  43.8,     18.89056908 
  43.9,     18.98980404 
    44,     19.08230874 
  44.1,     19.16819044 
  44.2,     19.24754605 
  44.3,     19.32046266 
  44.4,     19.38701797 
  44.5,     19.44728076 
  44.6,     19.50131119 
  44.7,     19.54916115 
  44.8,     19.59087448 
  44.9,     19.62648718 
    45,     19.65602765 
  45.1,     19.67951671 
  45.2,     19.69696783 
  45.3,     19.70838706 
  45.4,     19.71377313 
  45.5,     19.71311738 
  45.6,     19.70640374 
  45.7,     19.69360862 
  45.8,     19.67470076 
  45.9,     19.64964111 
    46,     19.61838253 
  46.1,     19.58086959 
  46.2,     19.53703823 
  46.3,     19.48681542 
  46.4,     19.43011871 
  46.5,     19.36685578 
  46.6,     19.29692388 
  46.7,     19.22020921 
  46.8,     19.13658621 
  46.9,      19.0459168 
    47,     18.94804945 
  47.1,      18.8428182 
  47.2,     18.73004152 
  47.3,     18.60952102 
  47.4,     18.48104001 
  47.5,      18.3443619 
  47.6,     18.19922828 
  47.7,     18.04535692 
  47.8,     17.88243932 
  47.9,     17.71013802 
    48,     17.52808352 
  48.1,     17.33587074 
  48.2,     17.13305492 
  48.3,     16.91914704 
  48.4,     16.69360826 
  48.5,     16.45584379 
  48.6,     16.20519556 
  48.7,     15.94093368 
  48.8,     15.66224654 
  48.9,     15.36822897 
    49,     15.05786846 
  49.1,     14.73002867 
  49.2,     14.38342984 
  49.3,     14.01662539 
  49.4,     13.62797375 
  49.5,     13.21560464 
  49.6,     12.77737843 
  49.7,     12.31083701 
  49.8,     11.81314516 
  49.9,     11.28102085 
    50,     10.71065378 
  50.1,     10.09761424 
  50.2,     9.436759151 
  50.3,     8.722154039 
  50.4,     7.947056971 
  50.5,     7.104069279 
  50.6,     6.185690543 
  50.7,     5.185805793 
  50.8,     4.103261028 
  50.9,     2.949923117 
    51,     1.767412802 
  51.1,    0.6560388363 
  51.2,   -0.1972234435 
  51.3,   -0.5540818409 
  51.4,   -0.2831988977 
  51.5,    0.5119185417 
  51.6,     1.595829798 
  51.7,     2.770265598 
  51.8,     3.924604588 
  51.9,     5.011379173 
    52,     6.015988469 
  52.1,     6.938454256 
  52.2,     7.784494258 
  52.3,     8.561527512 
  52.4,     9.276997301 
  52.5,     9.937732323 
  52.6,     10.54976047 
  52.7,     11.11831069 
  52.8,     11.64788625 
  52.9,     12.14235803 
    53,     12.60505662 
  53.1,     13.03885504 
  53.2,     13.44624011 
  53.3,     13.82937231 
  53.4,     14.19013618 
  53.5,     14.53018173 
  53.6,     14.85095914 
  53.7,     15.15374751 
  53.8,     15.43967871 
  53.9,     15.70975744 
    54,     15.96487801 
  54.1,     16.20583842 
  54.2,     16.43335228 
  54.3,       16.648059 
  54.4,     16.85053231 
  54.5,     17.04128772 
  54.6,     17.22078873 
  54.7,     17.38945228 
  54.8,     17.54765346 
  54.9,     17.69572952 
    55,     17.83398333 
  55.1,     17.96268646 
  55.2,     18.08208177 
  55.3,     18.19238577 
  55.4,     18.29379046 
  55.5,     18.38646518 
  55.6,     18.47055805 
  55.7,     18.54619721 
  55.8,     18.61349198 
  55.9,     18.67253374 
    56,     18.72339673 
  56.1,      18.7661387 
  56.2,     18.80080138 
  56.3,     18.82741095 
  56.4,     18.84597824 
  56.5,     18.85649896 
  56.6,     18.85895374 
  56.7,     18.85330808 
  56.8,     18.83951227 
  56.9,     18.81750105 
    57,     18.78719329 
  57.1,      18.7484916 
  57.2,     18.70128156 
  57.3,     18.64543118 
  57.4,     18.58078992 
  57.5,     18.50718775 
  57.6,     18.42443394 
  57.7,     18.33231575 
  57.8,      18.2305968 
  57.9,     18.11901538 
    58,     17.99728242 
  58.1,     17.86507911 
  58.2,     17.72205437 
  58.3,     17.56782186 
  58.4,     17.40195655 
  58.5,     17.22399101 
  58.6,     17.03341103 
  58.7,     16.82965071 
  58.8,     16.61208707 
  58.9,     16.38003375 
    59,     16.13273411 
  59.1,     15.86935356 
  59.2,     15.58897108 
  59.3,     15.29057003 
  59.4,     14.97302842 
  59.5,     14.63510915 
  59.6,     14.27545067 
  59.7,     13.89255958 
  59.8,      13.4848072 
  59.9,     13.05043395 
    60,     12.58756753 
  60.1,     12.09426553 
  60.2,     11.56859968 
  60.3,     11.00881042 
  60.4,     10.41357946 
  60.5,     9.782497099 
  60.6,     9.116846266 
  60.7,     8.420883282 
  60.8,     7.703847716 
  60.9,     6.982899945 
    61,     6.286847037 
  61.1,     5.659471656 
  61.2,     5.159233147 
  61.3,     4.850317578 
  61.4,     4.782893158 
  61.5,     4.971165648 
  61.6,       5.3861928 
  61.7,     5.970064125 
  61.8,     6.658856713 
  61.9,     7.398836369 
    62,     8.151770276 
  62.1,     8.893413344 
  62.2,     9.609793092 
  62.3,     10.29370288 
  62.4,     10.94210606 
  62.5,     11.55441292 
  62.6,      12.1314013 
  62.7,     12.67456236 
  62.8,     13.18571377 
  62.9,     13.66677606 
    63,     14.11964736 
  63.1,     14.54613641 
  63.2,     14.94793017 
  63.3,     15.32658144 
  63.4,     15.68350779 
  63.5,     16.01999671 
  63.6,      16.3372137 
  63.7,     16.63621198 
  63.8,     16.91794217 
  63.9,      17.1832618 
    64,     17.43294419 
  64.1,      17.6676866 
  64.2,      17.8881175 
  64.3,     18.09480327 
  64.4,      18.2882539 
  64.5,     18.46892827 
  64.6,     18.63723868 
  64.7,     18.79355484 
  64.8,     18.93820741 
  64.9,     19.07149108 
    65,     19.19366722 
  65.1,     19.30496623 
  65.2,     19.40558953 
  65.3,     19.49571127 
  65.4,     19.57547982 
  65.5,     19.64501893 
  65.6,     19.70442877 
  65.7,     19.75378667 
  65.8,     19.79314776 
  65.9,     19.82254532 
    66,     19.84199099 
  66.1,     19.85147487 
  66.2,     19.85096531 
  66.3,     19.84040857 
  66.4,     19.81972834 
  66.5,     19.78882495 
  66.6,     19.74757444 
  66.7,     19.69582735 
  66.8,     19.63340729 
  66.9,     19.56010915 
    67,     19.47569699 
  67.1,     19.37990162 
  67.2,     19.27241768 
  67.3,     19.15290022 
  67.4,     19.02096065 
  67.5,     18.87616217 
  67.6,     18.71801409 
  67.7,     18.54596544 
  67.8,     18.35939721 
  67.9,     18.15761329 
    68,     17.93982954 
  68.1,     17.70516081 
  68.2,     17.45260525 
  68.3,     17.18102536 
  68.4,     16.88912481 
  68.5,     16.57541998 
  68.6,     16.23820471 
  68.7,     15.87550622 
  68.8,     15.48502955 
  68.9,     15.06408652 
    69,     14.60950421 
  69.1,     14.11750531 
  69.2,     13.58354952 
  69.3,     13.00212023 
  69.4,      12.3664328 
  69.5,     11.66802835 
  69.6,     10.89619762 
  69.7,     10.03714754 
  69.8,     9.072773668 
  69.9,     7.978829395 
    70,     6.722207256 
  70.1,     5.257139162 
  70.2,     3.521337454 
  70.3,     1.440710601 
  70.4,    -1.005630755 
  70.5,    -3.414322509 
  70.6,    -4.143517235 
  70.7,    -2.322637861 
  70.8,    0.2528343807 
  70.9,     2.574217589 
    71,     4.522094424 
  71.1,     6.159699128 
  71.2,     7.557773277 
  71.3,     8.770595639 
  71.4,     9.837517794 
  71.5,     10.78712548 
  71.6,     11.64053812 
  71.7,     12.41367669 
  71.8,     13.11878258 
  71.9,     13.76544047 
    72,     14.36127865 
  72.1,     14.91245752 
  72.2,     15.42401701 
  72.3,     15.90012825 
  72.4,     16.34427908 
  72.5,     16.75941289 
  72.6,     17.14803414 
  72.7,     17.51228954 
  72.8,     17.85403139 
  72.9,     18.17486742 
    73,     18.47620048 
  73.1,     18.75926047 
  73.2,      19.0251302 
  73.3,     19.27476649 
  73.4,     19.50901757 
  73.5,     19.72863748 
  73.6,     19.93429807 
  73.7,     20.12659905 
  73.8,     20.30607648 
  73.9,      20.4732099 
    74,     20.62842845 
  74.1,     20.77211604 
  74.2,     20.90461579 
  74.3,     21.02623379 
  74.4,     21.13724239 
  74.5,     21.23788296 
  74.6,     21.32836831 
  74.7,     21.40888467 
  74.8,     21.47959348 
  74.9,     21.54063285 
    75,     21.59211874 
  75.1,     21.63414605 
  75.2,     21.66678936 
  75.3,     21.69010364 
  75.4,     21.70412462 
  75.5,     21.70886918 
  75.6,     21.70433546 
  75.7,     21.69050284 
  75.8,     21.66733178 
  75.9,     21.63476353 
    76,      21.5927196 
  76.1,     21.54110113 
  76.2,     21.47978805 
  76.3,     21.40863802 
  76.4,     21.32748522 
  76.5,     21.23613877 
  76.6,       21.134381 
  76.7,     21.02196538 
  76.8,     20.89861402 
  76.9,     20.76401484 
    77,     20.61781821 
  77.1,      20.4596331 
  77.2,     20.28902247 
  77.3,     20.10549791 
  77.4,      19.9085134 
  77.5,     19.69745782 
  77.6,      19.4716462 
  77.7,     19.23030922 
  77.8,     18.97258066 
  77.9,     18.69748228 
    78,     18.40390551 
  78.1,     18.09058908 
  78.2,     17.75609144 
  78.3,     17.39875665 
  78.4,     17.01667142 
  78.5,     16.60761088 
  78.6,       16.168969 
  78.7,     15.69766818 
  78.8,     15.19004026 
  78.9,     14.64166724 
    79,     14.04716411 
  79.1,     13.39987673 
  79.2,     12.69145135 
  79.3,     11.91120435 
  79.4,     11.04516937 
  79.5,     10.07460129 
  79.6,     8.973517191 
  79.7,     7.704419918 
  79.8,     6.210310819 
  79.9,     4.398310338 
    80,      2.10145972 
  80.1,    -1.029000909 
  80.2,    -5.940805319 
  80.3,    -17.18359904 
  80.4,    -10.91114263 
  80.5,    -3.589015968 
  80.6,    0.3523131447 
  80.7,     3.045083225 
  80.8,     5.085788022 
  80.9,     6.724715229 
    81,     8.090579024 
  81.1,     9.258320882 
  81.2,     10.27541007 
  81.3,     11.17381013 
  81.4,     11.97606763 
  81.5,     12.69867835 
  81.6,     13.35407199 
  81.7,     13.95184447 
  81.8,     14.49955605 
  81.9,     15.00326663 
    82,     15.46790567 
  82.1,     15.89753472 
  82.2,     16.29553751 
  82.3,     16.66476069 
  82.4,     17.00761964 
  82.5,     17.32617926 
  82.6,      17.6222166 
  82.7,     17.89726983 
  82.8,     18.15267722 
  82.9,     18.38960822 
    83,     18.60908863 
  83.1,     18.81202106 
  83.2,      18.9992018 
  83.3,     19.17133463 
  83.4,     19.32904241 
  83.5,     19.47287667 
  83.6,     19.60332574 
  83.7,     19.72082151 
  83.8,     19.82574519 
  83.9,     19.91843215 
    84,     19.99917607 
  84.1,     20.06823235 
  84.2,     20.12582111 
  84.3,     20.17212959 
  84.4,     20.20731424 
  84.5,      20.2315024 
  84.6,     20.24479362 
  84.7,     20.24726079 
  84.8,     20.23895087 
  84.9,     20.21988548 
    85,     20.19006118 
  85.1,     20.14944951 
  85.2,     20.09799684 
  85.3,       20.035624 
  85.4,     19.96222554 
  85.5,     19.87766893 
  85.6,     19.78179335 
  85.7,     19.67440822 
  85.8,     19.55529146 
  85.9,     19.42418736 
    86,     19.28080402 
  86.1,     19.12481046 
  86.2,      18.9558331 
  86.3,     18.77345174 
  86.4,     18.57719482 
  86.5,     18.36653395 
  86.6,     18.14087748 
  86.7,     17.89956307 
  86.8,     17.64184891 
  86.9,     17.36690367 
    87,     17.07379448 
  87.1,     16.76147315 
  87.2,     16.42875976 
  87.3,     16.07432376 
  87.4,     15.69666175 
  87.5,     15.29407183 
  87.6,     14.86462405 
  87.7,     14.40612725 
  87.8,      13.9160927 
  87.9,     13.39169668 
    88,     12.82974663 
  88.1,     12.22666045 
  88.2,      11.5784786 
  88.3,     10.88094769 
  88.4,     10.12975088 
  88.5,     9.321032313 
  88.6,     8.452499132 
  88.7,     7.525630558 
  88.8,     6.549924934 
  88.9,      5.55054102 
    89,     4.580280812 
  89.1,     3.732689279 
  89.2,      3.14080112 
  89.3,     2.934679126 
  89.4,     3.162948751 
  89.5,     3.755475608 
  89.6,     4.575863095 
  89.7,     5.497049415 
  89.8,     6.434120734 
  89.9,     7.340751519 
    90,     8.195619598 
  90.1,     8.991238712 
  90.2,     9.727092731 
  90.3,     10.40588205 
  90.4,     11.03158842 
  90.5,     11.60851766 
  90.6,     12.14084904 
  90.7,     12.63244203 
  90.8,     13.08677107 
  90.9,     13.50692186 
    91,     13.89561565 
  91.1,     14.25524422 
  91.2,      14.5879072 
  91.3,     14.89544758 
  91.4,     15.17948422 
  91.5,     15.44144025 
  91.6,     15.68256784 
  91.7,     15.90396952 
  91.8,     16.10661628 
  91.9,     16.29136308 
    92,     16.45896206 
  92.1,     16.61007358 
  92.2,     16.74527582 
  92.3,     16.86507269 
  92.4,     16.96990059 
  92.5,     17.06013407 
  92.6,     17.13609058 
  92.7,     17.19803427 
  92.8,     17.24617921 
  92.9,      17.2806918 
    93,     17.30169268 
  93.1,     17.30925802 
  93.2,     17.30342024 
  93.3,     17.28416829 
  93.4,     17.25144734 
  93.5,     17.20515793 
  93.6,      17.1451546 
  93.7,     17.07124385 
  93.8,     16.98318155 
  93.9,     16.88066951 
    94,     16.76335123 
  94.1,      16.6308068 
  94.2,     16.48254644 
  94.3,     16.31800295 
  94.4,     16.13652239 
  94.5,     15.93735292 
  94.6,     15.71963113 
  94.7,      15.4823656 
  94.8,     15.22441659 
  94.9,     14.94447124 
    95,     14.64101283 
  95.1,     14.31228241 
  95.2,     13.95623043 
  95.3,     13.57045548 
  95.4,     13.15212539 
  95.5,      12.6978746 
  95.6,       12.203669 
  95.7,     11.66462492 
  95.8,     11.07476288 
  95.9,     10.42666652 
    96,     9.711000151 
  96.1,     8.915811327 
  96.2,     8.025498817 
  96.3,     7.019246579 
  96.4,     5.868595131 
  96.5,     4.533631068 
  96.6,     2.957171154 
  96.7,     1.057495947 
  96.8,     -1.26906823 
  96.9,    -4.047735947 
    97,    -6.544982221 
  97.1,    -6.317114157 
  97.2,    -3.644770759 
  97.3,   -0.8690037933 
  97.4,     1.441996535 
  97.5,     3.338308198 
  97.6,     4.922538461 
  97.7,     6.273235601 
  97.8,     7.445200001 
  97.9,     8.476761235 
    98,       9.3953367 
  98.1,     10.22104624 
  98.2,      10.9690168 
  98.3,      11.6508716 
  98.4,     12.27571479 
  98.5,     12.85079855 
  98.6,     13.38198575 
  98.7,     13.87407825 
  98.8,     14.33105414 
  98.9,     14.75624272 
    99,     15.15245549 
  99.1,     15.52208569 
  99.2,     15.86718503 
  99.3,     16.18952353 
  99.4,     16.49063679 
  99.5,     16.77186349 
  99.6,     17.03437582 
  99.7,     17.27920388 
  99.8,     17.50725582 
  99.9,     17.71933439 
   100,     17.91615057 
 100.1,     18.09833504 
 100.2,     18.26644773 
 100.3,     18.42098585 
 100.4,     18.56239072 
 100.5,     18.69105352 
 100.6,     18.80732022 
 100.7,      18.9114957 
 100.8,      19.0038474 
 100.9,     19.08460829 
   101,     19.15397946 
 101.1,     19.21213235 
 101.2,     19.25921059 
 101.3,     19.29533155 
 101.4,     19.32058767 
 101.5,     19.33504749 
 101.6,     19.33875651 
 101.7,     19.33173784 
 101.8,     19.31399275 
 101.9,     19.28550091 
   102,     19.24622061 
 102.1,      19.1960888 
 102.2,     19.13502103 
 102.3,      19.0629112 
 102.4,     18.97963128 
 102.5,     18.88503094 
 102.6,     18.77893705 
 102.7,     18.66115318 
 102.8,     18.53145906 
 102.9,     18.38961002 
   103,      18.2353366 
 103.1,      18.0683442 
 103.2,     17.88831305 
 103.3,     17.69489854 
 103.4,     17.48773212 
 103.5,     17.26642314 
 103.6,     17.03056182 
 103.7,     16.77972397 
 103.8,     16.51347828 
 103.9,     16.23139678 
   104,     15.93307027 
 104.1,     15.61813012 
 104.2,     15.28627914 
 104.3,     14.93733484 
 104.4,     14.57128943 
 104.5,     14.18839244 
 104.6,     13.78926353 
 104.7,     13.37504425 
 104.8,     12.94759876 
 104.9,     12.50977245 
   105,     12.06571234 
 105.1,     11.62123967 
 105.2,     11.18423886 
 105.3,     10.76498093 
 105.4,     10.37623602 
 105.5,     10.03296442 
 105.6,     9.751357289 
 105.7,     9.547105409 
 105.8,     9.433059466 
 105.9,     9.416843743 
   106,     9.499245904 
 106.1,     9.674044192 
 106.2,     9.929348272 
 106.3,     10.24988983 
 106.4,     10.61943313 
 106.5,     11.02266489 
 106.6,     11.44631685 
 106.7,     11.87959721 
 106.8,      12.3141495 
 106.9,     12.74376006 
   107,     13.16397441 
 107.1,     13.57171681 
 107.2,     13.96495718 
 107.3,     14.34243925 
 107.4,     14.70346793 
 107.5,     15.04774798 
 107.6,     15.37526357 
 107.7,     15.68618989 
 107.8,     15.98082885 
 107.9,     16.25956268 
   108,     16.52282083 
 108.1,     16.77105637 
 108.2,     17.00472956 
 108.3,     17.22429641 
 108.4,     17.43020099 
 108.5,     17.62287014 
 108.6,     17.80271044 
 108.7,     17.97010614 
 108.8,     18.12541822 
 108.9,      18.2689841 
   109,      18.4011177 
 109.1,     18.52210984 
 109.2,     18.63222887 
 109.3,     18.73172129 
 109.4,     18.82081249 
 109.5,     18.89970748 
 109.6,     18.96859163 
 109.7,     19.02763128 
 109.8,     19.07697435 
 109.9,     19.11675088 
   110,     19.14707352 
 110.1,     19.16803785 
 110.2,     19.17972268 
 110.3,     19.18219028 
 110.4,     19.17548644 
 110.5,      19.1596405 
 110.6,     19.13466525 
 110.7,     19.10055675 
 110.8,     19.05729398 
 110.9,     19.00483843 
   111,     18.94313354 
 111.1,     18.87210397 
 111.2,     18.79165477 
 111.3,     18.70167035 
 111.4,     18.60201327 
 111.5,     18.49252278 
 111.6,     18.37301321 
 111.7,     18.24327198 
 111.8,     18.10305736 
 111.9,     17.95209591 
   112,     17.79007942 
 112.1,     17.61666132 
 112.2,     17.43145273 
 112.3,     17.23401758 
 112.4,     17.02386707 
 112.5,     16.80045313 
 112.6,     16.56316068 
 112.7,     16.31129854 
 112.8,     16.04408853 
 112.9,     15.76065254 
   113,     15.45999687 
 113.1,     15.14099335 
 113.2,      14.8023563 
 113.3,     14.44261414 
 113.4,     14.06007434 
 113.5,     13.65277942 
 113.6,     13.21845152 
 113.7,     12.75442146 
 113.8,     12.25753698 
 113.9,     11.72404268 
   114,     11.14942026 
 114.1,     10.52817256 
 114.2,      9.85352641 
 114.3,     9.117015879 
 114.4,     8.307883839 
 114.5,      7.41220262 
 114.6,     6.411547694 
 114.7,     5.280942851 
 114.8,     3.985603783 
 114.9,     2.475741029 
   115,     0.678715957 
 115.1,    -1.508759309 
 115.2,    -4.196020943 
 115.3,    -7.195586375 
 115.4,    -8.660643013 
 115.5,    -6.672271501 
 115.6,    -3.707727785 
 115.7,    -1.160313821 
 115.8,    0.9035703436 
 115.9,     2.599546041 
   116,     4.024736798 
 116.1,     5.246560728 
 116.2,     6.311321841 
 116.3,      7.25153102 
 116.4,     8.090654369 
 116.5,     8.846084716 
 116.6,     9.531023874 
 116.7,     10.15570392 
 116.8,     10.72820104 
 116.9,     11.25499182 
   117,     11.74134292 
 117.1,     12.19158949 
 117.2,     12.60933862 
 117.3,     12.99762005 
 117.4,     13.35900006 
 117.5,     13.69566846 
 117.6,     14.00950612 
 117.7,      14.3021378 
 117.8,     14.57497419 
 117.9,      14.8292454 
   118,     15.06602818 
 118.1,     15.28626785 
 118.2,     15.49079658 
 118.3,     15.68034816 
 118.4,      15.8555705 
 118.5,     16.01703599 
 118.6,     16.16525021 
 118.7,     16.30065912 
 118.8,     16.42365536 
 118.9,      16.5345834 
   119,     16.63374401 
 119.1,     16.72139791 
 119.2,     16.79776905 
 119.3,     16.86304717 
 119.4,     16.91739005 
 119.5,     16.96092538 
 119.6,     16.99375221 
 119.7,     17.01594217 
 119.8,     17.02754035 
 119.9,     17.02856596 
   120,      17.0190127 
 120.1,     16.99884895 
 120.2,     16.96801765 
 120.3,     16.92643604 
 120.4,     16.87399507 
 120.5,     16.81055864 
 120.6,     16.73596256 
 120.7,     16.65001328 
 120.8,     16.55248623 
 120.9,     16.44312403 
   121,     16.32163413 
 121.1,     16.18768633 
 121.2,     16.04090971 
 121.3,     15.88088919 
 121.4,     15.70716162 
 121.5,     15.51921124 
 121.6,     15.31646464 
 121.7,     15.09828507 
 121.8,     14.86396606 
 121.9,     14.61272437 
   122,     14.34369238 
 122.1,     14.05590996 
 122.2,     13.74831608 
 122.3,     13.41974065 
 122.4,      13.0688976 
 122.5,     12.69438044 
 122.6,     12.29466301 
 122.7,     11.86810934 
 122.8,     11.41299954 
 122.9,     10.92758284 
   123,     10.41017604 
 123.1,     9.859337309 
 123.2,     9.274163285 
 123.3,     8.654786769 
 123.4,     8.003190847 
 123.5,      7.32450585 
 123.6,      6.62898266 
 123.7,     5.934761402 
 123.8,     5.271163827 
 123.9,     4.681200841 
   124,     4.220223071 
 124.1,     3.946566829 
 124.2,     3.903426602 
 124.3,     4.100458111 
 124.4,     4.509129392 
 124.5,      5.07593003 
 124.6,     5.742315816 
 124.7,     6.458727741 
 124.8,     7.189381194 
 124.9,     7.911138798 
   125,     8.610340321 
 125.1,     9.279699716 
 125.2,     9.915945439 
 125.3,     10.51821753 
 125.4,     11.08704132 
 125.5,     11.62369323 
 125.6,     12.12981764 
 125.7,     12.60720062 
 125.8,     13.05763941 
 125.9,     13.48287031 
   126,     13.88453137 
 126.1,     14.26414594 
 126.2,      14.6231182 
 126.3,     14.96273568 
 126.4,     15.28417522 
 126.5,     15.58851104 
 126.6,     15.87672304 
 126.7,     16.14970539 
 126.8,     16.40827455 
 126.9,     16.65317691 
   127,     16.88509558 
 127.1,     17.10465674 
 127.2,     17.31243521 
 127.3,     17.50895948 
 127.4,     17.69471628 
 127.5,     17.87015451 
 127.6,     18.03568881 
 127.7,     18.19170279 
 127.8,      18.3385518 
 127.9,     18.47656543 
   128,     18.60604983 
 128.1,     18.72728957 
 128.2,      18.8405495 
 128.3,     18.94607637 
 128.4,     19.04410008 
 128.5,     19.13483508 
 128.6,     19.21848145 
 128.7,     19.29522583 
 128.8,     19.36524241 
 128.9,      19.4286936 
   129,     19.48573084 
 129.1,     19.53649513 
 129.2,     19.58111761 
 129.3,     19.61972004 
 129.4,      19.6524152 
 129.5,     19.67930726 
 129.6,     19.70049208 
 129.7,     19.71605746 
 129.8,      19.7260834 
 129.9,      19.7306422 
   130,     19.72979869 
 130.1,      19.7236102 
 130.2,     19.71212678 
 130.3,     19.69539107 
 130.4,      19.6734384 
 130.5,     19.64629672 
 130.6,     19.61398653 
 130.7,     19.57652078 
 130.8,     19.53390474 
 130.9,     19.48613582 
   131,     19.43320341 
 131.1,     19.37508862 
 131.2,     19.31176405 
 131.3,     19.24319342 
 131.4,     19.16933132 
 131.5,     19.09012277 
 131.6,      19.0055028 
 131.7,     18.91539602 
 131.8,     18.81971605 
 131.9,     18.71836492 
   132,      18.6112325 
 132.1,     18.49819571 
 132.2,     18.37911775 
 132.3,     18.25384722 
 132.4,     18.12221713 
 132.5,     17.98404381 
 132.6,     17.83912567 
 132.7,     17.68724187 
 132.8,     17.52815077 
 132.9,     17.36158822 
   133,     17.18726568 
 133.1,     17.00486799 
 133.2,     16.81405099 
 133.3,     16.61443881 
 133.4,     16.40562065 
 133.5,     16.18714739 
 133.6,     15.95852755 
 133.7,     15.71922273 
 133.8,     15.46864255 
 133.9,     15.20613872 
   134,      14.9309984 
 134.1,     14.64243674 
 134.2,     14.33958823 
 134.3,     14.02149707 
 134.4,     13.68710639 
 134.5,     13.33524626 
 134.6,     12.96462061 
 134.7,     12.57379345 
 134.8,     12.16117488 
 134.9,     11.72500843 
   135,     11.26336174 
 135.1,     10.77412518 
 135.2,      10.2550254 
 135.3,      9.70366698 
 135.4,     9.117624226 
 135.5,     8.494621672 
 135.6,     7.832868913 
 135.7,     7.131661984 
 135.8,     6.392433577 
 135.9,     5.620534827 
   136,     4.828120913 
 136.1,     4.038441497 
 136.2,     3.291163501 
 136.3,      2.64627497 
 136.4,     2.180431173 
 136.5,     1.968172071 
 136.6,      2.05044864 
 136.7,     2.412344996 
 136.8,     2.991565654 
 136.9,     3.709027671 
   137,     4.495339164 
 137.1,     5.301114607 
 137.2,     6.095747291 
 137.3,     6.862267154 
 137.4,     7.592416302 
 137.5,     8.283097808 
 137.6,     8.934106099 
 137.7,     9.546762692 
 137.8,     10.12312495 
 137.9,     10.66553937 
   138,     11.17639654 
 138.1,     11.65800243 
 138.2,     12.11251599 
 138.3,     12.54192411 
 138.4,       12.948037 
 138.5,     13.33249439 
 138.6,     13.69677699 
 138.7,     14.04222021 
 138.8,     14.37002822 
 138.9,     14.68128742 
   139,     14.97697916 
 139.1,      15.2579912 
 139.2,     15.52512789 
 139.3,     15.77911944 
 139.4,     16.02062999 
 139.5,     16.25026475 
 139.6,     16.46857629 
 139.7,     16.67607014 
 139.8,     16.87320963 
 139.9,     17.06042028 
   140,     17.23809346 
 140.1,     17.40658995 
 140.2,     17.56624273 
 140.3,      17.7173598 
 140.4,     17.86022634 
 140.5,     17.99510699 
 140.6,     18.12224758 
 140.7,     18.24187684 
 140.8,     18.35420791 
 140.9,     18.45943966 
   141,     18.55775787 
 141.1,     18.64933639 
 141.2,     18.73433801 
 141.3,     18.81291543 
 141.4,     18.88521202 
 141.5,     18.95136255 
 141.6,     19.01149388 
 141.7,     19.06572549 
 141.8,     19.11417008 
 141.9,     19.15693407 
   142,     19.19411803 
 142.1,     19.22581712 
 142.2,     19.25212144 
 142.3,     19.27311642 
 142.4,      19.2888831 
 142.5,     19.29949844 
 142.6,     19.30503564 
 142.7,     19.30556428 
 142.8,     19.30115067 
 142.9,     19.29185798 
   143,     19.27774644 
 143.1,     19.25887358 
 143.2,     19.23529431 
 143.3,     19.20706111 
 143.4,     19.17422416 
 143.5,     19.13683147 
 143.6,     19.09492898 
 143.7,     19.04856066 
 143.8,     18.99776859 
 143.9,     18.94259304 
   144,     18.88307255 
 144.1,     18.81924397 
 144.2,     18.75114249 
 144.3,     18.67880171 
 144.4,     18.60225361 
 144.5,     18.52152864 
 144.6,     18.43665563 
 144.7,     18.34766182 
 144.8,     18.25457285 
 144.9,     18.15741272 
   145,     18.05620371 
 145.1,     17.95096637 
 145.2,     17.84171941 
 145.3,     17.72847962 
 145.4,     17.61126182 
 145.5,     17.49007868 
 145.6,     17.36494061 
 145.7,     17.23585574 
 145.8,     17.10282957 
 145.9,     16.96586499 
   146,       16.824962 
 146.1,     16.68011761 
 146.2,     16.53132559 
 146.3,     16.37857633 
 146.4,      16.2218566 
 146.5,     16.06114939 
 146.6,     15.89643369 
 146.7,     15.72768434 
 146.8,      15.5548719 
 146.9,     15.37796238 
   147,     15.19691731 
 147.1,     15.01169357 
 147.2,     14.82224341 
 147.3,     14.62851457 
 147.4,     14.43045049 
 147.5,      14.2279905 
 147.6,     14.02107046 
 147.7,     13.80962334 
 147.8,     13.59358018 
 147.9,     13.37287122 
   148,     13.14742773 
 148.1,     12.91718387 
 148.2,     12.68207942 
 148.3,     12.44206311 
 148.4,     12.19709683 
 148.5,     11.94716076 
 148.6,     11.69225997 
 148.7,     11.43243226 
 148.8,     11.16775803 
 148.9,     10.89837216 
   149,     10.62447857 
 149.1,     10.34636763 
 149.2,     10.06443698 
 149.3,     9.779216316 
 149.4,     9.491396051 
 149.5,     9.201860411 
 149.6,     8.911724501 
 149.7,     8.622374496 
 149.8,     8.335509356 
 149.9,     8.053181243 
   150,     7.777830196 
 150.1,     7.512306198 
 150.2,     7.259871019 
 150.3,     7.024169059 
 150.4,     6.809156798 
 150.5,     6.618982464 
 150.6,     6.457810734 
 150.7,      6.32959797 
 150.8,     6.237833074 
 150.9,     6.185272353 
   151,     6.173705393 
 151.1,     6.203790222 
 151.2,     6.274987455 
 151.3,     6.385606316 
 151.4,     6.532953563 
 151.5,     6.713558079 
 151.6,     6.923433661 
 151.7,     7.158341864 
 151.8,     7.414025277 
 151.9,     7.686392612 
   152,     7.971649533 
 152.1,     8.266377924 
 152.2,     8.567572286 
 152.3,      8.87264297 
 152.4,     9.179397512 
 152.5,     9.486007746 
 152.6,     9.790970617 
 152.7,     10.09306629 
 152.8,       10.391318 
 152.9,     10.68495416 
   153,     10.97337497 
 153.1,     11.25612276 
 153.2,     11.53285674 
 153.3,      11.8033315 
 153.4,     12.06737894 
 153.5,     12.32489328 
 153.6,     12.57581872 
 153.7,      12.8201391 
 153.8,     13.05786967 
 153.9,     13.28905016 
   154,     13.51373929 
 154.1,      13.7320103 
 154.2,     13.94394726 
 154.3,     14.14964215 
 154.4,     14.34919253 
 154.5,     14.54269966 
 154.6,       14.730267 
 154.7,     14.91199906 
 154.8,     15.08800041 
 154.9,       15.258375 
   155,     15.42322562 
 155.1,     15.58265347 
 155.2,     15.73675784 
 155.3,     15.88563587 
 155.4,     16.02938247 
 155.5,     16.16809017 
 155.6,     16.30184912 
 155.7,     16.43074699 
 155.8,     16.55486914 
 155.9,      16.6742985 
   156,     16.78911576 
 156.1,     16.89939936 
 156.2,     17.00522561 
 156.3,      17.1066688 
 156.4,     17.20380125 
 156.5,     17.29669347 
 156.6,     17.38541422 
 156.7,     17.47003064 
 156.8,     17.55060835 
 156.9,     17.62721161 
   157,     17.69990332 
 157.1,     17.76874529 
 157.2,     17.83379818 
 157.3,     17.89512173 
 157.4,     17.95277485 
 157.5,     18.00681568 
 157.6,     18.05730173 
 157.7,     18.10429005 
 157.8,     18.14783722 
 157.9,     18.18799954 
   158,      18.2248331 
 158.1,     18.25839394 
 158.2,     18.28873809 
 158.3,     18.31592172 
 158.4,     18.34000122 
 158.5,     18.36103335 
 158.6,      18.3790753 
 158.7,     18.39418482 
 158.8,     18.40642032 
 158.9,     18.41584097 
   159,     18.42250683 
 159.1,     18.42647892 
 159.2,     18.42781936 
 159.3,     18.42659143 
 159.4,     18.42285969 
 159.5,     18.41669009 
 159.6,     18.40815007 
 159.7,     18.39730858 
 159.8,     18.38423627 
 159.9,      18.3690055 
   160,     18.35169044 
 160.1,     18.33236715 
 160.2,     18.31111361 
 160.3,     18.28800981 
 160.4,     18.26313776 
 160.5,     18.23658156 
 160.6,     18.20842738 
 160.7,     18.17876347 
 160.8,     18.14768019 
 160.9,     18.11526994 
   161,     18.08162712 
 161.1,     18.04684812 
 161.2,      18.0110311 
 161.3,     17.97427605 
 161.4,     17.93668454 
 161.5,     17.89835959 
 161.6,     17.85940551 
 161.7,     17.81992764 
 161.8,     17.78003216 
 161.9,     17.73982581 
   162,     17.69941553 
 162.1,     17.65890825 
 162.2,     17.61841045 
 162.3,     17.57802784 
 162.4,     17.53786491 
 162.5,     17.49802453 
 162.6,     17.45860755 
 162.7,      17.4197123 
 162.8,     17.38143414 
 162.9,       17.343865 
   163,     17.30709289 
 163.1,     17.27120144 
 163.2,     17.23626945 
 163.3,     17.20237042 
 163.4,     17.16957215 
 163.5,     17.13793633 
 163.6,     17.10751815 
 163.7,     17.07836597 
 163.8,     17.05052108 
 163.9,     17.02401742 
   164,     16.99888134 
 164.1,     16.97513154 
 164.2,     16.95277891 
 164.3,     16.93182655 
 164.4,     16.91226979 
 164.5,     16.89409622 
 164.6,     16.87728588 
 164.7,     16.86181146 
 164.8,      16.8476385 
 164.9,     16.83472568 
   165,     16.82302521 
 165.1,     16.81248311 
 165.2,     16.80303967 
 165.3,     16.79462987 
 165.4,     16.78718379 
 165.5,     16.78062713 
 165.6,     16.77488163 
 165.7,     16.76986558 
 165.8,     16.76549427 
 165.9,     16.76168048 
   166,     16.75833492 
 166.1,     16.75536671 
 166.2,     16.75268374 
 166.3,     16.75019318 
 166.4,     16.74780173 
 166.5,     16.74541608 
 166.6,     16.74294326 
 166.7,     16.74029083 
 166.8,     16.73736725 
 166.9,     16.73408211 
   167,     16.73034636 
 167.1,     16.72607243 
 167.2,     16.72117456 
 167.3,     16.71556874 
 167.4,     16.70917301 
 167.5,     16.70190743 
 167.6,     16.69369423 
 167.7,     16.68445783 
 167.8,     16.67412489 
 167.9,     16.66262432 
   168,     16.64988729 
 168.1,     16.63584722 
 168.2,     16.62043978 
 168.3,     16.60360281 
 168.4,     16.58527632 
 168.5,     16.56540241 
 168.6,     16.54392526 
 168.7,     16.52079097 
 168.8,      16.4959476 
 168.9,     16.46934505 
   169,     16.44093492 
 169.1,     16.41067055 
 169.2,     16.37850683 
 169.3,     16.34440019 
 169.4,     16.30830845 
 169.5,      16.2701908 
 169.6,     16.23000764 
 169.7,     16.18772056 
 169.8,     16.14329219 
 169.9,     16.09668618 
   170,     16.04786708 
 170.1,     15.99680025 
 170.2,     15.94345177 
 170.3,     15.88778838 
 170.4,     15.82977741 
 170.5,     15.76938668 
 170.6,      15.7065844 
 170.7,     15.64133914 
 170.8,     15.57361975 
 170.9,     15.50339521 
   171,     15.43063471 
 171.1,     15.35530742 
 171.2,     15.27738256 
 171.3,     15.19682915 
 171.4,     15.11361623 
 171.5,     15.02771248 
 171.6,      14.9390864 
 171.7,     14.84770613 
 171.8,     14.75353943 
 171.9,     14.65655364 
   172,     14.55671557 
 172.1,     14.45399151 
 172.2,      14.3483472 
 172.3,     14.23974771 
 172.4,     14.12815749 
 172.5,     14.01354023 
 172.6,     13.89585897 
 172.7,     13.77507596 
 172.8,     13.65115271 
 172.9,     13.52404996 
   173,     13.39372768 
 173.1,      13.2601451 
 173.2,     13.12326072 
 173.3,     12.98303237 
 173.4,     12.83941727 
 173.5,     12.69237209 
 173.6,     12.54185303 
 173.7,     12.38781603 
 173.8,     12.23021686 
 173.9,     12.06901135 
   174,     11.90415565 
 174.1,     11.73560653 
 174.2,     11.56332163 
 174.3,     11.38726005 
 174.4,     11.20738273 
 174.5,     11.02365316 
 174.6,     10.83603798 
 174.7,     10.64450787 
 174.8,     10.44903859 
 174.9,     10.24961203 
   175,     10.04621765 
 175.1,     9.838854098 
 175.2,     9.627530965 
 175.3,     9.412271017 
 175.4,     9.193112663 
 175.5,     8.970112942 
 175.6,     8.743350826 
 175.7,     8.512931026 
 175.8,     8.278988595 
 175.9,     8.041693847 
   176,     7.801258152 
 176.1,     7.557940345 
 176.2,     7.312054074 
 176.3,     7.063975637 
 176.4,     6.814152949 
 176.5,     6.563114471 
 176.6,     6.311479444 
 176.7,      6.05996766 
 176.8,     5.809409316 
 176.9,     5.560754014 
   177,     5.315078385 
 177.1,     5.073590725 
 177.2,     4.837632743 
 177.3,     4.608675524 
 177.4,     4.388309434 
 177.5,     4.178226121 
 177.6,     3.980191282 
 177.7,     3.796007294 
 177.8,     3.627467064 
 177.9,     3.476297839 
   178,     3.344099828 
 178.1,     3.232281356 
 178.2,     3.141996403 
 178.3,     3.074089632 
 178.4,     3.029053672 
 178.5,     3.007003794 
 178.6,     3.007672599 
 178.7,     3.030424313 
 178.8,     3.074288853 
 178.9,     3.138010485 
   179,     3.220107061 
 179.1,     3.318933973 
 179.2,     3.432748286 
 179.3,     3.559767765 
 179.4,     3.698222599 
 179.5,     3.846398049 
 179.6,     4.002666849 
 179.7,      4.16551189 
 179.8,     4.333540872 
 179.9,     4.505492961 
   180,     4.680240386 
 180.1,     4.856784963 
 180.2,     5.034252109 
 180.3,     5.211882098 
 180.4,     5.389021158 
 180.5,     5.565110988 
 180.6,     5.739679084 
 180.7,     5.912329004 
 180.8,      6.08273124 
 180.9,     6.250614812 
   181,      6.41575963 
 181.1,     6.577989599 
 181.2,     6.737166438 
 181.3,     6.893184167 
 181.4,     7.045964572 
 181.5,     7.195452622 
 181.6,     7.341613183 
 181.7,     7.484427612 
 181.8,     7.623891048 
 181.9,     7.760010164 
   182,     7.892800903 
 182.1,     8.022287005 
 182.2,     8.148498289 
 182.3,       8.2714694 
 182.4,     8.391238705 
 182.5,     8.507847446 
 182.6,     8.621338845 
 182.7,     8.731757358 
 182.8,     8.839148248 
 182.9,     8.943556955 
   183,     9.045028727 
 183.1,     9.143608304 
 183.2,     9.239339573 
 183.3,     9.332265252 
 183.4,     9.422426877 
 183.5,     9.509864406 
 183.6,     9.594616149 
 183.7,     9.676718762 
 183.8,     9.756206999 
 183.9,     9.833113631 
   184,     9.907469532 
 184.1,     9.979303448 
 184.2,     10.04864211 
 184.3,     10.11551012 
 184.4,     10.17992989 
 184.5,     10.24192177 
 184.6,     10.30150386 
 184.7,     10.35869217 
 184.8,     10.41350056 
 184.9,     10.46594066 
   185,     10.51602202 
 185.1,     10.56375203 
 185.2,     10.60913593 
 185.3,     10.65217685 
 185.4,     10.69287586 
 185.5,     10.73123188 
 185.6,     10.76724178 
 185.7,     10.80090033 
 185.8,     10.83220034 
 185.9,     10.86113248 
   186,     10.88768544 
 186.1,     10.91184592 
 186.2,      10.9335986 
 186.3,      10.9529262 
 186.4,      10.9698094 
 186.5,     10.98422699 
 186.6,     10.99615578 
 186.7,     11.00557061 
 186.8,     11.01244443 
 186.9,      11.0167482 
   187,       11.018451 
 187.1,     11.01752001 
 187.2,     11.01392045 
 187.3,     11.00761566 
 187.4,     10.99856706 
 187.5,     10.98673426 
 187.6,     10.97207488 
 187.7,     10.95454476 
 187.8,      10.9340978 
 187.9,     10.91068612 
   188,     10.88426002 
 188.1,     10.85476793 
 188.2,     10.82215658 
 188.3,     10.78637094 
 188.4,     10.74735426 
 188.5,     10.70504819 
 188.6,     10.65939282 
 188.7,     10.61032674 
 188.8,     10.55778717 
 188.9,     10.50171008 
   189,     10.44203035 
 189.1,     10.37868192 
 189.2,     10.31159806 
 189.3,     10.24071164 
 189.4,     10.16595531 
 189.5,     10.08726212 
 189.6,     10.00456574 
 189.7,     9.917801122 
 189.8,     9.826905119 
 189.9,     9.731817164 
   190,     9.632480256 
 190.1,     9.528841922 
 190.2,     9.420855544 
 190.3,     9.308481617 
 190.4,     9.191689707 
 190.5,     9.070460278 
 190.6,     8.944786992 
 190.7,     8.814679606 
 190.8,     8.680166933 
 190.9,     8.541300638 
   191,     8.398159548 
 191.1,     8.250854451 
 191.2,     8.099533747 
 191.3,     7.944390054 
 191.4,     7.785667166 
 191.5,     7.623668554 
 191.6,      7.45876644 
 191.7,     7.291411641 
 191.8,     7.122144399 
 191.9,     6.951605969 
   192,     6.780550037 
 192.1,      6.60985439 
 192.2,     6.440531389 
 192.3,     6.273736791 
 192.4,     6.110775642 
 192.5,     5.953103381 
 192.6,     5.802321172 
 192.7,     5.660163291 
 192.8,     5.528474202 
 192.9,     5.409175628 
   193,     5.304220418 
 193.1,     5.215535992 
 193.2,     5.144956871 
 193.3,     5.094151583 
 193.4,      5.06454715 
 193.5,     5.057258584 
 193.6,     5.073029481 
 193.7,     5.112190495 
 193.8,     5.174639362 
 193.9,     5.259846111 
   194,     5.366881638 
 194.1,     5.494467402 
 194.2,      5.64103984 
 194.3,     5.804823556 
 194.4,     5.983906729 
 194.5,     6.176312316 
 194.6,     6.380061624 
 194.7,     6.593226612 
 194.8,     6.813971036 
 194.9,     7.040578942 
   195,     7.271473575 
 195.1,     7.505226319 
 195.2,     7.740559068 
 195.3,     7.976340985 
 195.4,     8.211581118 
 195.5,     8.445418987 
 195.6,     8.677113411 
 195.7,     8.906030937 
 195.8,     9.131634091 
 195.9,     9.353470314 
   196,     9.571161441 
 196.1,     9.784393998 
 196.2,     9.992910408 
 196.3,     10.19650122 
 196.4,     10.39499809 
 196.5,     10.58826775 
 196.6,     10.77620654 
 196.7,     10.95873584 
 196.8,     11.13579805 
 196.9,     11.30735298 
   197,     11.47337507 
 197.1,     11.63385056 
 197.2,     11.78877553 
 197.3,     11.93815389 
 197.4,      12.0819958 
 197.5,      12.2203163 
 197.6,     12.35313419 
 197.7,     12.48047095 
 197.8,     12.60235002 
 197.9,     12.71879601 
   198,     12.82983412 
 198.1,     12.93548963 
 198.2,      13.0357875 
 198.3,     13.13075197 
 198.4,     13.22040628 
 198.5,     13.30477242 
 198.6,     13.38387091 
 198.7,     13.45772065 
 198.8,     13.52633868 
 198.9,      13.5897402 
   199,     13.64793838 
 199.1,     13.70094428 
 199.2,     13.74876677 
 199.3,     13.79141255 
 199.4,     13.82888604 
 199.5,     13.86118934 
 199.6,     13.88832228 
 199.7,     13.91028224 
 199.8,     13.92706436 
 199.9,      13.9386613 
   200,      13.9450634 
 200.1,      13.9462586 
 200.2,     13.94223244 
 200.3,     13.93296811 
 200.4,      13.9184464 
 200.5,     13.89864573 
 200.6,     13.87354218 
 200.7,     13.84310955 
 200.8,     13.80731928 
 200.9,     13.76614056 
   201,     13.71954035 
 201.1,     13.66748337 
 201.2,     13.60993228 
 201.3,     13.54684765 
 201.4,     13.47818803 
 201.5,     13.40391008 
 201.6,     13.32396867 
 201.7,     13.23831706 
 201.8,     13.14690696 
 201.9,     13.04968876 
   202,     12.94661179 
 202.1,     12.83762452 
 202.2,     12.72267483 
 202.3,     12.60171049 
 202.4,     12.47467939 
 202.5,     12.34153017 
 202.6,     12.20221267 
 202.7,     12.05667865 
 202.8,     11.90488254 
 202.9,     11.74678224 
   203,     11.58234019 
 203.1,     11.41152461 
 203.2,     11.23431066 
 203.3,     11.05068222 
 203.4,     10.86063358 
 203.5,     10.66417146 
 203.6,     10.46131754 
 203.7,     10.25211095 
 203.8,     10.03661154 
 203.9,     9.814903285 
   204,     9.587098131 
 204.1,     9.353340629 
 204.2,     9.113812685 
 204.3,     8.868739118 
 204.4,      8.61839355 
 204.5,      8.36310498 
 204.6,     8.103264641 
 204.7,     7.839333194 
 204.8,     7.571848135 
 204.9,     7.301431037 
   205,     7.028794484 
 205.1,     6.754747863 
 205.2,     6.480201982 
 205.3,     6.206171246 
 205.4,     5.933773241 
 205.5,     5.664224104 
 205.6,     5.398829415 
 205.7,     5.138969713 
 205.8,     4.886079399 
 205.9,     4.641619781 
   206,     4.407045449 
 206.1,     4.183765942 
 206.2,     3.973103327 
 206.3,     3.776248737 
 206.4,     3.594220884 
 206.5,     3.427829598 
 206.6,     3.277647526 
 206.7,     3.143994083 
 206.8,      3.02693179 
 206.9,     2.926277544 
   207,     2.841627013 
 207.1,      2.77239111 
 207.2,     2.717841365 
 207.3,     2.677161092 
 207.4,     2.649498933 
 207.5,     2.634020748 
 207.6,     2.629959098 
 207.7,     2.636655157 
 207.8,     2.653594634 
 207.9,     2.680434533 
   208,     2.717021317 
 208.1,      2.76340028 
 208.2,     2.819814492 
 208.3,     2.886695361 
 208.4,      2.96464332 
 208.5,     3.054398831 
 208.6,     3.156805598 
 208.7,     3.272764765 
 208.8,     3.403184014 
 208.9,     3.548922098 
   209,     3.710732663 
 209.1,     3.889211457 
 209.2,      4.08474891 
 209.3,     4.297494187 
 209.4,     4.527331566 
 209.5,     4.773871903 
 209.6,      5.03645928 
 209.7,     5.314191819 
 209.8,     5.605954092 
 209.9,     5.910457928 
   210,     6.226288115 
 210.1,     6.551948807 
 210.2,     6.885908038 
 210.3,     7.226637714 
 210.4,     7.572647469 
 210.5,     7.922511696 
 210.6,     8.274889737 
 210.7,     8.628539447 
 210.8,     8.982325104 
 210.9,     9.335220695 
   211,     9.686309195 
 211.1,     10.03477914 
 211.2,     10.37991897 
 211.3,     10.72111049 
 211.4,     11.05782103 
 211.5,     11.38959574 
 211.6,     11.71604966 
 211.7,     12.03686016 
 211.8,     12.35175977 
 211.9,      12.6605295 
   212,     12.96299269 
 212.1,     13.25900953 
 212.2,     13.54847206 
 212.3,     13.83129961 
 212.4,     14.10743508 
 212.5,     14.37684125 
 212.6,     14.63949785 
 212.7,     14.89539881 
 212.8,     15.14454999 
 212.9,     15.38696715 
   213,     15.62267414 
 213.1,     15.85170138 
 213.2,     16.07408461 
 213.3,     16.28986367 
 213.4,     16.49908158 
 213.5,     16.70178364 
 213.6,     16.89801679 
 213.7,     17.08782888 
 213.8,     17.27126822 
 213.9,     17.44838313 
   214,     17.61922148 
 214.1,     17.78383044 
 214.2,     17.94225614 
 214.3,     18.09454346 
 214.4,     18.24073584 
 214.5,      18.3808751 
 214.6,     18.51500123 
 214.7,     18.64315242 
 214.8,     18.76536481 
 214.9,     18.88167248 
   215,     18.99210737 
 215.1,     19.09669918 
 215.2,     19.19547543 
 215.3,     19.28846129 
 215.4,     19.37567959 
 215.5,     19.45715084 
 215.6,     19.53289317 
 215.7,     19.60292228 
 215.8,     19.66725148 
 215.9,     19.72589166 
   216,     19.77885122 
 216.1,     19.82613615 
 216.2,     19.86774996 
 216.3,     19.90369368 
 216.4,     19.93396585 
 216.5,     19.95856254 
 216.6,     19.97747727 
 216.7,     19.99070111 
 216.8,     19.99822254 
 216.9,     20.00002755 
   217,     19.99609955 
 217.1,     19.98641944 
 217.2,      19.9709655 
 217.3,     19.94971349 
 217.4,     19.92263653 
 217.5,     19.88970519 
 217.6,     19.85088743 
 217.7,     19.80614858 
 217.8,     19.75545141 
 217.9,     19.69875602 
   218,     19.63601995 
 218.1,     19.56719813 
 218.2,     19.49224291 
 218.3,     19.41110406 
 218.4,     19.32372883 
 218.5,     19.23006197 
 218.6,     19.13004577 
 218.7,     19.02362013 
 218.8,     18.91072264 
 218.9,     18.79128866 
   219,     18.66525147 
 219.1,     18.53254234 
 219.2,     18.39309077 
 219.3,     18.24682464 
 219.4,     18.09367046 
 219.5,     17.93355367 
 219.6,     17.76639892 
 219.7,      17.5921305 
 219.8,      17.4106728 
 219.9,     17.22195076 
   220,     17.02589062 
 220.1,     16.82242054 
 220.2,     16.61147148 
 220.3,      16.3929782 
 220.4,     16.16688036 
 220.5,      15.9331239 
 220.6,     15.69166262 
 220.7,     15.44245987 
 220.8,     15.18549081 
 220.9,     14.92074481 
   221,     14.64822834 
 221.1,     14.36796834 
 221.2,     14.08001625 
 221.3,     13.78445261 
 221.4,     13.48139261 
 221.5,     13.17099259 
 221.6,     12.85345772 
 221.7,     12.52905111 
 221.8,     12.19810472 
 221.9,     11.86103224 
   222,     11.51834448 
 222.1,     11.17066762 
 222.2,     10.81876483 
 222.3,     10.46356199 
 222.4,     10.10617751 
 222.5,     9.747956996 
 222.6,     9.390512845 
 222.7,     9.035767653 
 222.8,     8.686001164 
 222.9,     8.343896892 
   223,     8.012584774 
 223.1,     7.695672349 
 223.2,     7.397254687 
 223.3,     7.121890432 
 223.4,     6.874529549 
 223.5,     6.660378809 
 223.6,      6.48469594 
 223.7,     6.352514767 
 223.8,     6.268316362 
 223.9,     6.235683183 
   224,     6.256984571 
 224.1,     6.333148877 
 224.2,     6.463566616 
 224.3,     6.646144397 
 224.4,     6.877499485 
 224.5,     7.153255705 
 224.6,     7.468388086 
 224.7,     7.817562873 
 224.8,     8.195433502 
 224.9,     8.596868868 
   225,      9.01710953 
 225.1,     9.451857515 
 225.2,     9.897312733 
 225.3,     10.35017084 
 225.4,     10.80759615 
 225.5,     11.26718002 
 225.6,     11.72689325 
 225.7,     12.18503731 
 225.8,     12.64019818 
 225.9,     13.09120398 
   226,     13.53708764 
 226.1,     13.97705438 
 226.2,     14.41045389 
 226.3,     14.83675673 
 226.4,     15.25553439 
 226.5,     15.66644254 
 226.6,     16.06920706 
 226.7,     16.46361228 
 226.8,     16.84949108 
 226.9,     17.22671668 
   227,     17.59519566 
 227.1,     17.95486221 
 227.2,     18.30567308 
 227.3,      18.6476035 
 227.4,      18.9806436 
 227.5,     19.30479544 
 227.6,     19.62007043 
 227.7,     19.92648716 
 227.8,      20.2240695 
 227.9,     20.51284503 
   228,     20.79284359 
 228.1,     21.06409611 
 228.2,     21.32663354 
 228.3,     21.58048595 
 228.4,      21.8256817 
 228.5,     22.06224672 
 228.6,     22.29020383 
 228.7,      22.5095722 
 228.8,     22.72036681 
 228.9,     22.92259789 
   229,      23.1162705 
 229.1,     23.30138405 
 229.2,     23.47793186 
 229.3,     23.64590071 
 229.4,     23.80527043 
 229.5,     23.95601338 
 229.6,     24.09809403 
 229.7,     24.23146845 
 229.8,     24.35608378 
 229.9,     24.47187763 
   230,     24.57877753 
 230.1,     24.67670021 
 230.2,     24.76555087 
 230.3,      24.8452224 
 230.4,     24.91559443 
 230.5,      24.9765324 
 230.6,     25.02788638 
 230.7,     25.06948987 
 230.8,     25.10115839 
 230.9,     25.12268789 
   231,     25.13385296 
 231.1,     25.13440485 
 231.2,     25.12406912 
 231.3,     25.10254309 
 231.4,     25.06949275 
 231.5,     25.02454941 
 231.6,     24.96730565 
 231.7,      24.8973108 
 231.8,     24.81406558 
 231.9,     24.71701586 
   232,     24.60554536 
 232.1,     24.47896711 
 232.2,      24.3365132 
 232.3,     24.17732269 
 232.4,     24.00042708 
 232.5,     23.80473273 
 232.6,     23.58899959 
 232.7,      23.3518151 
 232.8,     23.09156196 
 232.9,     22.80637803 
   233,     22.49410583 
 233.1,     22.15222836 
 233.2,     21.77778659 
 233.3,     21.36727184 
 233.4,     20.91648375 
 233.5,     20.42033951 
 233.6,     19.87261355 
 233.7,     19.26557535 
 233.8,     18.58947476 
 233.9,     17.83179379 
   234,     16.97613128 
 234.1,      16.0004968 
 234.2,     14.87463733 
 234.3,     13.55579121 
 234.4,     11.98211546 
 234.5,     10.06440991 
 234.6,     7.690233042 
 234.7,     4.855605681 
 234.8,     2.536622904 
 234.9,     3.356840373 
   235,     6.292661892 
 235.1,     9.109056214 
 235.2,     11.42802979 
 235.3,     13.33676831 
 235.4,      14.9415515 
 235.5,     16.31952447 
 235.6,     17.52378766 
 235.7,     18.59135517 
 235.8,     19.54870214 
 235.9,      20.4152803 
   236,     21.20573832 
 236.1,      21.9313522 
 236.2,     22.60097013 
 236.3,     23.22165298 
 236.4,     23.79911911 
 236.5,     24.33806021 
 236.6,     24.84237005 
 236.7,     25.31531332 
 236.8,     25.75965222 
 236.9,     26.17774286 
   237,     26.57160959 
 237.1,     26.94300311 
 237.2,     27.29344633 
 237.3,     27.62427102 
 237.4,     27.93664727 
 237.5,     28.23160745 
 237.6,     28.51006586 
 237.7,     28.77283488 
 237.8,     29.02063843 
 237.9,     29.25412319 
   238,     29.47386803 
 238.1,     29.68039197 
 238.2,     29.87416096 
 238.3,      30.0555936 
 238.4,     30.22506608 
 238.5,      30.3829164 
 238.6,     30.52944799 
 238.7,     30.66493286 
 238.8,     30.78961426 
 238.9,     30.90370906 
   239,      31.0074097 
 239.1,     31.10088599 
 239.2,     31.18428653 
 239.3,     31.25774006 
 239.4,     31.32135647 
 239.5,     31.37522777 
 239.6,      31.4194288 
 239.7,     31.45401788 
 239.8,     31.47903724 
 239.9,     31.49451343 
   240,      31.5004575 
 240.1,     31.49686513 
 240.2,     31.48371666 
 240.3,     31.46097691 
 240.4,     31.42859504 
 240.5,     31.38650411 
 240.6,     31.33462067 
 240.7,     31.27284411 
 240.8,     31.20105593 
 240.9,     31.11911881 
   241,     31.02687556 
 241.1,      30.9241478 
 241.2,     30.81073452 
 241.3,      30.6864103 
 241.4,     30.55092334 
 241.5,     30.40399311 
 241.6,     30.24530765 
 241.7,     30.07452044 
 241.8,     29.89124676 
 241.9,     29.69505949 
   242,     29.48548414 
 242.1,     29.26199311 
 242.2,      29.0239989 
 242.3,      28.7708461 
 242.4,     28.50180193 
 242.5,     28.21604493 
 242.6,     27.91265143 
 242.7,     27.59057924 
 242.8,      27.2486478 
 242.9,     26.88551397 
   243,      26.4996421 
 243.1,     26.08926682 
 243.2,     25.65234627 
 243.3,     25.18650269 
 243.4,     24.68894605 
 243.5,     24.15637458 
 243.6,     23.58484337 
 243.7,     22.96958783 
 243.8,     22.30478223 
 243.9,      21.5832027 
   244,     20.79574528 
 244.1,     19.93071859 
 244.2,     18.97277234 
 244.3,     17.90121468 
 244.4,     16.68725488 
 244.5,     15.28925253 
 244.6,     13.64403699 
 244.7,     11.64997676 
 244.8,     9.132122098 
 244.9,     5.776662588 
   245,     1.234007258 
 245.1,    -1.256418153 
 245.2,     2.905104682 
 245.3,     6.849241766 
 245.4,     9.689563811 
 245.5,      11.8323763 
 245.6,     13.52967094 
 245.7,     14.92268887 
 245.8,     16.09562839 
 245.9,     17.10206546 
   246,     17.97799556 
 246.1,     18.74869015 
 246.2,     19.43253736 
 246.3,     20.04331611 
 246.4,     20.59160758 
 246.5,     21.08570707 
 246.6,     21.53223348 
 246.7,     21.93654884 
 246.8,      22.3030546 
 246.9,     22.63540546 
   247,     22.93666692 
 247.1,     23.20943325 
 247.2,     23.45591737 
 247.3,     23.67802008 
 247.4,     23.87738425 
 247.5,     24.05543765 
 247.6,     24.21342708 
 247.7,     24.35244598 
 247.8,     24.47345681 
 247.9,      24.5773094 
   248,     24.66475612 
 248.1,     24.73646445 
 248.2,      24.7930275 
 248.3,     24.83497284 
 248.4,     24.86276995 
 248.5,     24.87683654 
 248.6,     24.87754394 
 248.7,     24.86522163 
 248.8,     24.84016121 
 248.9,     24.80261973 
   249,     24.75282257 
 249.1,     24.69096586 
 249.2,     24.61721865 
 249.3,     24.53172462 
 249.4,     24.43460363 
 249.5,     24.32595299 
 249.6,     24.20584849 
 249.7,     24.07434523 
 249.8,     23.93147829 
 249.9,      23.7772632 
   250,     23.61169628 
 250.1,     23.43475475 
 250.2,     23.24639674 
 250.3,     23.04656115 
 250.4,     22.83516728 
 250.5,     22.61211432 
 250.6,     22.37728069 
 250.7,     22.13052311 
 250.8,     21.87167556 
 250.9,     21.60054783 
   251,     21.31692402 
 251.1,     21.02056046 
 251.2,     20.71118357 
 251.3,     20.38848706 
 251.4,     20.05212877 
 251.5,     19.70172694 
 251.6,     19.33685582 
 251.7,     18.95704039 
 251.8,     18.56175031 
 251.9,      18.1503926 
   252,     17.72230303 
 252.1,     17.27673585 
 252.2,     16.81285153 
 252.3,      16.3297021 
 252.4,     15.82621346 
 252.5,     15.30116421 
 252.6,     14.75315993 
 252.7,     14.18060211 
 252.8,     13.58165054 
 252.9,     12.95417768 
   253,     12.29571372 
 253.1,     11.60338087 
 253.2,     10.87381602 
 253.3,     10.10308297 
 253.4,     9.286579495 
 253.5,      8.41895433 
 253.6,     7.494071807 
 253.7,     6.505110388 
 253.8,     5.444990341 
 253.9,     4.307566149 
   254,     3.090540544 
 254.1,     1.802114783 
 254.2,    0.4751034826 
 254.3,   -0.8072009574 
 254.4,    -1.879845875 
 254.5,    -2.507985479 
 254.6,    -2.517229833 
 254.7,    -1.953536018 
 254.8,     -1.03614404 
 254.9,   0.01961981383 
   255,     1.083398627 
 255.1,     2.095680088 
 255.2,     3.036049327 
 255.3,     3.902077622 
 255.4,     4.698595218 
 255.5,     5.432792431 
 255.6,      6.11212212 
 255.7,     6.743472721 
 255.8,     7.332900291 
 255.9,     7.885598626 
   256,     8.405963274 
 256.1,     8.897686456 
 256.2,     9.363855337 
 256.3,     9.807043231 
 256.4,     10.22939006 
 256.5,     10.63267154 
 256.6,     11.01835808 
 256.7,     11.38766478 
 256.8,     11.74159321 
 256.9,      12.0809669 
   257,     12.40646094 
 257.1,     12.71862697 
 257.2,     13.01791391 
 257.3,     13.30468538 
 257.4,     13.57923415 
 257.5,     13.84179408 
 257.6,     14.09255006 
 257.7,     14.33164596 
 257.8,     14.55919136 
 257.9,     14.77526676 
   258,      14.9799279 
 258.1,       15.173209 
 258.2,     15.35512552 
 258.3,     15.52567599 
 258.4,     15.68484349 
 258.5,     15.83259673 
 258.6,     15.96889057 
 258.7,      16.0936664 
 258.8,     16.20685218 
 258.9,     16.30836222 
   259,     16.39809683 
 259.1,     16.47594176 
 259.2,     16.54176736 
 259.3,     16.59542782 
 259.4,     16.63676003 
 259.5,     16.66558244 
 259.6,     16.68169363 
 259.7,     16.68487093 
 259.8,     16.67486864 
 259.9,     16.65141629 
   260,     16.61421662 
 260.1,     16.56294336 
 260.2,     16.49723897 
 260.3,       16.416712 
 260.4,     16.32093449 
 260.5,     16.20943907 
 260.6,     16.08171611 
 260.7,     15.93721074 
 260.8,     15.77532016 
 260.9,     15.59539116 
   261,     15.39671844 
 261.1,     15.17854405 
 261.2,     14.94005883 
 261.3,       14.680407 
 261.4,     14.39869543 
 261.5,     14.09401038 
 261.6,     13.76544532 
 261.7,     13.41214569 
 261.8,     13.03337862 
 261.9,     12.62864031 
   262,     12.19781847 
 262.1,     11.74143524 
 262.2,     11.26100445 
 262.3,     10.75954583 
 262.4,     10.24230052 
 262.5,     9.717673333 
 262.6,     9.198359046 
 262.7,     8.702447195 
 262.8,     8.254008004 
 262.9,     7.882293762 
   263,     7.618553288 
 263.1,      7.49012859 
 263.2,     7.513293641 
 263.3,     7.688144112 
 263.4,     7.998559981 
 263.5,     8.417264849 
 263.6,     8.912984395 
 263.7,     9.456380089 
 263.8,     10.02327103 
 263.9,     10.59545721 
   264,     11.16014559 
 264.1,     11.70884778 
 264.2,     12.23625218 
 264.3,     12.73927887 
 264.4,      13.2163609 
 264.5,     13.66692787 
 264.6,     14.09104664 
 264.7,     14.48917719 
 264.8,     14.86200899 
 264.9,     15.21035322 
   265,     15.53507217 
 265.1,     15.83703436 
 265.2,      16.1170862 
 265.3,      16.3760351 
 265.4,     16.61463987 
 265.5,     16.83360584 
 265.6,     17.03358332 
 265.7,     17.21516782 
 265.8,     17.37890149 
 265.9,     17.52527529 
   266,     17.65473146 
 266.1,     17.76766612 
 266.2,     17.86443184 
 266.3,     17.94534009 
 266.4,     18.01066355 
 266.5,      18.0606382 
 266.6,     18.09546521 
 266.7,     18.11531263 
 266.8,     18.12031683 
 266.9,     18.11058372 
   267,     18.08618986 
 267.1,     18.04718326 
 267.2,     17.99358403 
 267.3,     17.92538486 
 267.4,     17.84255129 
 267.5,      17.7450218 
 267.6,     17.63270779 
 267.7,     17.50549326 
 267.8,     17.36323444 
 267.9,     17.20575914 
   268,     17.03286602 
 268.1,     16.84432353 
 268.2,     16.63986884 
 268.3,     16.41920637 
 268.4,     16.18200635 
 268.5,     15.92790294 
 268.6,      15.6564923 
 268.7,     15.36733038 
 268.8,     15.05993053 
 268.9,     14.73376093 
   269,     14.38824184 
 269.1,      14.0227428 
 269.2,      13.6365798 
 269.3,     13.22901256 
 269.4,     12.79924218 
 269.5,     12.34640951 
 269.6,     11.86959458 
 269.7,     11.36781788 
 269.8,     10.84004472 
 269.9,     10.28519379 
   270,     9.702152909 
 270.1,     9.089804395 
 270.2,     8.447066064 
 270.3,     7.772954581 
 270.4,     7.066681699 
 270.5,     6.327799115 
 270.6,     5.556413351 
 270.7,     4.753499647 
 270.8,     3.921351806 
 270.9,     3.064208411 
   271,     2.189084128 
 271.1,     1.306788097 
 271.2,    0.4329927459 
 271.3,   -0.4110062035 
 271.4,    -1.198515194 
 271.5,    -1.899543227 
 271.6,     -2.48535625 
 271.7,    -2.934784717 
 271.8,    -3.239809714 
 271.9,    -3.407356452 
   272,    -3.456114739 
 272.1,     -3.41020593 
 272.2,    -3.292858158 
 272.3,    -3.122234286 
 272.4,    -2.909798378 
 272.5,     -2.66057068 
 272.6,    -2.374470985 
 272.7,    -2.048176218 
 272.8,    -1.677132915 
 272.9,    -1.257444743 
   273,   -0.7873640485 
 273.1,   -0.2681486273 
 273.2,    0.2958191185 
 273.3,    0.8975649558 
 273.4,     1.528454444 
 273.5,     2.179220607 
 273.6,      2.84084516 
 273.7,     3.505170961 
 273.8,     4.165231859 
 273.9,     4.815352435 
   274,     5.451094163 
 274.1,     6.069116113 
 274.2,     6.667001493 
 274.3,     7.243082506 
 274.4,     7.796280752 
 274.5,     8.325970432 
 274.6,     8.831865725 
 274.7,     9.313930961 
 274.8,     9.772309664 
 274.9,     10.20727021 
   275,     10.61916396 
 275.1,     11.00839381 
 275.2,     11.37539053 
 275.3,     11.72059495 
 275.4,     12.04444528 
 275.5,     12.34736731 
 275.6,     12.62976758 
 275.7,     12.89202852 
 275.8,     13.13450485 
 275.9,     13.35752116 
   276,     13.56137028 
 276.1,     13.74631215 
 276.2,     13.91257301 
 276.3,     14.06034493 
 276.4,     14.18978555 
 276.5,     14.30101773 
 276.6,      14.3941294 
 276.7,     14.46917329 
 276.8,     14.52616685 
 276.9,     14.56509187 
   277,     14.58589437 
 277.1,     14.58848432 
 277.2,     14.57273561 
 277.3,     14.53848597 
 277.4,     14.48553727 
 277.5,     14.41365622 
 277.6,     14.32257571 
 277.7,     14.21199686 
 277.8,      14.0815928 
 277.9,     13.93101394 
   278,     13.75989627 
 278.1,     13.56787333 
 278.2,     13.35459358 
 278.3,     13.11974531 
 278.4,     12.86309187 
 278.5,     12.58452125 
 278.6,     12.28411548 
 278.7,     11.96224651 
 278.8,      11.6197077 
 278.9,     11.25789169 
   279,      10.8790261 
 279.1,     10.48647687 
 279.2,     10.08512163 
 279.3,     9.681776618 
 279.4,     9.285623451 
 279.5,     8.908522306 
 279.6,      8.56501691 
 279.7,     8.271769429 
 279.8,     8.046180845 
 279.9,     7.904150652 
   280,     7.857343222 
 280.1,      7.91077769 
 280.2,     8.061690696 
 280.3,      8.30017732 
 280.4,     8.611321151 
 280.5,     8.977934023 
 280.6,     9.382998814 
 280.7,     9.811309014 
 280.8,     10.25024962 
 280.9,     10.68992865 
   281,     11.12293009 
 281.1,     11.54390496 
 281.2,     11.94913694 
 281.3,     12.33615073 
 281.4,     12.70338816 
 281.5,     13.04995386 
 281.6,     13.37542206 
 281.7,     13.67969298 
 281.8,      13.9628877 
 281.9,     14.22527224 
   282,     14.46720306 
 282.1,     14.68908827 
 282.2,      14.8913604 
 282.3,     15.07445737 
 282.4,      15.2388094 
 282.5,     15.38483014 
 282.6,     15.51291089 
 282.7,     15.62341692 
 282.8,     15.71668529 
 282.9,     15.79302381 
   283,     15.85271058 
 283.1,     15.89599425 
 283.2,     15.92309428 
 283.3,     15.93420176 
 283.4,      15.9294801 
 283.5,     15.90906593 
 283.6,     15.87306993 
 283.7,      15.8215777 
 283.8,      15.7546507 
 283.9,     15.67232711 
   284,     15.57462259 
 284.1,     15.46153131 
 284.2,     15.33302676 
 284.3,     15.18906271 
 284.4,     15.02957421 
 284.5,     14.85447873 
 284.6,     14.66367742 
 284.7,      14.4570566 
 284.8,     14.23448948 
 284.9,      13.9958382 
   285,     13.74095641 
 285.1,     13.46969221 
 285.2,     13.18189179 
 285.3,     12.87740396 
 285.4,     12.55608549 
 285.5,      12.2178076 
 285.6,     11.86246384 
 285.7,     11.48997942 
 285.8,     11.10032222 
 285.9,     10.69351586 
   286,     10.26965452 
 286.1,     9.828919856 
 286.2,     9.371599695 
 286.3,     8.898107801 
 286.4,     8.409003813 
 286.5,     7.905011701 
 286.6,     7.387034008 
 286.7,     6.856158174 
 286.8,     6.313650114 
 286.9,     5.760928179 
   287,     5.199510613 
 287.1,     4.630927477 
 287.2,     4.056589952 
 287.3,     3.477611078 
 287.4,     2.894575459 
 287.5,     2.307260661 
 287.6,     1.714316878 
 287.7,     1.112914284 
 287.8,    0.4983608295 
 287.9,   -0.1363173603 
   288,   -0.8008706928 
 288.1,    -1.508477247 
 288.2,    -2.276707158 
 288.3,    -3.129083949 
 288.4,    -4.097783219 
 288.5,    -5.228560812 
 288.6,    -6.590354788 
 288.7,    -8.295780982 
 288.8,    -10.55106725 
 288.9,    -13.80495141 
   289,    -19.36247933 
 289.1,    -28.88975313 
 289.2,    -18.34865523 
 289.3,    -12.52926529 
 289.4,    -8.873998474 
 289.5,    -6.184486419 
 289.6,    -4.040983459 
 289.7,    -2.249957047 
 289.8,   -0.7065580815 
 289.9,    0.6523176047 
   290,     1.867578255 
 290.1,     2.967255104 
 290.2,     3.971401915 
 290.3,     4.894869785 
 290.4,     5.748973223 
 290.5,      6.54253905 
 290.6,     7.282593422 
 290.7,     7.974826225 
 290.8,     8.623914701 
 290.9,     9.233754116 
   291,     9.807625721 
 291.1,      10.3483216 
 291.2,     10.85823881 
 291.3,     11.33945156 
 291.4,     11.79376746 
 291.5,     12.22277154 
 291.6,     12.62786139 
 291.7,     13.01027543 
 291.8,     13.37111578 
 291.9,     13.71136706 
   292,     14.03191178 
 292.1,     14.33354329 
 292.2,     14.61697647 
 292.3,     14.88285685 
 292.4,     15.13176821 
 292.5,     15.36423917 
 292.6,     15.58074876 
 292.7,     15.78173122 
 292.8,     15.96758005 
 292.9,     16.13865176 
   293,     16.29526882 
 293.1,     16.43772241 
 293.2,      16.5662748 
 293.3,     16.68116137 
 293.4,     16.78259243 
 293.5,     16.87075478 
 293.6,     16.94581311 
 293.7,      17.0079112 
 293.8,     17.05717298 
 293.9,     17.09370346 
   294,     17.11758958 
 294.1,     17.12890091 
 294.2,     17.12769029 
 294.3,     17.11399443 
 294.4,     17.08783445 
 294.5,     17.04921631 
 294.6,     16.99813135 
 294.7,     16.93455666 
 294.8,     16.85845572 
 294.9,     16.76977872 
   295,     16.66846333 
 295.1,     16.55443531 
 295.2,     16.42760939 
 295.3,     16.28789029 
 295.4,     16.13517411 
 295.5,     15.96934994 
 295.6,     15.79030204 
 295.7,     15.59791256 
 295.8,     15.39206497 
 295.9,     15.17264855 
   296,     14.93956399 
 296.1,     14.69273059 
 296.2,     14.43209533 
 296.3,     14.15764442 
 296.4,     13.86941784 
 296.5,      13.5675275 
 296.6,     13.25218024 
 296.7,     12.92370606 
 296.8,     12.58259327 
 296.9,     12.22953115 
   297,     11.86546146 
 297.1,     11.49163925 
 297.2,     11.10970276 
 297.3,     10.72175103 
 297.4,     10.33042516 
 297.5,     9.938985964 
 297.6,     9.551376043 
 297.7,     9.172248494 
 297.8,     8.806939189 
 297.9,     8.461355975 
   298,     8.141760545 
 298.1,     7.854430565 
 298.2,     7.605213003 
 298.3,     7.399013035 
 298.4,     7.239296118 
 298.5,     7.127699929 
 298.6,     7.063843515 
 298.7,     7.045379757 
 298.8,     7.068278984 
 298.9,     7.127276889 
   299,     7.216391526 
 299.1,     7.329418401 
 299.2,     7.460338083 
 299.3,     7.603607291 
 299.4,     7.754333601 
 299.5,     7.908351716 
 299.6,     8.062228618 
 299.7,     8.213222033 
 299.8,     8.359214296 
 299.9,     8.498636052 
   300,     8.630390015 
 300.1,     8.753780599 
 300.2,     8.868451715 
 300.3,     8.974333812 
 300.4,     9.071599523 
 300.5,     9.160627204 
 300.6,      9.24197045 
 300.7,     9.316332898 
 300.8,     9.384546091 
 300.9,     9.447549894 
   301,     9.506373511 
 301.1,      9.56211681 
 301.2,     9.615930317 
 301.3,     9.668994013 
 301.4,     9.722494068 
 301.5,     9.777597881 
 301.6,     9.835427321 
 301.7,     9.897031296 
 301.8,     9.963358185 
 301.9,     10.03522977 
   302,     10.11331781 
 302.1,     10.19812475 
 302.2,     10.28996987 
 302.3,     10.38898167 
 302.4,     10.49509716 
 302.5,     10.60806796 
 302.6,      10.7274728 
 302.7,     10.85273533 
 302.8,      10.9831461 
 302.9,     11.11788696 
   303,     11.25605682 
 303.1,     11.39669695 
 303.2,     11.53881479 
 303.3,     11.68140555 
 303.4,     11.82347064 
 303.5,     11.96403299 
 303.6,     12.10214908 
 303.7,     12.23691756 
 303.8,     12.36748517 
 303.9,     12.49305007 
   304,     12.61286288 
 304.1,      12.7262262 
 304.2,     12.83249233 
 304.3,     12.93106041 
 304.4,     13.02137242 
 304.5,     13.10290883 
 304.6,      13.1751838 
 304.7,     13.23774023 
 304.8,     13.29014472 
 304.9,     13.33198244 
   305,     13.36285198 
 305.1,     13.38236038 
 305.2,     13.39011793 
 305.3,     13.38573319 
 305.4,      13.3688077 
 305.5,      13.3389309 
 305.6,     13.29567448 
 305.7,     13.23858679 
 305.8,     13.16718667 
 305.9,     13.08095685 
   306,     12.97933673 
 306.1,     12.86171426 
 306.2,     12.72741688 
 306.3,     12.57570099 
 306.4,     12.40574002 
 306.5,     12.21661027 
 306.6,     12.00727435 
 306.7,     11.77656138 
 306.8,      11.5231433 
 306.9,     11.24550591 
   307,     10.94191375 
 307.1,     10.61036677 
 307.2,      10.2485461 
 307.3,     9.853746671 
 307.4,     9.422791194 
 307.5,     8.951921576 
 307.6,     8.436658668 
 307.7,     7.871622012 
 307.8,      7.25029699 
 307.9,     6.564736211 
   308,     5.805185149 
 308.1,     4.959639135 
 308.2,     4.013403059 
 308.3,     2.948918705 
 308.4,     1.746712097 
 308.5,    0.3900733244 
 308.6,    -1.118791596 
 308.7,    -2.710590758 
 308.8,    -4.136389218 
 308.9,    -4.868894849 
   309,    -4.457234431 
 309.1,    -3.145455773 
 309.2,    -1.511541972 
 309.3,   0.09868586982 
 309.4,     1.569542896 
 309.5,      2.88351858 
 309.6,      4.05363376 
 309.7,     5.099353879 
 309.8,     6.039211357 
 309.9,     6.889003303 
   310,     7.661720994 
 310.1,     8.367944126 
 310.2,     9.016296635 
 310.3,     9.613847755 
 310.4,     10.16643659 
 310.5,     10.67892643 
 310.6,     11.15540209 
 310.7,     11.59932272 
 310.8,     12.01364057 
 310.9,     12.40089416 
   311,     12.76328146 
 311.1,      13.1027181 
 311.2,     13.42088412 
 311.3,     13.71926142 
 311.4,     13.99916436 
 311.5,     14.26176485 
 311.6,     14.50811293 
 311.7,     14.73915385 
 311.8,     14.95574243 
 311.9,     15.15865496 
   312,      15.3485994 
 312.1,     15.52622397 
 312.2,     15.69212441 
 312.3,     15.84685034 
 312.4,     15.99091055 
 312.5,     16.12477775 
 312.6,     16.24889253 
 312.7,     16.36366686 
 312.8,     16.46948715 
 312.9,     16.56671689 
   313,     16.65569894 
 313.1,     16.73675751 
 313.2,         16.8102 
 313.3,     16.87631841 
 313.4,     16.93539076 
 313.5,     16.98768216 
 313.6,     17.03344575 
 313.7,     17.07292364 
 313.8,     17.10634749 
 313.9,      17.1339391 
   314,     17.15591092 
 314.1,      17.1724663 
 314.2,     17.18379982 
 314.3,     17.19009741 
 314.4,     17.19153645 
 314.5,     17.18828571 
 314.6,     17.18050538 
 314.7,     17.16834684 
 314.8,     17.15195254 
 314.9,     17.13145568 
   315,     17.10697996 
 315.1,     17.07863923 
 315.2,     17.04653714 
 315.3,     17.01076672 
 315.4,     16.97140991 
 315.5,     16.92853727 
 315.6,     16.88220733 
 315.7,     16.83246628 
 315.8,     16.77934747 
 315.9,     16.72287096 
   316,     16.66304304 
 316.1,     16.59985586 
 316.2,     16.53328694 
 316.3,     16.46329883 
 316.4,     16.38983863 
 316.5,      16.3128377 
 316.6,     16.23221121 
 316.7,     16.14785777 
 316.8,     16.05965907 
 316.9,     15.96747948 
   317,     15.87116559 
 317.1,     15.77054583 
 317.2,     15.66542989 
 317.3,     15.55560822 
 317.4,     15.44085123 
 317.5,     15.32090874 
 317.6,     15.19550885 
 317.7,     15.06435709 
 317.8,     14.92713501 
 317.9,     14.78349877 
   318,     14.63307743 
 318.1,     14.47547079 
 318.2,     14.31024702 
 318.3,     14.13693979 
 318.4,     13.95504481 
 318.5,      13.7640158 
 318.6,     13.56325988 
 318.7,      13.3521318 
 318.8,     13.12992729 
 318.9,     12.89587521 
   319,      12.6491281 
 319.1,     12.38875078 
 319.2,     12.11370689 
 319.3,     11.82284233 
 319.4,     11.51486551 
 319.5,     11.18832276 
 319.6,     10.84156842 
 319.7,     10.47272745 
 319.8,     10.07964888 
 319.9,      9.65984649 
   320,     9.210423622 
 320.1,     8.727975522 
 320.2,     8.208461763 
 320.3,     7.647037033 
 320.4,     7.037823315 
 320.5,     6.373598716 
 320.6,     5.645364684 
 320.7,     4.841735239 
 320.8,     3.948060664 
 320.9,     2.945158934 
   321,     1.807486154 
 321.1,    0.5006199908 
 321.2,    -1.021551409 
 321.3,    -2.816618663 
 321.4,    -4.932400019 
 321.5,    -7.278324755 
 321.6,    -9.135217179 
 321.7,    -8.961359892 
 321.8,    -6.924822674 
 321.9,    -4.550823555 
   322,    -2.437681566 
 322.1,   -0.6422545361 
 322.2,    0.8876753656 
 322.3,     2.208590419 
 322.4,     3.364972171 
 322.5,     4.389925796 
 322.6,     5.308028871 
 322.7,      6.13776289 
 322.8,     6.893262497 
 322.9,     7.585526188 
   323,     8.223252636 
 323.1,     8.813425523 
 323.2,     9.361727874 
 323.3,     9.872841236 
 323.4,     10.35066469 
 323.5,     10.79847824 
 323.6,      11.2190658 
 323.7,     11.61480986 
 323.8,     11.98776439 
 323.9,     12.33971235 
   324,     12.67221103 
 324.1,     12.98662857 
 324.2,     13.28417314 
 324.3,     13.56591708 
 324.4,      13.8328163 
 324.5,     14.08572667 
 324.6,     14.32541749 
 324.7,     14.55258271 
 324.8,      14.7678506 
 324.9,     14.97179171 
   325,     15.16492576 
 325.1,     15.34772756 
 325.2,     15.52063203 
 325.3,     15.68403854 
 325.4,     15.83831475 
 325.5,     15.98379987 
 325.6,     16.12080749 
 325.7,     16.24962818 
 325.8,     16.37053164 
 325.9,     16.48376868 
   326,     16.58957293 
 326.1,      16.6881624 
 326.2,     16.77974078 
 326.3,     16.86449871 
 326.4,     16.94261486 
 326.5,     17.01425686 
 326.6,     17.07958219 
 326.7,       17.138739 
 326.8,     17.19186671 
 326.9,     17.23909677 
   327,     17.28055315 
 327.1,     17.31635287 
 327.2,     17.34660649 
 327.3,     17.37141848 
 327.4,     17.39088769 
 327.5,     17.40510759 
 327.6,     17.41416668 
 327.7,     17.41814868 
 327.8,     17.41713286 
 327.9,     17.41119426 
   328,     17.40040382 
 328.1,     17.38482867 
 328.2,     17.36453223 
 328.3,     17.33957436 
 328.4,      17.3100115 
 328.5,     17.27589678 
 328.6,     17.23728013 
 328.7,     17.19420831 
 328.8,     17.14672503 
 328.9,     17.09487099 
   329,     17.03868387 
 329.1,      16.9781984 
 329.2,      16.9134464 
 329.3,     16.84445669 
 329.4,     16.77125514 
 329.5,     16.69386462 
 329.6,     16.61230496 
 329.7,     16.52659291 
 329.8,     16.43674204 
 329.9,     16.34276267 
   330,     16.24466181 
 330.1,     16.14244298 
 330.2,     16.03610615 
 330.3,     15.92564752 
 330.4,     15.81105949 
 330.5,      15.6923303 
 330.6,     15.56944403 
 330.7,     15.44238025 
 330.8,     15.31111384 
 330.9,     15.17561475 
   331,     15.03584768 
 331.1,     14.89177185 
 331.2,      14.7433406 
 331.3,     14.59050109 
 331.4,     14.43319396 
 331.5,     14.27135278 
 331.6,     14.10490381 
 331.7,     13.93376543 
 331.8,     13.75784758 
 331.9,     13.57705135 
   332,     13.39126827 
 332.1,     13.20037982 
 332.2,     13.00425664 
 332.3,     12.80275794 
 332.4,     12.59573067 
 332.5,     12.38300874 
 332.6,     12.16441219 
 332.7,     11.93974628 
 332.8,     11.70880067 
 332.9,     11.47134823 
   333,     11.22714437 
 333.1,     10.97592581 
 333.2,     10.71740978 
 333.3,       10.451293 
 333.4,     10.17725103 
 333.5,     9.894937567 
 333.6,     9.603984126 
 333.7,     9.304000214 
 333.8,      8.99457392 
 333.9,     8.675273584 
   334,      8.34565068 
 334.1,     8.005244157 
 334.2,     7.653587771 
 334.3,     7.290220167 
 334.4,     6.914700152 
 334.5,     6.526628055 
 334.6,       6.1256763 
 334.7,     5.711631827 
 334.8,     5.284455228 
 334.9,      4.84436182 
   335,     4.391932376 
 335.1,      3.92826193 
 335.2,     3.455156292 
 335.3,      2.97538481 
 335.4,      2.49299383 
 335.5,     2.013670677 
 335.6,     1.545125074 
 335.7,     1.097407756 
 335.8,    0.6830285114 
 335.9,    0.3166685773 
   336,   0.01426568414 
 336.1,   -0.2086531949 
 336.2,   -0.3392467539 
 336.3,   -0.3697106302 
 336.4,   -0.2989100761 
 336.5,   -0.1326338129 
 336.6,    0.1176438839 
 336.7,     0.436971622 
 336.8,     0.809297206 
 336.9,     1.219366016 
   337,     1.653876594 
 337.1,      2.10194935 
 337.2,     2.555115976 
 337.3,     3.007047117 
 337.4,     3.453180307 
 337.5,     3.890345016 
 337.6,     4.316430978 
 337.7,     4.730115778 
 337.8,     5.130650683 
 337.9,     5.517697883 
   338,     5.891208206 
 338.1,     6.251331556 
 338.2,     6.598351175 
 338.3,     6.932636528 
 338.4,      7.25460931 
 338.5,     7.564719439 
 338.6,     7.863428206 
 338.7,     8.151196391 
 338.8,     8.428476396 
 338.9,     8.695707143 
   339,     8.953310469 
 339.1,     9.201689449 
 339.2,     9.441227296 
 339.3,     9.672287141 
 339.4,     9.895212137 
 339.5,     10.11032621 
 339.6,     10.31793448 
 339.7,     10.51832425 
 339.8,     10.71176599 
 339.9,      10.8985141 
   340,     11.07880804 
 340.1,     11.25287305 
 340.2,     11.42092124 
 340.3,     11.58315233 
 340.4,     11.73975448 
 340.5,     11.89090503 
 340.6,     12.03677129 
 340.7,     12.17751114 
 340.8,     12.31327366 
 340.9,     12.44419974 
   341,     12.57042257 
 341.1,     12.69206821 
 341.2,     12.80925604 
 341.3,     12.92209912 
 341.4,     13.03070467 
 341.5,     13.13517439 
 341.6,     13.23560484 
 341.7,     13.33208768 
 341.8,      13.4247101 
 341.9,     13.51355495 
   342,     13.59870107 
 342.1,      13.6802235 
 342.2,     13.75819368 
 342.3,     13.83267972 
 342.4,     13.90374647 
 342.5,     13.97145581 
 342.6,     14.03586671 
 342.7,     14.09703548 
 342.8,     14.15501577 
 342.9,     14.20985887 
   343,     14.26161368 
 343.1,      14.3103269 
 343.2,     14.35604311 
 343.3,     14.39880487 
 343.4,     14.43865281 
 343.5,     14.47562574 
 343.6,     14.50976063 
 343.7,     14.54109282 
 343.8,       14.569656 
 343.9,     14.59548231 
   344,     14.61860238 
 344.1,     14.63904538 
 344.2,      14.6568391 
 344.3,        14.67201 
 344.4,     14.68458323 
 344.5,     14.69458273 
 344.6,     14.70203115 
 344.7,     14.70695007 
 344.8,     14.70935991 
 344.9,     14.70927998 
   345,     14.70672858 
 345.1,       14.701723 
 345.2,     14.69427952 
 345.3,      14.6844135 
 345.4,     14.67213939 
 345.5,      14.6574708 
 345.6,     14.64042045 
 345.7,      14.6210003 
 345.8,     14.59922155 
 345.9,     14.57509464 
   346,     14.54862935 
 346.1,     14.51983484 
 346.2,     14.48871961 
 346.3,     14.45529166 
 346.4,     14.41955845 
 346.5,     14.38152702 
 346.6,     14.34120397 
 346.7,     14.29859558 
 346.8,     14.25370788 
 346.9,     14.20654665 
   347,     14.15711758 
 347.1,     14.10542632 
 347.2,     14.05147857 
 347.3,     13.99528012 
 347.4,     13.93683709 
 347.5,     13.87615594 
 347.6,     13.81324368 
 347.7,     13.74810789 
 347.8,     13.68075703 
 347.9,     13.61120051 
   348,     13.53944892 
 348.1,     13.46551422 
 348.2,     13.38940999 
 348.3,     13.31115166 
 348.4,     13.23075676 
 348.5,      13.1482453 
 348.6,     13.06364003 
 348.7,      12.9769668 
 348.8,     12.88825501 
 348.9,       12.797538 
   349,     12.70485345 
 349.1,     12.61024408 
 349.2,     12.51375796 
 349.3,     12.41544926 
 349.4,     12.31537894 
 349.5,     12.21361528 
 349.6,     12.11023474 
 349.7,     12.00532276 
 349.8,     11.89897455 
 349.9,     11.79129603 
   350,     11.68240482 
 350.1,     11.57243115 
 350.2,     11.46151893 
 350.3,     11.34982684 
 350.4,     11.23752927 
 350.5,     11.12481765 
 350.6,     11.01190117 
 350.7,     10.89900809 
 350.8,     10.78638641 
 350.9,      10.6743049 
   351,     10.56305362 
 351.1,     10.45294444 
 351.2,     10.34431124 
 351.3,     10.23750987 
 351.4,     10.13291756 
 351.5,     10.03093205 
 351.6,     9.931970224 
 351.7,     9.836466029 
 351.8,     9.744868068 
 351.9,     9.657636089 
   352,     9.575237249 
 352.1,     9.498141457 
 352.2,     9.426816038 
 352.3,      9.36172007 
 352.4,     9.303297765 
 352.5,     9.251972022 
 352.6,     9.208137373 
 352.7,     9.172153174 
 352.8,     9.144336892 
 352.9,     9.124958068 
   353,      9.11423262 
 353.1,     9.112318611 
 353.2,     9.119312597 
 353.3,     9.135247779 
 353.4,     9.160092984 
 353.5,     9.193753589 
 353.6,     9.236073526 
 353.7,     9.286838599 
 353.8,     9.345781026 
 353.9,     9.412584781 
   354,     9.486891891 
 354.1,     9.568309016 
 354.2,     9.656414268 
 354.3,     9.750764296 
 354.4,     9.850900769 
 354.5,     9.956356936 
 354.6,     10.06666342 
 354.7,     10.18135351 
 354.8,     10.29996777 
 354.9,      10.4220581 
   355,     10.54719087 
 355.1,     10.67494971 
 355.2,      10.8049373 
 355.3,     10.93677703 
 355.4,     11.07011379 
 355.5,     11.20461454 
 355.6,     11.33996843 
 355.7,     11.47588651 
 355.8,     11.61210141 
 355.9,     11.74836661 
   356,     11.88445566 
 356.1,     12.02016125 
 356.2,     12.15529426 
 356.3,     12.28968261 
 356.4,     12.42317035 
 356.5,     12.55561647 
 356.6,     12.68689389 
 356.7,     12.81688845 
 356.8,     12.94549791 
 356.9,     13.07263105 
   357,     13.19820667 
 357.1,     13.32215291 
 357.2,     13.44440624 
 357.3,     13.56491096 
 357.4,     13.68361831 
 357.5,     13.80048595 
 357.6,     13.91547732 
 357.7,     14.02856112 
 357.8,     14.13971078 
 357.9,     14.24890405 
   358,     14.35612253 
 358.1,     14.46135128 
 358.2,     14.56457854 
 358.3,     14.66579535 
 358.4,     14.76499524 
 358.5,     14.86217405 
 358.6,     14.95732959 
 358.7,     15.05046152 
 358.8,     15.14157105 
 358.9,     15.23066089 
   359,     15.31773494 
 359.1,     15.40279827 
 359.2,     15.48585693 
 359.3,     15.56691787 
 359.4,     15.64598875 
 359.5,     15.72307797 
 359.6,     15.79819448 
 359.7,      15.8713478 
 359.8,     15.94254782 
 359.9,     16.01180492 
   360,      16.0791297 
