    7.4158783757203320e-02
    3.9126861331999052e-01
    9.6395734399795341e-01
    1.7961755820683234e+00
    2.8936513818737803e+00
    4.2642155396277674e+00
    5.9181415616440463e+00
    7.8686189153347339e+00
    1.0132423716815264e+01
    1.2730881463842399e+01
    1.5691278339835883e+01
    1.9048993209823557e+01
    2.2850849760829473e+01
    2.7160669327411444e+01
    3.2069122251862233e+01
    3.7712905801219648e+01
    4.4317362795831500e+01
    5.2312902457404391e+01
    6.2802423153500371e+01
