    1.6874680185111524e-01
    2.9125436200606847e-01
    2.6668610286700095e-01
    1.6600245326950550e-01
    7.4826064668792450e-02
    2.4964417309283143e-02
    6.2025508445722067e-03
    1.1449623864768963e-03
    1.5574177302781129e-04
    1.5401440865224905e-05
    1.0864863665179795e-06
    5.3301209095567001e-08
    1.7579811790505549e-09
    3.7255024025122922e-11
    4.7675292515781553e-13
    3.3728442433623818e-15
    1.1550143395004362e-17
    1.5395221405823384e-20
    5.2864427255690898e-24
    1.6564566124989944e-28
