    7.0539889691990154e-02
    3.7212681800161335e-01
    9.1658210248327776e-01
    1.7073065310283462e+00
    2.7491992553094313e+00
    4.0489253138508943e+00
    5.6151749708616254e+00
    7.4590174536710689e+00
    9.5943928695810978e+00
    1.2038802546964313e+01
    1.4814293442630735e+01
    1.7948895520519375e+01
    2.1478788240285020e+01
    2.5451702793186907e+01
    2.9932554631700601e+01
    3.5013434240479022e+01
    4.0833057056728535e+01
    4.7619994047346530e+01
    5.5810795750063896e+01
    6.6524416525615777e+01
