        0.0000000000002229
        0.0000000004399341
        0.0000001086069371
        0.0000078025564785
        0.0002283386360164
        0.0032437733422379
        0.0248105208874636
        0.1090172060200235
        0.2866755053628340
        0.4622436696006098
        0.4622436696006103
        0.2866755053628342
        0.1090172060200230
        0.0248105208874636
        0.0032437733422379
        0.0002283386360164
        0.0000078025564785
        0.0000001086069371
        0.0000000004399341
        0.0000000000002229
