    1.6142010018163924e-01
    2.8249356458299568e-01
    2.6525457551389886e-01
    1.7131939639002117e-01
    8.1126625892353157e-02
    2.8816301767769354e-02
    7.7342394261187370e-03
    1.5674813904211959e-03
    2.3842265876341563e-04
    2.6930073439686374e-05
    2.2247907936450607e-06
    1.3173344974323371e-07
    5.4439522906464810e-09
    1.5163662051980647e-10
    2.7178831180589077e-12
    2.9425193540719042e-14
    1.7590740357977041e-16
    5.0738022271720881e-19
    5.6597208703242114e-22
    1.6062609247993162e-25
    4.0441339271158504e-30
