        0.0000000000000062
        0.0000000000174434
        0.0000000059669910
        0.0000005884287563
        0.0000236551285525
        0.0004648850508843
        0.0049783993350516
        0.0311403708844238
        0.1191023609587828
        0.2869714332469070
        0.4435452264349593
        0.4435452264349596
        0.2869714332469076
        0.1191023609587827
        0.0311403708844238
        0.0049783993350516
        0.0004648850508843
        0.0000236551285525
        0.0000005884287563
        0.0000000059669910
        0.0000000000174434
        0.0000000000000062
