       -5.7092013532052750
       -4.9398341310601728
       -4.2943124805931614
       -3.7107015328778030
       -3.1652659092021351
       -2.6456374410581724
       -2.1442335927985350
       -1.6558743732864225
       -1.1767139584812449
       -0.7036860971700070
       -0.2341791399309909
        0.2341791399309905
        0.7036860971700067
        1.1767139584812440
        1.6558743732864232
        2.1442335927985354
        2.6456374410581716
        3.1652659092021360
        3.7107015328778052
        4.2943124805931587
        4.9398341310601754
        5.7092013532052714
