    6.4267628744808902e-02
    3.3896725481491369e-01
    8.3458998544917973e-01
    1.5537133867500204e+00
    2.5000062367361680e+00
    3.6784203444636292e+00
    5.0953490689687353e+00
    6.7588355158135469e+00
    8.6788533136784221e+00
    1.0867686893540569e+01
    1.3340451051495249e+01
    1.6115811338766317e+01
    1.9217003684901357e+01
    2.2673316601434589e+01
    2.6522319587637135e+01
    3.0813357944506560e+01
    3.5613335203196179e+01
    4.1016968598471699e+01
    4.7166757849153505e+01
    5.4297385256578892e+01
    6.2857096246298994e+01
    7.3995507008599503e+01
