       -5.8643094989845714
       -5.1015346104766746
       -4.4620911737400029
       -3.8844727081061023
       -3.3451271599412231
       -2.8318037871261548
       -2.3370162114744528
       -1.8556770376713707
       -1.3840395856824943
       -0.9191514654425639
       -0.4585383500681050
       -0.0000000000000001
        0.4585383500681042
        0.9191514654425638
        1.3840395856824952
        1.8556770376713700
        2.3370162114744528
        2.8318037871261557
        3.3451271599412240
        3.8844727081061010
        4.4620911737400046
        5.1015346104766763
        5.8643094989845732
