    1.4851979908204388e-01
    2.6627634222203084e-01
    2.6123706746535269e-01
    1.7991491403828563e-01
    9.2807882163987748e-02
    3.6735792594760001e-02
    1.1260589222543544e-02
    2.6775401431269850e-03
    4.9238967286655921e-04
    6.9566498942439642e-05
    7.4763615231341204e-06
    6.0306324124629606e-07
    3.5883396900215511e-08
    1.5405512400611303e-09
    4.6390775303490385e-11
    9.4469123741314280e-13
    1.2397411693143333e-14
    9.8211682680116657e-17
    4.2818468449836006e-19
    8.9432388362976548e-22
    7.1293967953175271e-25
    1.4107671088952377e-28
    2.3446147663116700e-33
