    5.9019852181508049e-02
    3.1123914619848414e-01
    7.6609690554593812e-01
    1.4255975908036125e+00
    2.2925620586321882e+00
    3.3707742642089973e+00
    4.6650837034671664e+00
    6.1815351187367664e+00
    7.9275392471721524e+00
    9.9120980150777083e+00
    1.2146102711729760e+01
    1.4642732289596673e+01
    1.7417992646508974e+01
    2.0491460082616424e+01
    2.3887329848169745e+01
    2.7635937174332728e+01
    3.1776041352374737e+01
    3.6358405801651628e+01
    4.1451720484870748e+01
    4.7153106445156332e+01
    5.3608574544695081e+01
    6.1058531447218755e+01
    6.9962240035104998e+01
    8.1498279233948907e+01
