    1.4281197333478193e-01
    2.5877410751742458e-01
    2.5880670727287042e-01
    1.8332268897777676e-01
    9.8166272629919268e-02
    4.0732478151408562e-02
    1.3226019405120226e-02
    3.3693490584783027e-03
    6.7216256409354945e-04
    1.0446121465927502e-04
    1.2544721977993321e-05
    1.1513158127372749e-06
    7.9608129591336807e-08
    4.0728589875499897e-09
    1.5070082262925664e-10
    3.9177365150584384e-12
    6.8941810529580435e-14
    7.8198003824595430e-16
    5.3501888130100629e-18
    2.0105174645554980e-20
    3.6057658645530298e-23
    2.4518188458784288e-26
    4.0883015936806532e-30
    5.5753457883283833e-35
