       -6.3095503856256920
       -5.5645249819501004
       -4.9413249572413793
       -4.3796026629833031
       -3.8562884199091476
       -3.3594271823508319
       -2.8817622195430910
       -2.4184157647737790
       -1.9658547856411364
       -1.5213615166519219
       -1.0827330110778837
       -0.6480952139934483
       -0.2157778562434636
        0.2157778562434632
        0.6480952139934493
        1.0827330110778828
        1.5213615166519205
        1.9658547856411359
        2.4184157647737816
        2.8817622195430883
        3.3594271823508315
        3.8562884199091489
        4.3796026629833040
        4.9413249572413793
        5.5645249819501013
        6.3095503856256956
