        0.0000000000000000
        0.0000000000000238
        0.0000000000146100
        0.0000000025244940
        0.0000001770106337
        0.0000061032917174
        0.0001162297016031
        0.0013190647223239
        0.0093979012911596
        0.0435982272172507
        0.1351133279117882
        0.2846322411767846
        0.4120436505903692
        0.4120436505903695
        0.2846322411767843
        0.1351133279117879
        0.0435982272172510
        0.0093979012911596
        0.0013190647223238
        0.0001162297016031
        0.0000061032917174
        0.0000001770106337
        0.0000000025244940
        0.0000000000146100
        0.0000000000000238
        0.0000000000000000
