    5.0734624849872297e-02
    2.6748726864073669e-01
    6.5813662835478748e-01
    1.2239718083849065e+00
    1.9667676124737807e+00
    2.8888833260303208e+00
    3.9933116592501108e+00
    5.2837360628434347e+00
    6.7646034042435046e+00
    8.4412163282713291e+00
    1.0319850462993266e+01
    1.2407903414460677e+01
    1.4714085164135762e+01
    1.7248663415608075e+01
    2.0023783329951701e+01
    2.3053890135030287e+01
    2.6356297374401315e+01
    2.9951966833596181e+01
    3.3866605516584485e+01
    3.8132254410194641e+01
    4.2789672370772557e+01
    4.7892071633622756e+01
    5.3511297959664276e+01
    5.9748796084641263e+01
    6.6756977283906423e+01
    7.4786778152339195e+01
    8.4317837107227049e+01
    9.6582420627527284e+01
