    1.2377884395428373e-01
    2.3227927690090119e-01
    2.4751189603647802e-01
    1.9230711313238580e-01
    1.1640536172112888e-01
    5.6345905364477353e-02
    2.2066364326258824e-02
    7.0258876355838978e-03
    1.8206078926958575e-03
    3.8334430385712201e-04
    6.5350870806943524e-05
    8.9713620534107581e-06
    9.8470122562492859e-07
    8.5640758526729213e-08
    5.8368387631383689e-09
    3.0756388778423515e-10
    1.2325909527244342e-11
    3.6821736741082969e-13
    7.9987905759688552e-15
    1.2249225003241073e-16
    1.2711242950306857e-18
    8.4885933676868898e-21
    3.4024553794255268e-23
    7.4201565888675411e-26
    7.6004132058019051e-29
    2.8739103179403606e-32
    2.5418229038893629e-36
    1.6613758780290566e-41
