       -6.5916054423677455
       -5.8570146413828539
       -5.2432853732029372
       -4.6907565239431195
       -4.1766367421292632
       -3.6891342384616821
       -3.2211120765614543
       -2.7677953529135944
       -2.3257498426564407
       -1.8923604968376848
       -1.4655372634574095
       -1.0435352737542081
       -0.6248367195052093
       -0.2080673826907368
        0.2080673826907369
        0.6248367195052090
        1.0435352737542087
        1.4655372634574089
        1.8923604968376848
        2.3257498426564429
        2.7677953529135944
        3.2211120765614565
        3.6891342384616816
        4.1766367421292685
        4.6907565239431177
        5.2432853732029354
        5.8570146413828548
        6.5916054423677419
