    4.9014489994709746e-02
    2.5840729791877309e-01
    6.3574721580067728e-01
    1.1822010556248426e+00
    1.8993664980026868e+00
    2.7893635383563007e+00
    3.8548761581952991e+00
    5.0992000886986038e+00
    6.5263028851929086e+00
    8.1408997332230300e+00
    9.9485488936348823e+00
    1.1955771944042629e+01
    1.4170205843320570e+01
    1.6600796552315661e+01
    1.9258047913130714e+01
    2.2154345434871587e+01
    2.5304383763050147e+01
    2.8725741025266430e+01
    3.2439666742324370e+01
    3.6472189713639487e+01
    4.0855722336729137e+01
    4.5631467701277828e+01
    5.0853191515990169e+01
    5.6593462896661926e+01
    6.2954728501149262e+01
    7.0090894596424121e+01
    7.8255370419410454e+01
    8.7932593642986120e+01
    1.0036749160276662e+02
