        0.0000000000000000
        0.0000000000000002
        0.0000000000001390
        0.0000000000348413
        0.0000000035203123
        0.0000001749229130
        0.0000048230734976
        0.0000799092035452
        0.0008407925061403
        0.0058455035452715
        0.0276396555920236
        0.0907688422155782
        0.2101426944492104
        0.3464189390716704
        0.4089711746352301
        0.3464189390716699
        0.2101426944492110
        0.0907688422155779
        0.0276396555920235
        0.0058455035452715
        0.0008407925061403
        0.0000799092035452
        0.0000048230734976
        0.0000001749229130
        0.0000000035203123
        0.0000000000348413
        0.0000000000001390
        0.0000000000000002
        0.0000000000000000
