    1.1978686722479019e-01
    2.2642938894472567e-01
    2.4447356535568582e-01
    1.9362026449763980e-01
    1.2020699960179621e-01
    6.0062606051822211e-02
    2.4444040022708349e-02
    8.1456248702860383e-03
    2.2258990960670297e-03
    4.9828632134451786e-04
    9.1113489992728094e-05
    1.3547034631791103e-05
    1.6278500050224014e-06
    1.5687206990177850e-07
    1.2009533101199327e-08
    7.2205280676334060e-10
    3.3624013158479100e-11
    1.1925479056622007e-12
    3.1562047238627102e-14
    6.0783312942285209e-16
    8.2542983474716894e-18
    7.5940399307101665e-20
    4.4924215049308515e-22
    1.5926368145878260e-24
    3.0640076404633240e-27
    2.7572669535984439e-30
    9.0992518504371326e-34
    6.9437307100088360e-38
    3.8222471284651045e-43
