    4.7407180540806747e-02
    2.4992391675316264e-01
    6.1483345439276849e-01
    1.1431958256661072e+00
    1.8364545546225766e+00
    2.6965218745572157e+00
    3.7258145077795093e+00
    4.9272937658498828e+00
    6.3045155909650799e+00
    7.8616932933702568e+00
    9.6037759854792597e+00
    1.1536546597956141e+01
    1.3666744693064235e+01
    1.6002221188981064e+01
    1.8552134840143150e+01
    2.1327204321783125e+01
    2.4340035764532704e+01
    2.7605554796780968e+01
    3.1141586701111237e+01
    3.4969652008249078e+01
    3.9116084949067897e+01
    4.3613652908484816e+01
    4.8503986163804200e+01
    5.3841385406507520e+01
    5.9699121859235483e+01
    6.6180617794438490e+01
    7.3441238595559852e+01
    8.1736810506727679e+01
    9.1556466522536809e+01
    1.0415752443105887e+02
