    1.1252789550372211e-01
    2.1552760818089775e-01
    2.3830825164569464e-01
    1.9538830929790027e-01
    1.2698283289306253e-01
    6.7186168923899781e-02
    2.9303224993879839e-02
    1.0597569915295634e-02
    3.1851272582386764e-03
    7.9549548307940039e-04
    1.6480052126636321e-04
    2.8229237864310514e-05
    3.9802902551008153e-06
    4.5931839841800703e-07
    4.3075545187730836e-08
    3.2551249938271098e-09
    1.9620246675410499e-10
    9.3190499086617740e-12
    3.4377541819411237e-13
    9.6795247130446022e-15
    2.0368066110115276e-16
    3.1212687280713447e-18
    3.3729581704161459e-20
    2.4672796386616738e-22
    1.1582201904525883e-24
    3.2472922591428857e-27
    4.9143017308060037e-30
    3.4500071104809865e-33
    8.7663710117160486e-37
    5.0363643921162046e-41
    1.9909984582531248e-46
