    1.0921834195238447e-01
    2.1044310793881013e-01
    2.3521322966985034e-01
    1.9590333597288270e-01
    1.2998378628607171e-01
    7.0578623865717657e-02
    3.1760912509175052e-02
    1.1918214834838596e-02
    3.7388162946115290e-03
    9.8080330661495449e-04
    2.1486491880136346e-04
    3.9203419679879266e-05
    5.9345416128686063e-06
    7.4164045786675752e-07
    7.6045678791207548e-08
    6.3506022266257874e-09
    4.2813829710409807e-10
    2.3058994918913091e-11
    9.7993792887268997e-13
    3.2378016577292425e-14
    8.1718234434205704e-16
    1.5421338333938139e-17
    2.1197922901636423e-19
    2.0544296737880322e-21
    1.3469825866374699e-23
    5.6612941303973060e-26
    1.4185605454630882e-28
    1.9133754944542673e-31
    1.1922487600982258e-34
    2.6715112192401146e-38
    1.3386169421062640e-42
    4.5105361938988903e-48
