       -7.1258139098307218
       -6.4094981492696590
       -5.8122259495159092
       -5.2755509865158734
       -4.7771645035025951
       -4.3055479533512004
       -3.8537554854714475
       -3.4171674928185700
       -2.9924908250023736
       -2.5772495377323192
       -2.1694991836061104
       -1.7676541094632019
       -1.3703764109528718
       -0.9765004635896829
       -0.5849787654359324
       -0.1948407415693993
        0.1948407415693995
        0.5849787654359323
        0.9765004635896821
        1.3703764109528720
        1.7676541094632012
        2.1694991836061130
        2.5772495377323170
        2.9924908250023741
        3.4171674928185700
        3.8537554854714440
        4.3055479533512004
        4.7771645035025951
        5.2755509865158761
        5.8122259495159074
        6.4094981492696581
        7.1258139098307236
