    4.4489365833266542e-02
    2.3452610951961642e-01
    5.7688462930187989e-01
    1.0724487538178185e+00
    1.7224087764446434e+00
    2.5283367064257951e+00
    3.4922132730219966e+00
    4.6164567697497683e+00
    5.9039585041742457e+00
    7.3581267331862446e+00
    8.9829409242125990e+00
    1.0783018632539976e+01
    1.2763697986742720e+01
    1.4931139755522553e+01
    1.7292454336715320e+01
    1.9855860940336051e+01
    2.2630889013196764e+01
    2.5628636022459247e+01
    2.8862101816323484e+01
    3.2346629153964734e+01
    3.6100494805751993e+01
    4.0145719771539447e+01
    4.4509207995754927e+01
    4.9224394987308649e+01
    5.4333721333396909e+01
    5.9892509162134004e+01
    6.5975377287935018e+01
    7.2687628090662727e+01
    8.0187446977913538e+01
    8.8735340417892388e+01
    9.8829542868283937e+01
    1.1175139809793775e+02
