       -7.2538518220151964
       -6.5416554457380771
       -5.9480711820871424
       -5.4149290026141914
       -4.9200285205950092
       -4.4519111488328296
       -4.0036716099569327
       -3.5707219802327170
       -3.1497966817038261
       -2.7384458243513552
       -2.3347511515295158
       -1.9371545818222078
       -1.5443482612431210
       -1.1552002041267897
       -0.7687013797588689
       -0.3839260145084091
        0.0000000000000002
        0.3839260145084094
        0.7687013797588682
        1.1552002041267899
        1.5443482612431216
        1.9371545818222065
        2.3347511515295167
        2.7384458243513548
        3.1497966817038243
        3.5707219802327179
        4.0036716099569327
        4.4519111488328278
        4.9200285205950074
        5.4149290026141923
        5.9480711820871432
        6.5416554457380718
        7.2538518220152017
