    1.0609774555368739e-01
    2.0558298366192493e-01
    2.3212652349606286e-01
    1.9620737276914610e-01
    1.3274485670517103e-01
    7.3851803887714548e-02
    3.4223233410864216e-02
    1.3293975180808685e-02
    4.3409430950462615e-03
    1.1922509906686957e-03
    2.7515822558239880e-04
    5.3243340992278574e-05
    8.6095713264633271e-06
    1.1583779610246978e-06
    1.2898511485652660e-07
    1.1809678698032463e-08
    8.8227664096702801e-10
    5.3296121341030640e-11
    2.5755040374832108e-12
    9.8314133225208246e-14
    2.9204149555654839e-15
    6.6307715675236700e-17
    1.1260986370499572e-18
    1.3931165712239308e-20
    1.2148100989154413e-22
    7.1615818114211593e-25
    2.7032071248811570e-27
    6.0719236128691939e-30
    7.3213421113258695e-33
    4.0613170614556330e-36
    8.0495228454520447e-40
    3.5290299036046776e-44
    1.0171665629941286e-49
