    4.3161135617328407e-02
    2.2751780280336689e-01
    5.5961665585152776e-01
    1.0402685077509946e+00
    1.6705591960757116e+00
    2.4519207958976237e+00
    3.3861553375880029e+00
    4.4754594983997693e+00
    5.7224547202720943e+00
    7.1302243444001032e+00
    8.7023592306214042e+00
    1.0443013650205973e+01
    1.2356973759350284e+01
    1.4449741681585536e+01
    1.6727639218638316e+01
    1.9197936587212453e+01
    2.1869013524928189e+01
    2.4750562906157782e+01
    2.7853851111413348e+01
    3.1192055545575123e+01
    3.4780709153538332e+01
    3.8638296717774040e+01
    4.2787072078253473e+01
    4.7254206602993250e+01
    5.2073451901514204e+01
    5.7287634541092963e+01
    6.2952565946906603e+01
    6.9143513380109923e+01
    7.5966687014247015e+01
    8.3581637223270903e+01
    9.2251139444135134e+01
    1.0247784433682335e+02
    1.1555475644899580e+02
