       -7.5040211464489381
       -6.7996094132841325
       -6.2129737476337183
       -5.6864689480904431
       -5.1980993461977558
       -4.7365184774132123
       -4.2948958144927651
       -3.8687007309691550
       -3.4547164957519936
       -3.0505384204304500
       -2.6542927811971726
       -2.2644675010425686
       -1.8798039887309170
       -1.4992244886117301
       -1.1217809907203029
       -0.7466176398798673
       -0.3729417170496172
       -0.0000000000000002
        0.3729417170496169
        0.7466176398798669
        1.1217809907203027
        1.4992244886117303
        1.8798039887309173
        2.2644675010425712
        2.6542927811971744
        3.0505384204304509
        3.4547164957519931
        3.8687007309691559
        4.2948958144927607
        4.7365184774132159
        5.1980993461977523
        5.6864689480904422
        6.2129737476337148
        6.7996094132841316
        7.5040211464489364
