    3.9613206408598278e-02
    2.0880028565434575e-01
    5.1351077553518365e-01
    9.5438115307913862e-01
    1.5322492253938216e+00
    2.2482158178544065e+00
    3.1036614904980264e+00
    4.1002625456990165e+00
    5.2400101087546780e+00
    6.5252333304676808e+00
    7.9586275089987728e+00
    9.5432880352785006e+00
    1.1282751286662645e+01
    1.3181043900248721e+01
    1.5242742266560331e+01
    1.7473044631414922e+01
    1.9877858933079963e+01
    2.2463910514391127e+01
    2.5238875257302325e+01
    2.8211545676882313e+01
    3.1392040374214911e+01
    3.4792071448003966e+01
    3.8425290764801247e+01
    4.2307745672076457e+01
    4.6458490042904842e+01
    5.0900421503323479e+01
    5.5661457914683822e+01
    6.0776240684528823e+01
    6.6288690680253865e+01
    7.2256014754456643e+01
    7.8755338162781584e+01
    8.5895481429496471e+01
    9.3839929784841416e+01
    1.0285801014711929e+02
    1.1346513548970721e+02
    1.2698801519664156e+02
