        0.0000000000000000
        0.0000000000000000
        0.0000000000000000
        0.0000000000000010
        0.0000000000002081
        0.0000000000213535
        0.0000000012178678
        0.0000000420749132
        0.0000009355570090
        0.0000139970292203
        0.0001456961596264
        0.0010825347566868
        0.0058564259865596
        0.0234257675097317
        0.0701047501051779
        0.1583554537511665
        0.2717012470095279
        0.3555400742737092
        0.3555400742737085
        0.2717012470095280
        0.1583554537511658
        0.0701047501051777
        0.0234257675097317
        0.0058564259865595
        0.0010825347566868
        0.0001456961596264
        0.0000139970292203
        0.0000009355570090
        0.0000000420749132
        0.0000000012178678
        0.0000000000213535
        0.0000000000002081
        0.0000000000000010
        0.0000000000000000
        0.0000000000000000
        0.0000000000000000
