       -7.7468822496494543
       -7.0497138557782275
       -6.4695200365240240
       -5.9491472174619648
       -5.4667903359685601
       -5.0112061385730762
       -4.5756317486673561
       -4.1555872811264774
       -3.7478982064754791
       -3.3501978949725362
       -2.9606491813032889
       -2.5777768581132721
       -2.2003609340092516
       -1.8273652487636032
       -1.4578876468742081
       -1.0911237649759329
       -0.7263396166051207
       -0.3628499050506580
       -0.0000000000000007
        0.3628499050506576
        0.7263396166051190
        1.0911237649759327
        1.4578876468742095
        1.8273652487636043
        2.2003609340092516
        2.5777768581132712
        2.9606491813032889
        3.3501978949725366
        3.7478982064754804
        4.1555872811264791
        4.5756317486673552
        5.0112061385730708
        5.4667903359685601
        5.9491472174619702
        6.4695200365240266
        7.0497138557782284
        7.7468822496494534
