        0.0000000000000000
        0.0000000000000000
        0.0000000000000000
        0.0000000000000002
        0.0000000000000490
        0.0000000000055204
        0.0000000003451906
        0.0000000130796988
        0.0000003192885481
        0.0000052521435771
        0.0000602269516527
        0.0004941715012147
        0.0029608001846029
        0.0131601799772116
        0.0439313622995394
        0.1111791651071953
        0.2147888759647839
        0.3182746797544317
        0.3627437576990832
        0.3182746797544317
        0.2147888759647841
        0.1111791651071953
        0.0439313622995391
        0.0131601799772115
        0.0029608001846029
        0.0004941715012147
        0.0000602269516527
        0.0000052521435771
        0.0000003192885481
        0.0000000130796988
        0.0000000003451906
        0.0000000000055204
        0.0000000000000490
        0.0000000000000002
        0.0000000000000000
        0.0000000000000000
        0.0000000000000000
