        0.0000000000000000
        0.0000000000000000
        0.0000000000000000
        0.0000000000000000
        0.0000000000000114
        0.0000000000014076
        0.0000000000962703
        0.0000000039906529
        0.0000001066586570
        0.0000019234656867
        0.0000242234151209
        0.0002187575953394
        0.0014463071215627
        0.0071152368261340
        0.0263805335204869
        0.0744439833682387
        0.1610879714954809
        0.2687237600289276
        0.3467841178687808
        0.3467841178687798
        0.2687237600289278
        0.1610879714954806
        0.0744439833682391
        0.0263805335204868
        0.0071152368261340
        0.0014463071215627
        0.0002187575953394
        0.0000242234151209
        0.0000019234656867
        0.0000001066586570
        0.0000000039906529
        0.0000000000962703
        0.0000000000014076
        0.0000000000000114
        0.0000000000000000
        0.0000000000000000
        0.0000000000000000
        0.0000000000000000
