    3.7555152631352201e-02
    1.9794458664738238e-01
    4.8677853794904613e-01
    9.0460535928587027e-01
    1.4521383743802601e+00
    2.1303127444946401e+00
    2.9402991064124695e+00
    3.8835158623813628e+00
    4.9616435945105000e+00
    6.1766424488475016e+00
    7.5307730487089621e+00
    9.0266215371405103e+00
    1.0667129476366352e+01
    1.2455629514164638e+01
    1.4395887967130340e+01
    1.6492155785241298e+01
    1.8749229777218414e+01
    2.1172526530207101e+01
    2.3768172206236102e+01
    2.6543112424285432e+01
    2.9505247864500507e+01
    3.2663603249513329e+01
    3.6028540262615969e+01
    3.9612029225871304e+01
    4.3428000756882298e+01
    4.7492808455383830e+01
    5.1825849211346750e+01
    5.6450413076256268e+01
    6.1394877520887782e+01
    6.6694436577558861e+01
    7.2393695757771937e+01
    7.8550740220420735e+01
    8.5243870229969929e+01
    9.2583563009234922e+01
    1.0073580738353037e+02
    1.0997410535894636e+02
    1.2082200951753447e+02
    1.3462772828753478e+02
