       -7.8657628033800373
       -7.1720339353200382
       -6.5948913272654961
       -6.0774160035375555
       -5.5978935141846797
       -5.1451293207408222
       -4.7123921320848865
       -4.2952254197496069
       -3.8904737609633426
       -3.4957874548356256
       -3.1093453117179410
       -2.7296879628883266
       -2.3556117330355062
       -1.9860977780390658
       -1.6202627556330140
       -1.2573231317007136
       -0.8965683461931362
       -0.5373398108709839
       -0.1790137232958778
        0.1790137232958771
        0.5373398108709829
        0.8965683461931361
        1.2573231317007130
        1.6202627556330129
        1.9860977780390645
        2.3556117330355097
        2.7296879628883244
        3.1093453117179410
        3.4957874548356274
        3.8904737609633426
        4.2952254197496078
        4.7123921320848883
        5.1451293207408231
        5.5978935141846780
        6.0774160035375582
        6.5948913272654970
        7.1720339353200346
        7.8657628033800426
