    9.2833803628774567e-02
    1.8420400728352621e-01
    2.1709564624049041e-01
    1.9528594697983706e-01
    1.4340920423963563e-01
    8.8371267520577362e-02
    4.6314700424636653e-02
    2.0791734058222655e-02
    8.0251034457167261e-03
    2.6677061760519605e-03
    7.6400889767506541e-04
    1.8838183694730123e-04
    3.9931308865297780e-05
    7.2605223501940224e-06
    1.1291750894181019e-06
    1.4968256251117327e-07
    1.6841675421332150e-08
    1.6006003906967486e-09
    1.2776335574569847e-10
    8.5098260028536241e-12
    4.6942014263420789e-13
    2.1260217012625912e-14
    7.8269395652223499e-16
    2.3152083403206856e-17
    5.4284048413742774e-19
    9.9290737076161885e-21
    1.3901716252668819e-22
    1.4563309480539465e-24
    1.1102704266630849e-26
    5.9515111213490194e-29
    2.1474560540817074e-31
    4.9282967993968186e-34
    6.6651559075887163e-37
    4.7712053968587138e-40
    1.5392952127855021e-43
    1.7195501911392437e-47
    4.0320929474631021e-52
    5.5800315203591340e-58
