    9.0569050052194636e-02
    1.8043580804346493e-01
    2.1420621513334140e-01
    1.9472992949106779e-01
    1.4499922361998185e-01
    9.0908191055554463e-02
    4.8643919709767953e-02
    2.2375843723617811e-02
    8.8825097797073128e-03
    3.0486191043799051e-03
    9.0511841936780427e-04
    2.3234877337334912e-04
    5.1507133788566326e-05
    9.8413506071601405e-06
    1.6166036545618783e-06
    2.2759149325498117e-07
    2.7358438359831411e-08
    2.7958394098502102e-09
    2.4167002595719465e-10
    1.7566955022031546e-11
    1.0666803102389315e-12
    5.3692093587419131e-14
    2.2207653752454289e-15
    7.4714397915603363e-17
    2.0207324212639258e-18
    4.3337267248714516e-20
    7.2520873386580120e-22
    9.2897804591568017e-24
    8.9024810216454566e-26
    6.2061835307056843e-28
    3.0400394863406366e-30
    1.0013738949252553e-32
    2.0949052412113863e-35
    2.5774941207485180e-38
    1.6738095333345395e-41
    4.8789620355536024e-45
    4.8943584509290810e-49
    1.0202390702404439e-53
    1.2295294484185674e-59
