    8.8412106190333170e-02
    1.7681473909573051e-01
    2.1136311701596119e-01
    1.9408119531860246e-01
    1.4643428242412723e-01
    9.3326798435770977e-02
    5.0932204361043773e-02
    2.3976193015684950e-02
    9.7746252467145224e-03
    3.4579399930184814e-03
    1.0622468938968547e-03
    2.8327168532432250e-04
    6.5509405003245390e-05
    1.3116069073267774e-05
    2.2684528787793346e-06
    3.3796264822006510e-07
    4.3228213222820778e-08
    4.7284937709906730e-09
    4.4031741042328468e-10
    3.4724414848037538e-11
    2.3053815449167927e-12
    1.2797725976766233e-13
    5.8941771723509826e-15
    2.2322175799046355e-16
    6.8803364842844088e-18
    1.7056037368181005e-19
    3.3537119406661667e-21
    5.1461995601365211e-23
    6.0447625115874450e-25
    5.3105847773215264e-27
    3.3925280532805806e-29
    1.5217354931814856e-31
    4.5852916145033600e-34
    8.7621586574875338e-37
    9.8274157251489490e-40
    5.8011520191699547e-43
    1.5309086846067343e-46
    1.3819863056493076e-50
    2.5666336050123860e-55
    2.7003609402170017e-61
