        0.0000000000000000
        0.0000000000000000
        0.0000000000000000
        0.0000000000000000
        0.0000000000000006
        0.0000000000000881
        0.0000000000071565
        0.0000000003525621
        0.0000000112123608
        0.0000002411144164
        0.0000036315761507
        0.0000393693398109
        0.0003138535945413
        0.0018714968295980
        0.0084608880082582
        0.0293125655361724
        0.0784746058654042
        0.1633787327132713
        0.2657282518773773
        0.3386432774255886
        0.3386432774255899
        0.2657282518773776
        0.1633787327132718
        0.0784746058654045
        0.0293125655361725
        0.0084608880082581
        0.0018714968295980
        0.0003138535945413
        0.0000393693398109
        0.0000036315761507
        0.0000002411144164
        0.0000000112123608
        0.0000000003525621
        0.0000000000071565
        0.0000000000000881
        0.0000000000000006
        0.0000000000000000
        0.0000000000000000
        0.0000000000000000
        0.0000000000000000
