       -8.0987611392508541
       -7.4115825314854611
       -6.8402373052493628
       -6.3282553512200792
       -5.8540950560304088
       -5.4066542479701267
       -4.9792609785452546
       -4.5675020728443974
       -4.1682570668325001
       -3.7792067534352225
       -3.3985582658596303
       -3.0248798839012867
       -2.6569959984428944
       -2.2939171418750814
       -1.9347914722822963
       -1.5788698949316144
       -1.2254801090462890
       -0.8740066123570884
       -0.5238747138322774
       -0.1745372145975824
        0.1745372145975820
        0.5238747138322782
        0.8740066123570877
        1.2254801090462899
        1.5788698949316122
        1.9347914722822965
        2.2939171418750814
        2.6569959984428970
        3.0248798839012854
        3.3985582658596263
        3.7792067534352225
        4.1682570668325027
        4.5675020728443974
        4.9792609785452537
        5.4066542479701276
        5.8540950560304044
        6.3282553512200801
        6.8402373052493557
        7.4115825314854584
        8.0987611392508505
