    3.5700394308883408e-02
    1.8816228315869207e-01
    4.6269428131457335e-01
    8.5977296397293190e-01
    1.3800108205273303e+00
    2.0242091359228325e+00
    2.7933693535068169e+00
    3.6887026779082674e+00
    4.7116411465549737e+00
    5.8638508783437242e+00
    7.1472479081023010e+00
    8.5640170175861687e+00
    1.0116634048451942e+01
    1.1807892294004585e+01
    1.3640933712537093e+01
    1.5619285893339068e+01
    1.7746905950095663e+01
    2.0028232834574897e+01
    2.2468249983498406e+01
    2.5072560772426215e+01
    2.7847480009168855e+01
    3.0800145739445458e+01
    3.3938657084913736e+01
    3.7272245880475992e+01
    4.0811492823886894e+01
    4.4568603175334424e+01
    4.8557763533059990e+01
    5.2795611187216970e+01
    5.7301863323393640e+01
    6.2100179072775127e+01
    6.7219370927127002e+01
    7.2695158847612447e+01
    7.8572802911571287e+01
    8.4911231135705023e+01
    9.1789874671236376e+01
    9.9320808717446823e+01
    1.0767244063938823e+02
    1.1712230951269069e+02
    1.2820184198825569e+02
    1.4228004446916000e+02
