    3.4840064125239344e-02
    1.8362508701664493e-01
    4.5152505890551781e-01
    8.3898561090793611e-01
    1.3465759433078630e+00
    1.9750399593501620e+00
    2.7253067120731003e+00
    3.5984989447979436e+00
    4.5959428494954278e+00
    5.7191796998346689e+00
    6.9699797131065866e+00
    8.3503584847076002e+00
    9.8625963957096552e+00
    1.1509261481920811e+01
    1.3293236368102461e+01
    1.5217750018641356e+01
    1.7286415245392345e+01
    1.9503273158378235e+01
    2.1872846064999003e+01
    2.4400200745895859e+01
    2.7091024600043564e+01
    2.9951717915215340e+01
    3.2989506567035328e+01
    3.6212580906969961e+01
    3.9630268660325761e+01
    4.3253252621717827e+01
    4.7093848290141167e+01
    5.1166363119549573e+01
    5.5487569107236446e+01
    6.0077336323317205e+01
    6.4959500893677600e+01
    7.0163084782414742e+01
    7.5724062085620872e+01
    8.1688010100019298e+01
    8.8114266280378672e+01
    9.5082812148282216e+01
    1.0270650166143918e+02
    1.1115492195872497e+02
    1.2070758256104155e+02
    1.3189975436227684e+02
    1.4611059744790359e+02
