    8.6355457019474363e-02
    1.7333264559290143e-01
    2.0856810393810121e-01
    1.9335043020741896e-01
    1.4772439433377754e-01
    9.5629739495862870e-02
    5.3176120273959133e-02
    2.5588234242358746e-02
    1.0698917660935980e-02
    3.8952384980019076e-03
    1.2358867321078030e-03
    3.4168442854353267e-04
    8.2245180205396974e-05
    1.7211063999583700e-05
    3.1250322471539613e-06
    4.9109498448310330e-07
    6.6593957582696487e-08
    7.7647953893568471e-09
    7.7531616961496559e-10
    6.5985613200025381e-11
    4.7612627552255829e-12
    2.8950494277635198e-13
    1.4731326575631470e-14
    6.2236729505434373e-16
    2.1634252311100722e-17
    6.1236667938487588e-19
    1.3945573811138853e-20
    2.5196591386393227e-22
    3.5530244291389152e-24
    3.8348925676436332e-26
    3.0950289934154077e-28
    1.8154561559622808e-30
    7.4716993764369385e-33
    2.0634897669131493e-35
    3.6087617454483506e-38
    3.6966891223872985e-41
    1.9874119878764837e-44
    4.7575203180344172e-48
    3.8724862014470204e-52
    6.4213171358476725e-57
    5.9121518360542370e-63
