        0.0000000000000000
        0.0000000000000000
        0.0000000000000000
        0.0000000000000000
        0.0000000000000001
        0.0000000000000216
        0.0000000000019104
        0.0000000001022680
        0.0000000035356816
        0.0000000827265842
        0.0000013573781405
        0.0000160559657367
        0.0001399302565967
        0.0009142342563287
        0.0045403929873032
        0.0173308813621168
        0.0512898723970948
        0.1184843912468443
        0.2147308644900843
        0.3063678169378506
        0.3448220836163901
        0.3063678169378524
        0.2147308644900844
        0.1184843912468439
        0.0512898723970946
        0.0173308813621168
        0.0045403929873032
        0.0009142342563287
        0.0001399302565967
        0.0000160559657367
        0.0000013573781405
        0.0000000827265842
        0.0000000035356816
        0.0000000001022680
        0.0000000000019104
        0.0000000000000216
        0.0000000000000001
        0.0000000000000000
        0.0000000000000000
        0.0000000000000000
        0.0000000000000000
