    3.4020225498336686e-02
    1.7930162178266779e-01
    4.4088281003088442e-01
    8.1918127183638345e-01
    1.3147269358128391e+00
    1.9282116996531484e+00
    2.6604990777125761e+00
    3.5126318259829037e+00
    4.4858405734692468e+00
    5.5815540731767426e+00
    6.8014113824983236e+00
    8.1472762626322464e+00
    9.6212541296038516e+00
    1.1225711959160549e+01
    1.2963301639441175e+01
    1.4836987382033087e+01
    1.6850077950596130e+01
    1.9006264656644735e+01
    2.1309666318361856e+01
    2.3764882700099811e+01
    2.6377058375240100e+01
    2.9151959523015140e+01
    3.2096066938338211e+01
    3.5216689587574969e+01
    3.8522104509954779e+01
    4.2021730938809114e+01
    4.5726349503232967e+01
    4.9648381755040084e+01
    5.3802251844392956e+01
    5.8204862283117663e+01
    6.2876231725859746e+01
    6.7840368789112148e+01
    7.3126500069614409e+01
    7.8770848436160648e+01
    8.4819302241504928e+01
    9.1331600976616272e+01
    9.8388267163326773e+01
    1.0610292086754735e+02
    1.1464631047230912e+02
    1.2429988563509788e+02
    1.3560270289446868e+02
    1.4994392097363854e+02
