    8.4392269738178080e-02
    1.6998193452686308e-01
    2.0582242225647707e-01
    1.9254722860052098e-01
    1.4887901229283648e-01
    9.7819956845706102e-02
    5.5372813167091584e-02
    2.7207724460341247e-02
    1.1652824587392179e-02
    4.3599411037429370e-03
    1.4264364196966985e-03
    4.0809678646726337e-04
    1.0202925779025435e-04
    2.2263655343693978e-05
    4.2326735747385697e-06
    6.9953223223527279e-07
    1.0023043989849536e-07
    1.2411028191642485e-08
    1.3232214668275581e-09
    1.2095997682396632e-10
    9.4351375593843652e-12
    6.2457078184538756e-13
    3.4869956042499246e-14
    1.6304249212834693e-15
    6.3335833069420295e-17
    2.0254461373403761e-18
    5.2765407906442592e-20
    1.1062770925657600e-21
    1.8404928387257545e-23
    2.3898421577510304e-25
    2.3749164893418334e-27
    1.7642130362971778e-29
    9.5200295483486291e-32
    3.6016568105336785e-34
    9.1336025000019031e-37
    1.4645497824409965e-39
    1.3727035888348386e-42
    6.7335786883762310e-46
    1.4648782761160321e-49
    1.0771969647259804e-53
    1.5980240251402130e-58
    1.2905253114156518e-64
