    8.2516318111151149e-02
    1.6675553095933041e-01
    2.0312689726278196e-01
    1.9168020819782500e-01
    1.4990704193944210e-01
    9.9900613389890119e-02
    5.7519950855047741e-02
    2.8830725785878874e-02
    1.2633780187668418e-02
    4.8513478889655806e-03
    1.6342014231564099e-03
    4.8298984730167746e-04
    1.2518113242379619e-04
    2.8421356283644014e-05
    5.6439149011962703e-06
    9.7830643814064164e-07
    1.4766174199357386e-07
    1.9351261655576948e-08
    2.1945787143527629e-09
    2.1455383674959070e-10
    1.8004448436189150e-11
    1.2904641313659772e-12
    7.8562963126509546e-14
    4.0370143692949497e-15
    1.7384917446210418e-16
    6.2234384337089690e-18
    1.8348976945086254e-19
    4.4086447135456772e-21
    8.5268619493272551e-23
    1.3088212600041054e-24
    1.5679377142902903e-26
    1.4373004181963675e-28
    9.8455489832142464e-31
    4.8964047694567525e-33
    1.7058602838190581e-35
    3.9792608387283533e-38
    5.8603937598678052e-41
    5.0346761176096842e-44
    2.2573169100503980e-47
    4.4707457249288743e-51
    2.9754394884994043e-55
    3.9567217533699683e-60
    2.8089069038967234e-66
