    3.3238085424742402e-02
    1.7517712820995915e-01
    4.3073107028859003e-01
    8.0029172532678750e-01
    1.2843533107738137e+00
    1.8835604775071426e+00
    2.5987172569253931e+00
    3.4307938938215923e+00
    4.3809345066194227e+00
    5.4504661510862098e+00
    6.6409095608549702e+00
    7.9539918105216199e+00
    9.3916611791501072e+00
    1.0956104547517915e+01
    1.2649767735758418e+01
    1.4475379281021619e+01
    1.6435978272258360e+01
    1.8534947008555935e+01
    2.0776049438837919e+01
    2.3163476588354712e+01
    2.5701900501015697e+01
    2.8396538654169689e+01
    3.1253231373872321e+01
    3.4278535551968389e+01
    3.7479839026960278e+01
    4.0865501466922936e+01
    4.4445029680818813e+01
    4.8229298290725218e+01
    5.2230831110965148e+01
    5.6464165202754224e+01
    6.0946329756863612e+01
    6.5697488056502664e+01
    7.0741817040700809e+01
    7.6108743433264493e+01
    8.1834733853655294e+01
    8.7965981904811201e+01
    9.4562622103834244e+01
    1.0170570905648289e+02
    1.0950961685166409e+02
    1.1814623736034144e+02
    1.2789893127059923e+02
    1.3931048441974579e+02
    1.5377990500254637e+02
