    8.0721916657040552e-02
    1.6364683768650817e-01
    2.0048200417187770e-01
    1.9075711214018298e-01
    1.5081685936111328e-01
    1.0187503126867095e-01
    5.9615669160148453e-02
    3.0453601526711740e-02
    1.3639238157496028e-02
    5.3686489776002501e-03
    1.8593963396704347e-03
    5.6681211636487095e-04
    1.5202198109067906e-04
    3.5840969733131620e-05
    7.4175943906738606e-06
    1.3451654398253164e-06
    2.1328501793815554e-07
    2.9490632955423612e-08
    3.5451417463090938e-09
    3.6923725415892217e-10
    3.3188838105771700e-11
    2.5630778362084447e-12
    1.6921351798562509e-13
    9.4962683637370363e-15
    4.5013130617746320e-16
    1.7891730269505287e-17
    5.9146170302012149e-19
    1.6110088076301475e-20
    3.5769253394433724e-22
    6.3943184936735016e-24
    9.0722659997990639e-26
    1.0045415380510118e-27
    8.5094074042833777e-30
    5.3844240906610340e-32
    2.4721312707089985e-34
    7.9446326470628946e-37
    1.7075673006536988e-39
    2.3135847623867131e-42
    1.8248279941641753e-45
    7.4906320001859519e-49
    1.3529229150132777e-52
    8.1635880779573704e-57
    9.7491969325261113e-62
    6.0968766605972103e-68
