        0.0000000000000000
        0.0000000000000000
        0.0000000000000000
        0.0000000000000000
        0.0000000000000000
        0.0000000000000001
        0.0000000000000086
        0.0000000000006262
        0.0000000000296420
        0.0000000009518267
        0.0000000215128391
        0.0000003522519242
        0.0000042754558864
        0.0000391832954488
        0.0002752424270995
        0.0015001278829298
        0.0064070706562040
        0.0216176444337655
        0.0579927466316288
        0.1243205019289361
        0.2137748785020180
        0.2956356519666288
        0.3293184550506915
        0.2956356519666288
        0.2137748785020180
        0.1243205019289355
        0.0579927466316287
        0.0216176444337658
        0.0064070706562040
        0.0015001278829298
        0.0002752424270995
        0.0000391832954488
        0.0000042754558864
        0.0000003522519242
        0.0000000215128391
        0.0000000009518267
        0.0000000000296420
        0.0000000000006262
        0.0000000000000086
        0.0000000000000001
        0.0000000000000000
        0.0000000000000000
        0.0000000000000000
        0.0000000000000000
        0.0000000000000000
