       -8.7637264425763899
       -8.0939747412671288
       -7.5379717872258301
       -7.0404554428052215
       -6.5803464347374083
       -6.1467867545053991
       -5.7332584418499444
       -5.3354580360572257
       -4.9503508867398844
       -4.5756901345704319
       -4.2097477613269758
       -3.8511531505025522
       -3.4987906412463654
       -3.1517315196384712
       -2.8091871354772646
       -2.4704755132281448
       -2.1349968729707243
       -1.8022151950574943
       -1.4716439717320722
       -1.1428349031264309
       -0.8153686793446814
       -0.4888472358511748
       -0.1628870279552626
        0.1628870279552623
        0.4888472358511751
        0.8153686793446814
        1.1428349031264311
        1.4716439717320711
        1.8022151950574938
        2.1349968729707269
        2.4704755132281404
        2.8091871354772668
        3.1517315196384734
        3.4987906412463636
        3.8511531505025522
        4.2097477613269776
        4.5756901345704328
        4.9503508867398853
        5.3354580360572292
        5.7332584418499470
        6.1467867545053956
        6.5803464347374057
        7.0404554428052197
        7.5379717872258301
        8.0939747412671235
        8.7637264425763846
