    7.5778112923116536e-02
    1.5496745556581237e-01
    1.9285180467984336e-01
    1.8771752856936028e-01
    1.5291330305353557e-01
    1.0719544576292123e-01
    6.5581657688528222e-02
    3.5289460153554636e-02
    1.6777839460229454e-02
    7.0664977309840178e-03
    2.6404157177841790e-03
    8.7578905326661711e-04
    2.5785499167889315e-04
    6.7356095355609690e-05
    1.5595564013580461e-05
    3.1965905839000816e-06
    5.7906378984005830e-07
    9.2527054757441971e-08
    1.3011321109360572e-08
    1.6060013698672662e-09
    1.7348052272143445e-10
    1.6344837337434594e-11
    1.3381435438776358e-12
    9.4795752219370989e-14
    5.7835409118720181e-15
    3.0229308793923175e-16
    1.3456312316413349e-17
    5.0676249888642209e-19
    1.6025606644060823e-20
    4.2196853150177799e-22
    9.1626712425819815e-24
    1.6227906767016246e-25
    2.3147380826711304e-27
    2.6203609794375346e-29
    2.3140535943954401e-31
    1.5620862032117974e-33
    7.8663516500780786e-36
    2.8688704972814693e-38
    7.3044849561123028e-41
    1.2395332235200433e-43
    1.3198457464112836e-46
    8.1309779891135996e-50
    2.5852501740238651e-53
    3.5749235201766227e-57
    1.6234338183066543e-61
    1.4189180887580849e-66
    6.1385077754616170e-73
