    3.0438884194375140e-02
    1.6041724982934988e-01
    3.9440778995300191e-01
    7.3271952675176233e-01
    1.1757322531260483e+00
    1.7239395365736048e+00
    2.3779555903109091e+00
    3.1385198338131937e+00
    4.0065017929176738e+00
    4.9829068110197756e+00
    6.0688827507933434e+00
    7.2657278225341759e+00
    8.5748996822157242e+00
    9.9980259651721788e+00
    1.1536916453072434e+01
    1.3193577111793067e+01
    1.4970226287158916e+01
    1.6869313406535849e+01
    1.8893540610094288e+01
    2.1045887830482656e+01
    2.3329641959391267e+01
    2.5748430891795664e+01
    2.8306263434108246e+01
    3.1007576315590146e+01
    3.3857289873468375e+01
    3.6860874419895495e+01
    4.0024429884141945e+01
    4.3354782115681559e+01
    4.6859600320813200e+01
    5.0547541618755574e+01
    5.4428430843994740e+01
    5.8513486804296555e+01
    6.2815610730259905e+01
    6.7349759445468834e+01
    7.2133436234003653e+01
    7.7187348901259398e+01
    8.2536311480503642e+01
    8.8210511654054130e+01
    9.4247346489823258e+01
    1.0069417855741631e+02
    1.0761265906289715e+02
    1.1508588962682495e+02
    1.2323114946320219e+02
    1.3222474051182363e+02
    1.4235739797790515e+02
    1.5418630184947213e+02
    1.6914847234481070e+02
