       -8.9753150819316794
       -8.3107521907047719
       -7.7592955197657787
       -7.2660465541643564
       -6.8100645780741482
       -6.3805640961864052
       -5.9710722250135522
       -5.5773169812237287
       -5.1962877187923704
       -4.8257572281332122
       -4.4640145469344610
       -4.1097046035605898
       -3.7617264902283574
       -3.4191659693638865
       -3.0812489886451040
       -2.7473086248223826
       -2.4167609048732150
       -2.0890866609442762
       -1.7638175798953006
       -1.4405252201375638
       -1.1188121524021561
       -0.7983046277785619
       -0.4786463375944958
       -0.1594929358488626
        0.1594929358488625
        0.4786463375944960
        0.7983046277785610
        1.1188121524021570
        1.4405252201375638
        1.7638175798952991
        2.0890866609442758
        2.4167609048732173
        2.7473086248223808
        3.0812489886451062
        3.4191659693638852
        3.7617264902283569
        4.1097046035605889
        4.4640145469344592
        4.8257572281332122
        5.1962877187923660
        5.5773169812237251
        5.9710722250135477
        6.3805640961864061
        6.8100645780741447
        7.2660465541643564
        7.7592955197657760
        8.3107521907047772
        8.9753150819316829
