       -9.0794053951994300
       -8.4173371862679822
       -7.8680628640816668
       -7.3768593906319300
       -6.9228528349597624
       -6.4952925650076629
       -6.0877272810547609
       -5.6958999850352061
       -5.3168113741835148
       -4.9482434430048921
       -4.5884931402744833
       -4.2362125300687872
       -3.8903074057661624
       -3.5498700372120946
       -3.2141328684568573
       -2.8824356106455986
       -2.5542011939519629
       -2.2289177453859472
       -1.9061247609883620
       -1.5854022514550474
       -1.2663620236873587
       -0.9486405076102578
       -0.6318926995109619
       -0.3157869005237549
        0.0000000000000002
        0.3157869005237549
        0.6318926995109632
        0.9486405076102582
        1.2663620236873578
        1.5854022514550481
        1.9061247609883616
        2.2289177453859472
        2.5542011939519611
        2.8824356106456008
        3.2141328684568560
        3.5498700372120942
        3.8903074057661629
        4.2362125300687881
        4.5884931402744815
        4.9482434430048912
        5.3168113741835192
        5.6958999850352088
        6.0877272810547600
        6.4952925650076629
        6.9228528349597651
        7.3768593906319291
        7.8680628640816703
        8.4173371862679787
        9.0794053951994336
