    2.9208949494039793e-02
    1.5393253808221305e-01
    3.7845191143400753e-01
    7.0304396884144227e-01
    1.1280444903095921e+00
    1.6538890653988292e+00
    2.2811192334764261e+00
    3.0103862812012694e+00
    3.8424552273966674e+00
    4.7782094313820354e+00
    5.8186559764242256e+00
    6.9649319334670841e+00
    8.2183116110416154e+00
    9.5802149118588265e+00
    1.1052216938021530e+01
    1.2636059013857261e+01
    1.4333661328574417e+01
    1.6147137441534007e+01
    1.8078810942749126e+01
    2.0131234622737807e+01
    2.2307212582338781e+01
    2.4609825808892339e+01
    2.7042461866105612e+01
    2.9608849498801540e+01
    3.2313099151279637e+01
    3.5159750653922465e+01
    3.8153829667484587e+01
    4.1300914917174040e+01
    4.4607218840628782e+01
    4.8079685075367358e+01
    5.1726107311014211e+01
    5.5555275562740654e+01
    5.9577158088622092e+01
    6.3803130293042578e+01
    6.8246266539083479e+01
    7.2921717668009492e+01
    7.7847207598448179e+01
    8.3043699098598594e+01
    8.8536306111979414e+01
    9.4355576196413196e+01
    1.0053934816696115e+02
    1.0713554136224855e+02
    1.1420653122712862e+02
    1.2183639878660317e+02
    1.3014381522449520e+02
    1.3930719756334292e+02
    1.4962081975792765e+02
    1.6164877015704741e+02
    1.7684630940701575e+02
