        0.0000000000000000
        0.0000000000000000
        0.0000000000000000
        0.0000000000000000
        0.0000000000000000
        0.0000000000000000
        0.0000000000000000
        0.0000000000000031
        0.0000000000001974
        0.0000000000084575
        0.0000000002555470
        0.0000000056118429
        0.0000000917296132
        0.0000011378411997
        0.0000108818054857
        0.0000812910464532
        0.0004795208860048
        0.0022536737753388
        0.0085018075629547
        0.0259003044383428
        0.0640324962122101
        0.1289655983084886
        0.2122217192581669
        0.2859114516946644
        0.3157338900355735
        0.2859114516946652
        0.2122217192581667
        0.1289655983084884
        0.0640324962122106
        0.0259003044383429
        0.0085018075629548
        0.0022536737753388
        0.0004795208860048
        0.0000812910464532
        0.0000108818054857
        0.0000011378411997
        0.0000000917296132
        0.0000000056118429
        0.0000000002555470
        0.0000000000084575
        0.0000000000001974
        0.0000000000000031
        0.0000000000000000
        0.0000000000000000
        0.0000000000000000
        0.0000000000000000
        0.0000000000000000
        0.0000000000000000
        0.0000000000000000
