    7.1404726135181187e-02
    1.4714860696458235e-01
    1.8567162757483460e-01
    1.8438538252735853e-01
    1.5420116860635594e-01
    1.1168536990227139e-01
    7.1052885490198184e-02
    4.0020276911509466e-02
    2.0050623080072195e-02
    8.9608512036461595e-03
    3.5781124153157098e-03
    1.2776171567890665e-03
    4.0803024498371992e-04
    1.1652883223097250e-04
    2.9741704936941752e-05
    6.7778425265420681e-06
    1.3774795031713798e-06
    2.4928861817201433e-07
    4.0103543504279023e-08
    5.7233317481414774e-09
    7.2294342491826023e-10
    8.0617101422816293e-11
    7.9133930999436425e-12
    6.8157366176768382e-13
    5.1324267165895755e-14
    3.3656247624378397e-15
    1.9134763269650791e-16
    9.3855897818272961e-18
    3.9500699645033568e-19
    1.4177495178275467e-20
    4.3099702762921822e-22
    1.1012575198455674e-23
    2.3446177556089760e-25
    4.1185441546381823e-27
    5.9022467635970535e-29
    6.8120089165531078e-31
    6.2374494988121315e-33
    4.4524405796836134e-35
    2.4268623522504689e-37
    9.8529714810502233e-40
    2.8910788723186299e-42
    5.9061627081132615e-45
    8.0128745975052722e-48
    6.7895754243974327e-51
    3.3081730108492785e-54
    8.2509648764403517e-58
    8.8487281282992650e-62
    3.0648948898443696e-66
    1.9887082293308100e-71
    6.0495671522393092e-78
