    7.0056954584222259e-02
    1.4471222135534229e-01
    1.8337548555548247e-01
    1.8322996341580958e-01
    1.5447822213240456e-01
    1.1301366165041443e-01
    7.2766186831756494e-02
    4.1563755466911094e-02
    2.1161239902129789e-02
    9.6306142061106312e-03
    3.9245285739156676e-03
    1.4332705125140541e-03
    4.6925655570395299e-04
    1.3771275394964822e-04
    3.6207756917323599e-05
    8.5219566574232942e-06
    1.7935457525495423e-06
    3.3707994939348113e-07
    5.6481094688450206e-08
    8.4220249996833889e-09
    1.1152076436126366e-09
    1.3082416211998080e-10
    1.3559964344423496e-11
    1.2381756593872891e-12
    9.9273266861346451e-14
    6.9634885977771384e-15
    4.2561088494848158e-16
    2.2565536971042846e-17
    1.0326826421954626e-18
    4.0567150241398008e-20
    1.3595318985196060e-21
    3.8602328928344663e-23
    9.2146512227015299e-25
    1.8330953952060804e-26
    3.0089899337853647e-28
    4.0296332394561550e-30
    4.3457475762329215e-32
    3.7176284374998730e-34
    2.4786103404529830e-36
    1.2613448550417936e-38
    4.7785738376472699e-41
    1.3074377453160814e-43
    2.4882309117828841e-46
    3.1410461584275512e-49
    2.4725937368794944e-52
    1.1169638748195894e-55
    2.5758408601651019e-59
    2.5446877842938098e-63
    8.0749058639554870e-68
    4.7580808783195071e-73
    1.2913541462597885e-79
