    2.8074552573527943e-02
    1.4795184556109531e-01
    3.6373754710655098e-01
    6.7568109892336792e-01
    1.0840808751651072e+00
    1.5893232576400684e+00
    2.1918881835748860e+00
    2.8923523446961861e+00
    3.6913924602970325e+00
    4.5897890317525532e+00
    5.5884307097425161e+00
    6.6883193573787905e+00
    7.8905758891206448e+00
    9.1964469745159931e+00
    1.0607312710449291e+01
    1.2124695384251874e+01
    1.3750269472828670e+01
    1.5485873050574201e+01
    1.7333520812376815e+01
    1.9295418958911235e+01
    2.1373982241623125e+01
    2.3571853526836669e+01
    2.5891926315586250e+01
    2.8337370752481249e+01
    3.0911663779038161e+01
    3.3618624242380335e+01
    3.6462453969827294e+01
    3.9447786078557179e+01
    4.2579742127992141e+01
    4.5864000170122090e+01
    4.9306876351580996e+01
    5.2915423531779211e+01
    5.6697551493562905e+01
    6.0662174871447775e+01
    6.4819397113541186e+01
    6.9180741948607590e+01
    7.3759448463553113e+01
    7.8570852851753827e+01
    8.3632890590787326e+01
    8.8966769725395181e+01
    9.4597893541131057e+01
    1.0055715764197284e+02
    1.0688282895024351e+02
    1.1362336729417920e+02
    1.2084185212702724e+02
    1.2862331749962539e+02
    1.3708779008129034e+02
    1.4641574754298844e+02
    1.5690491241166603e+02
    1.6912610574123340e+02
    1.8455236250474869e+02
