    2.7539768308755572e-02
    1.4513248959391603e-01
    3.5680149044702675e-01
    6.6278396595476663e-01
    1.0633616799236389e+00
    1.5588991842971831e+00
    2.1498491120083738e+00
    2.8367551253782897e+00
    3.6202548929366838e+00
    4.5010834897742980e+00
    5.4800773444942603e+00
    6.5581788073995710e+00
    7.7364414097724969e+00
    9.0160358912464531e+00
    1.0398257084411854e+01
    1.1884531761402018e+01
    1.3476427566231097e+01
    1.5175663179613011e+01
    1.6984119890719814e+01
    1.8903854783980556e+01
    2.0937115790073960e+01
    2.3086358900673417e+01
    2.5354267908799045e+01
    2.7743777114157936e+01
    3.0258097530027534e+01
    3.2900747250970653e+01
    3.5675586796931483e+01
    3.8586860449922675e+01
    4.1639244859540810e+01
    4.4837906533821730e+01
    4.8188570281925777e+01
    5.1697601276993602e+01
    5.5372104222434913e+01
    5.9220044223198002e+01
    6.3250395520713425e+01
    6.7473326453454874e+01
    7.1900432178041854e+01
    7.6545031345656696e+01
    8.1422549922974909e+01
    8.6551026105634534e+01
    9.1951787286039661e+01
    9.7650377805189990e+01
    1.0367786321537079e+02
    1.1007271976369360e+02
    1.1688367184588363e+02
    1.2417414382751548e+02
    1.3202963698477177e+02
    1.4057084283933267e+02
    1.4997925010427926e+02
    1.6055427359382668e+02
    1.7287003832363794e+02
    1.8840830082661654e+02
