        0.0000000000000000
        0.0000000000000000
        0.0000000000000000
        0.0000000000000000
        0.0000000000000000
        0.0000000000000000
        0.0000000000000000
        0.0000000000000001
        0.0000000000000040
        0.0000000000002119
        0.0000000000078326
        0.0000000002107639
        0.0000000042306686
        0.0000000646230522
        0.0000007635568040
        0.0000070741004988
        0.0000519759980829
        0.0003057462468112
        0.0014514479978626
        0.0055977022679341
        0.0176351669657334
        0.0455901841034390
        0.0970640555728588
        0.1706718293444070
        0.2483568853742078
        0.2994940248515856
        0.2994940248515852
        0.2483568853742070
        0.1706718293444079
        0.0970640555728590
        0.0455901841034385
        0.0176351669657335
        0.0055977022679342
        0.0014514479978626
        0.0003057462468112
        0.0000519759980829
        0.0000070741004988
        0.0000007635568040
        0.0000000646230522
        0.0000000042306686
        0.0000000002107639
        0.0000000000078326
        0.0000000000002119
        0.0000000000000040
        0.0000000000000001
        0.0000000000000000
        0.0000000000000000
        0.0000000000000000
        0.0000000000000000
        0.0000000000000000
        0.0000000000000000
        0.0000000000000000
