    6.8759102985967976e-02
    1.4235409739862800e-01
    1.8112667874098098e-01
    1.8205804097181794e-01
    1.5468771976345810e-01
    1.1426338721177433e-01
    7.4424760526390701e-02
    4.3087629353495839e-02
    2.2278401114703635e-02
    1.0317550678843152e-02
    4.2873300098847170e-03
    1.6000259832791865e-03
    5.3648834042463532e-04
    1.6160672255122167e-04
    4.3716269011416089e-05
    1.0612041200198290e-05
    2.3093939701873389e-06
    4.4999071988305459e-07
    7.8392626463456710e-08
    1.2189069196673877e-08
    1.6882770422835354e-09
    2.0784623898760304e-10
    2.2688263333726367e-11
    2.1899637516405126e-12
    1.8635303370376527e-13
    1.3933076457861278e-14
    9.1193044267642216e-16
    5.2035890296953626e-17
    2.5769301448846465e-18
    1.1019907421641795e-19
    4.0467179386723064e-21
    1.2681594293472999e-22
    3.3679621475044930e-24
    7.5212229488021219e-26
    1.3999384825736645e-27
    2.1502412639679529e-29
    2.6944489294661443e-31
    2.7187302931863645e-33
    2.1756225136485772e-35
    1.3564835230430605e-37
    6.4528042498360582e-40
    2.2839078908306530e-42
    5.8337694411322211e-45
    1.0355169577810368e-47
    1.2177369795114263e-50
    8.9159579574607505e-54
    3.7386061926853668e-57
    7.9813073070629904e-61
    7.2721356278906979e-65
    2.1168378910152877e-69
    1.1342653185779266e-74
    2.7508671406148440e-81
