       -9.4852029643727249
       -8.8325166958454240
       -8.2914303867830057
       -7.8078847487004017
       -7.3612580683690414
       -6.9409309282147529
       -6.5405328108757663
       -6.1558623601311888
       -5.7839619604859509
       -5.4226470161614548
       -5.0702427937817136
       -4.7254265200961179
       -4.3871272577720744
       -4.0544595295034753
       -3.7266776654942104
       -3.4031434102599185
       -3.0833023089391367
       -2.7666660769675375
       -2.4527991478588040
       -2.1413081984302380
       -1.8318338313140428
       -1.5240438405087584
       -1.2176276482547366
       -0.9122916108899883
       -0.6077549658872971
       -0.3037462433499148
       -0.0000000000000003
        0.3037462433499154
        0.6077549658872971
        0.9122916108899887
        1.2176276482547368
        1.5240438405087582
        1.8318338313140454
        2.1413081984302376
        2.4527991478588036
        2.7666660769675406
        3.0833023089391363
        3.4031434102599154
        3.7266776654942126
        4.0544595295034744
        4.3871272577720744
        4.7254265200961107
        5.0702427937817145
        5.4226470161614539
        5.7839619604859447
        6.1558623601311906
        6.5405328108757628
        6.9409309282147529
        7.3612580683690405
        7.8078847487004008
        8.2914303867830075
        8.8325166958454133
        9.4852029643727374
