    2.7024977662647255e-02
    1.4241859695794795e-01
    3.5012514723276522e-01
    6.5037044583450654e-01
    1.0434208699409189e+00
    1.5296207622491003e+00
    2.1093974920433616e+00
    2.7832641797520630e+00
    3.5518224104031377e+00
    4.4157653197867193e+00
    5.3758811692540354e+00
    6.4330574764779378e+00
    7.5882857635337961e+00
    8.8426669891488565e+00
    1.0197417742047195e+01
    1.1653877285403423e+01
    1.3213515558364126e+01
    1.4877942259768918e+01
    1.6648917162253873e+01
    1.8528361832742583e+01
    2.0518372969090478e+01
    2.2621237603856500e+01
    2.4839450476790514e+01
    2.7175733940197659e+01
    2.9633060839227138e+01
    3.2214680906777133e+01
    3.4924151336049405e+01
    3.7765372350840586e+01
    4.0742628795350889e+01
    4.3860639026673688e+01
    4.7124612735195491e+01
    5.0540319770503771e+01
    5.4114172655468202e+01
    5.7853326290467066e+01
    6.1765799474066959e+01
    6.5860624432079547e+01
    7.0148032762213205e+01
    7.4639689391952771e+01
    7.9348990832878258e+01
    8.4291451047861059e+01
    8.9485209066403186e+01
    9.4951709592486310e+01
    1.0071663577360719e+02
    1.0681122056291505e+02
    1.1327414656190695e+02
    1.2015439915225046e+02
    1.2751574312110188e+02
    1.3544414107039856e+02
    1.4406094116567542e+02
    1.5354863086085305e+02
    1.6420829681832481e+02
    1.7661732813677335e+02
    1.9226609703890531e+02
