        0.0000000000000000
        0.0000000000000000
        0.0000000000000000
        0.0000000000000000
        0.0000000000000000
        0.0000000000000000
        0.0000000000000000
        0.0000000000000000
        0.0000000000000003
        0.0000000000000171
        0.0000000000007171
        0.0000000000219440
        0.0000000005014740
        0.0000000087334448
        0.0000001178618847
        0.0000012498100284
        0.0000105354444418
        0.0000712943472725
        0.0003905161726632
        0.0017435254219655
        0.0063820594170465
        0.0192464413705395
        0.0480103061612955
        0.0993827871604724
        0.1711465279960144
        0.2456424705042446
        0.2941990845272914
        0.2941990845272924
        0.2456424705042449
        0.1711465279960136
        0.0993827871604727
        0.0480103061612956
        0.0192464413705394
        0.0063820594170465
        0.0017435254219655
        0.0003905161726632
        0.0000712943472725
        0.0000105354444418
        0.0000012498100284
        0.0000001178618847
        0.0000000087334448
        0.0000000005014740
        0.0000000000219440
        0.0000000000007171
        0.0000000000000171
        0.0000000000000003
        0.0000000000000000
        0.0000000000000000
        0.0000000000000000
        0.0000000000000000
        0.0000000000000000
        0.0000000000000000
        0.0000000000000000
        0.0000000000000000
