       -9.5841655475234599
       -8.9336883320961959
       -8.3945256233271905
       -7.9127752978124954
       -7.4678752834836324
       -7.0492370986783834
       -6.6505091785664989
       -6.2675031293697545
       -5.8972709576411200
       -5.5376356924032990
       -5.1869289795928859
       -4.8438336345819888
       -4.5072838118199030
       -4.1763988304784920
       -3.8504376683661055
       -3.5287666814910827
       -3.2108360825282913
       -2.8961623904571461
       -2.5843150518736255
       -2.2749060375416965
       -1.9675815973920663
       -1.6620156026589967
       -1.3579040662442223
       -1.0549605418738994
       -0.7529121774748868
       -0.4514962498062427
       -0.1504570429208628
        0.1504570429208630
        0.4514962498062424
        0.7529121774748864
        1.0549605418738985
        1.3579040662442219
        1.6620156026589967
        1.9675815973920665
        2.2749060375416974
        2.5843150518736255
        2.8961623904571465
        3.2108360825282904
        3.5287666814910876
        3.8504376683661121
        4.1763988304784867
        4.5072838118199021
        4.8438336345819852
        5.1869289795928868
        5.5376356924033008
        5.8972709576411235
        6.2675031293697563
        6.6505091785664963
        7.0492370986783834
        7.4678752834836306
        7.9127752978124946
        8.3945256233271959
        8.9336883320961995
        9.5841655475234653
