    2.6529079948864085e-02
    1.3980435755709342e-01
    3.4369419115861310e-01
    6.3841381185991619e-01
    1.0242153229164179e+00
    1.5014243303714221e+00
    2.0704447927287539e+00
    2.7317615451277435e+00
    3.4859427780949916e+00
    4.3336428442903401e+00
    5.2756055029206008e+00
    6.3126676628759180e+00
    7.4457636787196035e+00
    8.6759302577822393e+00
    1.0004312044984671e+01
    1.1432167963023737e+01
    1.2960878398973303e+01
    1.4591953344437288e+01
    1.6327041615645609e+01
    1.8167941303010238e+01
    2.0116611627572290e+01
    2.2175186415654135e+01
    2.4345989444401880e+01
    2.6631551961733027e+01
    2.9034632747057895e+01
    3.1558241157394178e+01
    3.4205663701608927e+01
    3.6980494809471352e+01
    3.9886672620044642e+01
    4.2928520816660914e+01
    4.6110797798455032e+01
    4.9438754822270660e+01
    5.2918205203488306e+01
    5.6555607272574761e+01
    6.0358164607799246e+01
    6.4333948194879895e+01
    6.8492046738316162e+01
    7.2842753576364188e+01
    7.7397801859264206e+01
    8.2170664361335866e+01
    8.7176941369147897e+01
    9.2434870966087871e+01
    9.7966013236994556e+01
    1.0379618799540738e+02
    1.0995679316220900e+02
    1.1648671484682127e+02
    1.2343519597455555e+02
    1.3086633742686652e+02
    1.3886655743440434e+02
    1.4755785286646193e+02
    1.5712369800396681e+02
    1.6786683154581689e+02
    1.8036786800184680e+02
    1.9612569260663855e+02
