    6.6302465332419430e-02
    1.3785826179201222e-01
    1.7676758090079464e-01
    1.7967634134401295e-01
    1.5492229744638394e-01
    1.1654005597467558e-01
    7.7579954829947367e-02
    4.6071020956641562e-02
    2.4525140629772495e-02
    1.1738163478065743e-02
    5.0604619659887166e-03
    1.9671568275870912e-03
    6.8986031615162521e-04
    2.1826649389255359e-04
    6.2287359493187479e-05
    1.6023577640721692e-05
    3.7129349824794635e-06
    7.7415215535723817e-07
    1.4505944632006234e-07
    2.4391876226182111e-08
    3.6745324023015193e-09
    4.9499683511060967e-10
    5.9502628069395548e-11
    6.3678413236895836e-12
    6.0513468023969101e-13
    5.0919133676505905e-14
    3.7819734861743957e-15
    2.4709593131089085e-16
    1.4147208911521406e-17
    7.0682595496496619e-19
    3.0674596806322905e-20
    1.1503850230491247e-21
    3.7071053698196705e-23
    1.0200097091233783e-24
    2.3794690508746367e-26
    4.6689304804176615e-28
    7.6371992967194959e-30
    1.0309343631035572e-31
    1.1352508548374321e-33
    1.0063654887013250e-35
    7.0721634467589436e-38
    3.8697655220984065e-40
    1.6141318481058829e-42
    5.0036485720941104e-45
    1.1177023660848125e-47
    1.7317048968244468e-50
    1.7731841894211830e-53
    1.1269382637430721e-56
    4.0852737080338168e-60
    7.4996799605145490e-64
    5.8331068476112067e-68
    1.4340286197053119e-72
    6.3789870544363093e-78
    1.2409185868501809e-84
