       -9.6821899525637249
       -9.0338717801823982
       -8.4965875649075677
       -8.0165891148558348
       -7.5733727465412031
       -7.1563802343429064
       -6.7592785186840825
       -6.3778918319127680
       -6.0092815232536703
       -5.6512779962558657
       -5.3022190388457879
       -4.9607928202275602
       -4.6259383469194155
       -4.2967794840336975
       -3.9725795904787446
       -3.6527093464132991
       -3.3366233189341639
       -3.0238424864191789
       -2.7139409275561008
       -2.4065354826206531
       -2.1012775733291398
       -1.7978466126036987
       -1.4959445977962447
       -1.1952915904152341
       -0.8956218604622909
       -0.5966805254757167
       -0.2982205504927670
        0.0000000000000003
        0.2982205504927669
        0.5966805254757168
        0.8956218604622909
        1.1952915904152330
        1.4959445977962438
        1.7978466126036985
        2.1012775733291416
        2.4065354826206518
        2.7139409275560999
        3.0238424864191757
        3.3366233189341656
        3.6527093464132956
        3.9725795904787438
        4.2967794840337028
        4.6259383469194137
        4.9607928202275540
        5.3022190388457915
        5.6512779962558639
        6.0092815232536694
        6.3778918319127698
        6.7592785186840834
        7.1563802343429073
        7.5733727465412022
        8.0165891148558330
        8.4965875649075695
        9.0338717801824071
        9.6821899525637285
