    2.6051053820319980e-02
    1.3728438045986610e-01
    3.3749533109501811e-01
    6.2688927289175223e-01
    1.0057050487695567e+00
    1.4742508686536897e+00
    2.0329089657827031e+00
    2.6821379410629085e+00
    3.4224750321694275e+00
    4.2545386712103062e+00
    5.1790314351171434e+00
    6.1967434444176259e+00
    7.3085562583487045e+00
    8.5154473172541252e+00
    9.8184949901667657e+00
    1.1218884294765799e+01
    1.2717913368233251e+01
    1.4317000781085419e+01
    1.6017693802210321e+01
    1.7821677742657961e+01
    1.9730786528928494e+01
    2.1747014684513136e+01
    2.3872530932453177e+01
    2.6109693673222559e+01
    2.8461068643288549e+01
    3.0929449122843657e+01
    3.3517879139818717e+01
    3.6229680215872470e+01
    3.9068482324609903e+01
    4.2038259890908094e+01
    4.5143373863965920e+01
    4.8388621160755569e+01
    5.1779293122153170e+01
    5.5321245081100500e+01
    5.9020979753554457e+01
    6.2885747990913245e+01
    6.6923671568849912e+01
    7.1143894269752991e+01
    7.5556769754957145e+01
    8.0174097947635147e+01
    8.5009426383373750e+01
    9.0078440094978561e+01
    9.5399474534779927e+01
    1.0099420333421816e+02
    1.0688858093217868e+02
    1.1311416788974003e+02
    1.1971005109282962e+02
    1.2672572769798641e+02
    1.3422563050687785e+02
    1.4229662787250419e+02
    1.5106135768148829e+02
    1.6070426949523937e+02
    1.7152973483368149e+02
    1.8412155609437946e+02
    1.9998703188547478e+02
