        0.0000000000000000
        0.0000000000000000
        0.0000000000000000
        0.0000000000000000
        0.0000000000000000
        0.0000000000000000
        0.0000000000000000
        0.0000000000000000
        0.0000000000000001
        0.0000000000000048
        0.0000000000002130
        0.0000000000069364
        0.0000000001687999
        0.0000000031324958
        0.0000000450818820
        0.0000005102703473
        0.0000045962183144
        0.0000332749777018
        0.0001952542236945
        0.0009352643980445
        0.0036789367196008
        0.0119438962718827
        0.0321377392326199
        0.0719127833667588
        0.1341806391417695
        0.2091973655190468
        0.2729162519394267
        0.2981807295664387
        0.2729162519394262
        0.2091973655190469
        0.1341806391417689
        0.0719127833667588
        0.0321377392326199
        0.0119438962718827
        0.0036789367196008
        0.0009352643980445
        0.0001952542236945
        0.0000332749777018
        0.0000045962183144
        0.0000005102703473
        0.0000000450818820
        0.0000000031324958
        0.0000000001687999
        0.0000000000069364
        0.0000000000002130
        0.0000000000000048
        0.0000000000000001
        0.0000000000000000
        0.0000000000000000
        0.0000000000000000
        0.0000000000000000
        0.0000000000000000
        0.0000000000000000
        0.0000000000000000
        0.0000000000000000
