    2.5589950246993849e-02
    1.3485365676188510e-01
    3.3151621920490093e-01
    6.1577380109769653e-01
    9.8785290991983443e-01
    1.4480455819475542e+00
    1.9967138611873771e+00
    2.6342919819784796e+00
    3.3612884504001665e+00
    4.1782883793898602e+00
    5.0859561768572963e+00
    6.0850386377814161e+00
    7.1763684829598624e+00
    8.3608683891215509e+00
    9.6395555608876791e+00
    1.1013546902925977e+01
    1.2484064860250941e+01
    1.4052444006085278e+01
    1.5720138470312680e+01
    1.7488730317758307e+01
    1.9359939004906671e+01
    2.1335632066939599e+01
    2.3417837215087598e+01
    2.5608756058430508e+01
    2.7910779705996923e+01
    3.0326506556283611e+01
    3.2858762644742242e+01
    3.5510624998763596e+01
    3.8285448548745400e+01
    4.1186897268990762e+01
    4.4218980381589056e+01
    4.7386094661179492e+01
    5.0693074143881311e+01
    5.4145248891013715e+01
    5.7748514917624647e+01
    6.1509418010366772e+01
    6.5435254991440715e+01
    6.9534197127417755e+01
    7.3815441972220086e+01
    7.8289402184162668e+01
    8.2967943098502701e+01
    8.7864685597962080e+01
    9.2995397970706264e+01
    9.8378511439960747e+01
    1.0403581143805880e+02
    1.0999338508049414e+02
    1.1628295333877821e+02
    1.2294380125094645e+02
    1.3002567701374792e+02
    1.3759334131882642e+02
    1.4573410731496952e+02
    1.5457124645977558e+02
    1.6429017239726784e+02
    1.7519687082004248e+02
    1.8787829558388970e+02
    2.0385006192921242e+02
