    6.4015267368887713e-02
    1.3363444607730454e-01
    1.7258701783752248e-01
    1.7726077695653952e-01
    1.5493848404102353e-01
    1.1854030343956536e-01
    8.0524052833203436e-02
    4.8961064527940565e-02
    2.6777420189326148e-02
    1.3213220385879401e-02
    5.8938789017571437e-03
    2.3792634228539064e-03
    8.6974292061212674e-04
    2.8795574288020538e-04
    8.6334636762104366e-05
    2.3430940196333857e-05
    5.7525336237395810e-06
    1.2765024998191055e-06
    2.5575285432665151e-07
    4.6208010313939867e-08
    7.5178424066706484e-09
    1.0996349535322297e-09
    1.4434452913113288e-10
    1.6969894883162197e-11
    1.7828888226263014e-12
    1.6698502609791849e-13
    1.3905159272674079e-14
    1.0264617076392436e-15
    6.6953999162438462e-17
    3.8453753459710633e-18
    1.9370407302111237e-19
    8.5215028145513586e-21
    3.2585176769385824e-22
    1.0774175766713355e-23
    3.0626456251832186e-25
    7.4364593043141773e-27
    1.5313583865550546e-28
    2.6529979290843704e-30
    3.8318972898084457e-32
    4.5672408182896217e-34
    4.4399789011242296e-36
    3.4735006024327792e-38
    2.1531180501517277e-40
    1.0384835351407268e-42
    3.8146016191514863e-45
    1.0400882255792900e-47
    2.0404161348407151e-50
    2.7710014115212776e-53
    2.4810010269265535e-56
    1.3744692759253944e-59
    4.3259228864228815e-63
    6.8584804715825509e-67
    4.5737449743901819e-71
    9.5402709022156966e-76
    3.5405192017199216e-81
    5.5559991929423592e-88
