    6.2929824521680638e-02
    1.3161705454364592e-01
    1.7056130256174110e-01
    1.7604560888025556e-01
    1.5487399601172033e-01
    1.1944414170833062e-01
    8.1919088667535320e-02
    5.0368823783476097e-02
    2.7901879387830453e-02
    1.3968275180874491e-02
    6.3319219131738602e-03
    2.6021076239253807e-03
    9.7003996862897012e-04
    3.2811787451505347e-04
    1.0069510815124044e-04
    2.8026765215684402e-05
    7.0708754175619500e-06
    1.6157364020749461e-06
    3.3407580136613507e-07
    6.2430826198943981e-08
    1.0530741961192048e-08
    1.6009389215074825e-09
    2.1898724348731392e-10
    2.6901901087936984e-11
    2.9619283243989139e-12
    2.9161585979430399e-13
    2.5610273447131939e-14
    2.0007891718872208e-15
    1.3863628064058363e-16
    8.4922213484471364e-18
    4.5822422978547079e-19
    2.1693950680527794e-20
    8.9727348224690250e-22
    3.2267662734324953e-23
    1.0036488220587838e-24
    2.6843376005474858e-26
    6.1336876665019947e-28
    1.1887724105208921e-29
    1.9384480227586534e-31
    2.6353075574325662e-33
    2.9563109937731117e-35
    2.7046153157983956e-37
    1.9908462924187296e-39
    1.1608199291585652e-41
    5.2645640003159536e-44
    1.8174741636173980e-46
    4.6545575074814260e-49
    8.5699748488307549e-52
    1.0912589759453764e-54
    9.1499254413587400e-58
    4.7397221457728302e-61
    1.3920655430180833e-64
    2.0541612258291098e-68
    1.2704318657485622e-72
    2.4449189977100811e-77
    8.3021158669150309e-83
    1.1725006023533810e-89
