        0.0000000000000000
        0.0000000000000000
        0.0000000000000000
        0.0000000000000000
        0.0000000000000000
        0.0000000000000000
        0.0000000000000000
        0.0000000000000000
        0.0000000000000000
        0.0000000000000004
        0.0000000000000181
        0.0000000000006668
        0.0000000000183337
        0.0000000003848320
        0.0000000062732332
        0.0000000805600417
        0.0000008248641863
        0.0000068030638513
        0.0000455874596941
        0.0002500366845132
        0.0011295333257645
        0.0042250842236442
        0.0131447264595816
        0.0341398011284004
        0.0742476753706143
        0.1355397068732912
        0.2080703646065472
        0.2689519498071186
        0.2929494886968512
        0.2689519498071184
        0.2080703646065470
        0.1355397068732916
        0.0742476753706142
        0.0341398011284004
        0.0131447264595817
        0.0042250842236442
        0.0011295333257645
        0.0002500366845132
        0.0000455874596940
        0.0000068030638513
        0.0000008248641863
        0.0000000805600417
        0.0000000062732332
        0.0000000003848320
        0.0000000000183337
        0.0000000000006668
        0.0000000000000181
        0.0000000000000004
        0.0000000000000000
        0.0000000000000000
        0.0000000000000000
        0.0000000000000000
        0.0000000000000000
        0.0000000000000000
        0.0000000000000000
        0.0000000000000000
        0.0000000000000000
