    2.4715039139726919e-02
    1.3024164795328266e-01
    3.2017207994902741e-01
    5.9468585514924110e-01
    9.5398727483891976e-01
    1.3983392831065937e+00
    1.9280676321620454e+00
    2.5435627873298499e+00
    3.2452816886500320e+00
    4.0337497079155691e+00
    4.9095628922119898e+00
    5.8733905373632078e+00
    6.9259781254803867e+00
    8.0681506614063618e+00
    9.3008164468038164e+00
    1.0624971336296923e+01
    1.2041703527049684e+01
    1.3552198941457078e+01
    1.5157747272411433e+01
    1.6859748772163712e+01
    1.8659721879493727e+01
    2.0559311796202607e+01
    2.2560300143435622e+01
    2.4664615851778343e+01
    2.6874347467393232e+01
    2.9191757090882433e+01
    3.1619296207630452e+01
    3.4159623720106133e+01
    3.6815626556603355e+01
    3.9590443310618234e+01
    4.2487491465048670e+01
    4.5510498881762487e+01
    4.8663540398023748e+01
    5.1951080578012451e+01
    5.5378023935663101e+01
    5.8949774295819417e+01
    6.2672305424666220e+01
    6.6552245681059304e+01
    7.0596980280915389e+01
    7.4814775920435935e+01
    7.9214934110536120e+01
    8.3807981848382255e+01
    8.8605911526653841e+01
    9.3622486791082338e+01
    9.8873638277617204e+01
    1.0437798426930135e+02
    1.1015752888274415e+02
    1.1623861907406830e+02
    1.2265329030299461e+02
    1.2944121643112581e+02
    1.3665263861033773e+02
    1.4435296175494193e+02
    1.5263037329563610e+02
    1.6160939039136233e+02
    1.7147732256698674e+02
    1.8254333005020919e+02
    1.9540056444881483e+02
    2.1158099497281569e+02
