        0.0000000000000000
        0.0000000000000000
        0.0000000000000000
        0.0000000000000000
        0.0000000000000000
        0.0000000000000000
        0.0000000000000000
        0.0000000000000000
        0.0000000000000000
        0.0000000000000001
        0.0000000000000052
        0.0000000000002030
        0.0000000000059218
        0.0000000001319601
        0.0000000022850767
        0.0000000311952466
        0.0000003398474532
        0.0000029851306092
        0.0000213273394542
        0.0001248689305564
        0.0006029606131367
        0.0024143454547297
        0.0080534582747569
        0.0224653141582783
        0.0525743740893166
        0.1034872325933191
        0.1716819278931003
        0.2403980521953696
        0.2843997053142654
        0.2843997053142632
        0.2403980521953699
        0.1716819278931007
        0.1034872325933195
        0.0525743740893166
        0.0224653141582785
        0.0080534582747569
        0.0024143454547297
        0.0006029606131367
        0.0001248689305564
        0.0000213273394542
        0.0000029851306092
        0.0000003398474532
        0.0000000311952466
        0.0000000022850767
        0.0000000001319601
        0.0000000000059218
        0.0000000000002030
        0.0000000000000052
        0.0000000000000001
        0.0000000000000000
        0.0000000000000000
        0.0000000000000000
        0.0000000000000000
        0.0000000000000000
        0.0000000000000000
        0.0000000000000000
        0.0000000000000000
        0.0000000000000000
