    2.4299641676325482e-02
    1.2805197252869641e-01
    3.1478637433367329e-01
    5.8467483203217807e-01
    9.3791164041148256e-01
    1.3747466446476073e+00
    1.8954892665024621e+00
    2.5005102899883935e+00
    3.1902434865667573e+00
    3.9651874114147923e+00
    4.8259074583403674e+00
    5.7730382136609730e+00
    6.8072861398466262e+00
    7.9294326197710214e+00
    9.1403373956711444e+00
    1.0440942441734142e+01
    1.1832276315197191e+01
    1.3315459037936629e+01
    1.4891707568867409e+01
    1.6562341937291404e+01
    1.8328792118920958e+01
    2.0192605750034655e+01
    2.2155456791572298e+01
    2.4219155274535538e+01
    2.6385658281583108e+01
    2.8657082348143312e+01
    3.1035717500928548e+01
    3.3524043193983992e+01
    3.6124746454355623e+01
    3.8840742613751750e+01
    4.1675199082654238e+01
    4.4631562723789408e+01
    4.7713591508817444e+01
    5.0925391303809072e+01
    5.4271458836804371e+01
    5.7756732170026062e+01
    6.1386650351783253e+01
    6.5167224389315010e+01
    6.9105122307505937e+01
    7.3207771903061911e+01
    7.7483485963021124e+01
    8.1941616331000404e+01
    8.6592745489397672e+01
    9.1448927616790456e+01
    9.6523995913784290e+01
    1.0183396024766273e+02
    1.0739753033101965e+02
    1.1323681730850750e+02
    1.1937829545202379e+02
    1.2585415446214195e+02
    1.3270425905238517e+02
    1.3997909249650033e+02
    1.4774437628929974e+02
    1.5608872766032954e+02
    1.6513727631990719e+02
    1.7507826420656832e+02
    1.8622241291625642e+02
    1.9916592229626067e+02
    2.1544880405334743e+02
