    2.3897977262729131e-02
    1.2593471888169935e-01
    3.0957893432679634e-01
    5.7499554209280401e-01
    9.2236948211666958e-01
    1.3519383600081731e+00
    1.8639963442991976e+00
    2.4588958438224222e+00
    3.1370490097858759e+00
    3.8989293872049573e+00
    4.7450738001258523e+00
    5.6760845082468778e+00
    6.6926316627865470e+00
    7.7954560890309894e+00
    8.9853724256576388e+00
    1.0263272655037884e+01
    1.1630130063841861e+01
    1.3087003679350229e+01
    1.4635043234018337e+01
    1.6275494719209401e+01
    1.8009706598857111e+01
    1.9839136765434041e+01
    2.1765360334373540e+01
    2.3790078389494187e+01
    2.5915127811604908e+01
    2.8142492346079813e+01
    3.0474315093739509e+01
    3.2912912644080365e+01
    3.5460791112322397e+01
    3.8120664393927100e+01
    4.0895475014812938e+01
    4.3788418035940602e+01
    4.6802968571856496e+01
    4.9942913610317753e+01
    5.3212388982588315e+01
    5.6615922542697000e+01
    6.0158484884500425e+01
    6.3845549279532243e+01
    6.7683162987059617e+01
    7.1678032714447383e+01
    7.5837627854657043e+01
    8.0170306292607918e+01
    8.4685469194509309e+01
    8.9393753490252763e+01
    9.4307274066118936e+01
    9.9439932542889863e+01
    1.0480781680747751e+02
    1.1042972668651626e+02
    1.1632787889753129e+02
    1.2252887338413979e+02
    1.2906505218529819e+02
    1.3597646860411328e+02
    1.4331384526024604e+02
    1.5114321669561508e+02
    1.5955362523885105e+02
    1.6867080654892223e+02
    1.7868392501314634e+02
    1.8990524696213373e+02
    2.0293398795040059e+02
    2.1931811577379986e+02
