    5.9883611523739923e-02
    1.2591096707540281e-01
    1.6473078908209965e-01
    1.7239118732674807e-01
    1.5442926800152415e-01
    1.2180351302604803e-01
    8.5807976879846495e-02
    5.4435367226483865e-02
    3.1252789752223155e-02
    1.6290259047635536e-02
    7.7247456605091412e-03
    3.3366894943078224e-03
    1.3138658634497030e-03
    4.7178872610583193e-04
    1.5450073634605272e-04
    4.6133630291514145e-05
    1.2555541586433399e-05
    3.1126536116671835e-06
    7.0238923169229924e-07
    1.4413942338722015e-07
    2.6871155382478749e-08
    4.5453240465711348e-09
    6.9667460870539461e-10
    9.6611190516490726e-11
    1.2101372902012592e-11
    1.3666508971830974e-12
    1.3887583568740987e-13
    1.2670440927349769e-14
    1.0354183850146522e-15
    7.5590720583371889e-17
    4.9160556832368142e-18
    2.8393315957763040e-19
    1.4514379644950145e-20
    6.5427350200928131e-22
    2.5902519096832428e-23
    8.9664278435414773e-25
    2.7006780092750465e-26
    7.0398894915621228e-28
    1.5787547853763517e-29
    3.0258776894585818e-31
    4.9201673552571425e-33
    6.7316641160506879e-35
    7.6780965388276624e-37
    7.2246694240112798e-39
    5.5415003983609207e-41
    3.4176601279083378e-43
    1.6681495220378120e-45
    6.3255732716013424e-48
    1.8231396385817674e-50
    3.8906596692238798e-53
    5.9551615457693389e-56
    6.2854492261484068e-59
    4.3523952400436969e-62
    1.8533564849870201e-65
    4.4482734830374446e-69
    5.3225663149556933e-73
    2.6412067805225453e-77
    4.0165058425507346e-82
    1.0516941039201970e-87
    1.0909419486247877e-94
