      -10.1591092461800980
       -9.5209036770133224
       -8.9923980014049469
       -8.5205692841176308
       -8.0851886542490199
       -7.6758399375048860
       -7.2862765943956109
       -6.9123815321893174
       -6.5512591670629270
       -6.2007735579934424
       -5.8592901963942357
       -5.5255210861386859
       -5.1984265345762939
       -4.8771500774731527
       -4.5609737579358294
       -4.2492864359560034
       -3.9415607339261869
       -3.6373358761707348
       -3.3362046535475884
       -3.0378033382307477
       -2.7418037480696937
       -2.4479069023076883
       -2.1558378712292114
       -1.8653415312330310
       -1.5761790119750210
       -1.2881246748688937
       -1.0009634995607177
       -0.7144887816725785
       -0.4285000642206273
       -0.1428012387034393
        0.1428012387034390
        0.4285000642206281
        0.7144887816725790
        1.0009634995607182
        1.2881246748688930
        1.5761790119750207
        1.8653415312330306
        2.1558378712292123
        2.4479069023076869
        2.7418037480696928
        3.0378033382307512
        3.3362046535475876
        3.6373358761707317
        3.9415607339261820
        4.2492864359560016
        4.5609737579358347
        4.8771500774731482
        5.1984265345762966
        5.5255210861386876
        5.8592901963942374
        6.2007735579934433
        6.5512591670629217
        6.9123815321893165
        7.2862765943956145
        7.6758399375048834
        8.0851886542490199
        8.5205692841176326
        8.9923980014049540
        9.5209036770133189
       10.1591092461801030
