        0.0000000000000000
        0.0000000000000000
        0.0000000000000000
        0.0000000000000000
        0.0000000000000000
        0.0000000000000000
        0.0000000000000000
        0.0000000000000000
        0.0000000000000000
        0.0000000000000000
        0.0000000000000004
        0.0000000000000182
        0.0000000000005948
        0.0000000000148896
        0.0000000002899359
        0.0000000044568228
        0.0000000547555462
        0.0000005433516134
        0.0000043942869363
        0.0000291874190416
        0.0001602773346818
        0.0007317735569655
        0.0027913248289531
        0.0089321783603078
        0.0240612727661093
        0.0547189709321827
        0.1052987636977858
        0.1717761569188851
        0.2378689049586586
        0.2798531175228292
        0.2798531175228288
        0.2378689049586595
        0.1717761569188852
        0.1052987636977859
        0.0547189709321827
        0.0240612727661092
        0.0089321783603078
        0.0027913248289531
        0.0007317735569655
        0.0001602773346818
        0.0000291874190416
        0.0000043942869363
        0.0000005433516134
        0.0000000547555462
        0.0000000044568228
        0.0000000002899359
        0.0000000000148896
        0.0000000000005948
        0.0000000000000182
        0.0000000000000004
        0.0000000000000000
        0.0000000000000000
        0.0000000000000000
        0.0000000000000000
        0.0000000000000000
        0.0000000000000000
        0.0000000000000000
        0.0000000000000000
        0.0000000000000000
        0.0000000000000000
