      -10.2520116491961290
       -9.6157041046875591
       -9.0888424760573496
       -8.6185407332142638
       -8.1846218361099599
       -7.7766963448476272
       -7.3885339440499767
       -7.0160284848388645
       -6.6562923584988720
       -6.3071958002194277
       -5.9671093310413914
       -5.6347492296736768
       -5.3090795734924541
       -4.9892473314939991
       -4.6745377615999182
       -4.3643428074654285
       -4.0581381112767358
       -3.7554659075853749
       -3.4559220338316372
       -3.1591458858192856
       -2.8648125198053020
       -2.5726263447097191
       -2.2823160084101839
       -1.9936301908281071
       -1.7063340915790628
       -1.4202064526026665
       -1.1350369935815601
       -0.8506241647708147
       -0.5667731411702208
       -0.2832939958429380
        0.0000000000000002
        0.2832939958429389
        0.5667731411702204
        0.8506241647708146
        1.1350369935815592
        1.4202064526026650
        1.7063340915790630
        1.9936301908281078
        2.2823160084101839
        2.5726263447097173
        2.8648125198053056
        3.1591458858192838
        3.4559220338316368
        3.7554659075853798
        4.0581381112767367
        4.3643428074654249
        4.6745377615999200
        4.9892473314939956
        5.3090795734924505
        5.6347492296736741
        5.9671093310413941
        6.3071958002194215
        6.6562923584988729
        7.0160284848388716
        7.3885339440499793
        7.7766963448476236
        8.1846218361099634
        8.6185407332142621
        9.0888424760573354
        9.6157041046875573
       10.2520116491961360
