        0.0000000000000000
        0.0000000000000000
        0.0000000000000000
        0.0000000000000000
        0.0000000000000000
        0.0000000000000000
        0.0000000000000000
        0.0000000000000000
        0.0000000000000000
        0.0000000000000000
        0.0000000000000001
        0.0000000000000053
        0.0000000000001852
        0.0000000000049042
        0.0000000001011004
        0.0000000016462612
        0.0000000214400322
        0.0000002257086052
        0.0000019382734961
        0.0000136840692975
        0.0000799580976095
        0.0003889208537159
        0.0015825583090959
        0.0054099296624677
        0.0155922903126620
        0.0380026514392404
        0.0785182701583973
        0.1377946515276055
        0.2057068310539412
        0.2615033978142743
        0.2832631899597234
        0.2615033978142738
        0.2057068310539410
        0.1377946515276055
        0.0785182701583972
        0.0380026514392400
        0.0155922903126619
        0.0054099296624677
        0.0015825583090959
        0.0003889208537159
        0.0000799580976095
        0.0000136840692975
        0.0000019382734961
        0.0000002257086052
        0.0000000214400322
        0.0000000016462612
        0.0000000001011004
        0.0000000000049042
        0.0000000000001852
        0.0000000000000053
        0.0000000000000001
        0.0000000000000000
        0.0000000000000000
        0.0000000000000000
        0.0000000000000000
        0.0000000000000000
        0.0000000000000000
        0.0000000000000000
        0.0000000000000000
        0.0000000000000000
        0.0000000000000000
