      -10.3441354878068750
       -9.7096880469839455
       -9.1844365442194533
       -8.7156293586041436
       -8.2831403244454194
       -7.8766062274725073
       -7.4898126515277061
       -7.1186641563335877
       -6.7602809210235648
       -6.4125391965266170
       -6.0738143878026021
       -5.7428269099958165
       -5.4185444743952367
       -5.1001173457332394
       -4.7868338549738239
       -4.4780888809091035
       -4.1733609279699513
       -3.8721950721542884
       -3.5741900152128556
       -3.2789880784162522
       -2.9862673397528647
       -2.6957353597041740
       -2.4071241008699475
       -2.1201857552620900
       -1.8346892680544804
       -1.5504173991942518
       -1.2671642017112601
       -0.9847328224675959
       -0.7029335505504111
       -0.4215820525964279
       -0.1404977444416040
        0.1404977444416037
        0.4215820525964279
        0.7029335505504110
        0.9847328224675958
        1.2671642017112608
        1.5504173991942520
        1.8346892680544800
        2.1201857552620913
        2.4071241008699489
        2.6957353597041736
        2.9862673397528652
        3.2789880784162526
        3.5741900152128552
        3.8721950721542888
        4.1733609279699504
        4.4780888809091062
        4.7868338549738194
        5.1001173457332403
        5.4185444743952385
        5.7428269099958200
        6.0738143878026047
        6.4125391965266143
        6.7602809210235622
        7.1186641563335886
        7.4898126515277106
        7.8766062274725073
        8.2831403244454140
        8.7156293586041418
        9.1844365442194587
        9.7096880469839508
       10.3441354878068810
