    5.8011485458697679e-02
    1.2237154509162602e-01
    1.6103965973072049e-01
    1.6996134223104409e-01
    1.5395183811769472e-01
    1.2310847503531390e-01
    8.8164401241193555e-02
    5.7011586767784825e-02
    3.3456682743321989e-02
    1.7875137762796204e-02
    8.7130523898131269e-03
    3.8799771677534294e-03
    1.5797280010313858e-03
    5.8832708382079203e-04
    2.0044664949769438e-04
    6.2470994076195536e-05
    1.7804384159812526e-05
    4.6380789223820543e-06
    1.1036662545557416e-06
    2.3971143713553453e-07
    4.7478191575885308e-08
    8.5664083129204535e-09
    1.4063370465303907e-09
    2.0979466315902756e-10
    2.8397633805413155e-11
    3.4822394289211531e-12
    3.8615762340529447e-13
    3.8651981548949928e-14
    3.4848015113924100e-15
    2.8235942761189151e-16
    2.0510574129190157e-17
    1.3321250190101018e-18
    7.7133419212393235e-20
    3.9691527504736695e-21
    1.8089004459563463e-22
    7.2737841504678556e-24
    2.5700987320857522e-25
    7.9437695835730321e-27
    2.1371841069867328e-28
    4.9776944312457430e-30
    9.9762859756252293e-32
    1.7090757537703150e-33
    2.4841196119985052e-35
    3.0379798422842275e-37
    3.0969177509870080e-39
    2.6037781874243004e-41
    1.7838842456312768e-43
    9.8221256577372562e-46
    4.2772573604762202e-48
    1.4458482962703383e-50
    3.7109302675339686e-53
    7.0431264693565595e-56
    9.5724580985619364e-59
    8.9536500286234791e-62
    5.4810851502015254e-65
    2.0570430186972099e-68
    4.3343996973114592e-72
    4.5300034024305546e-76
    1.9499134545115605e-80
    2.5466385256280805e-85
    5.6363555531563663e-91
    4.7880877455220679e-98
