    5.7118633213886959e-02
    1.2067476090639614e-01
    1.5925001096581334e-01
    1.6875178327560272e-01
    1.5366641977668910e-01
    1.2368770614716651e-01
    8.9275098854847107e-02
    5.8258485446106005e-02
    3.4546657545992829e-02
    1.8675685985715382e-02
    9.2233449044093457e-03
    4.1671250684839761e-03
    1.7238120299900319e-03
    6.5320845029714610e-04
    2.2677644670909158e-04
    7.2127674154811439e-05
    2.1011261180466763e-05
    5.6035500893357542e-06
    1.3673642785604970e-06
    3.0507263930196482e-07
    6.2180061839308908e-08
    1.1566529551931887e-08
    1.9614588267565946e-09
    3.0286171195709738e-10
    4.2521344539400076e-11
    5.4202220578074545e-12
    6.2627306838596729e-13
    6.5474443156574159e-14
    6.1815575808731103e-15
    5.2592721363508422e-16
    4.0230920092646669e-17
    2.7600740511819762e-18
    1.6936946756968865e-19
    9.2689146872176866e-21
    4.5093739060366001e-22
    1.9435162876132165e-23
    7.3926270895169713e-25
    2.4714364154433516e-26
    7.2288649446741164e-28
    1.8407617292614082e-29
    4.0583498566840442e-31
    7.7000496416445417e-33
    1.2488505764999787e-34
    1.7185000226767318e-36
    1.9896372636674386e-38
    1.9199671378804893e-40
    1.5278588285523823e-42
    9.9054752688843804e-45
    5.1597523673032120e-47
    2.1249846664084730e-49
    6.7903852766856461e-52
    1.6466654148298257e-54
    2.9509065402695219e-57
    3.7838420647577467e-60
    3.3358130068545188e-63
    1.9223461022276109e-66
    6.7812696961082858e-70
    1.3404752802440264e-73
    1.3109745101805281e-77
    5.2624863881405556e-82
    6.3780013856583933e-87
    1.2997078942374333e-92
    1.0008511496969209e-99
