        0.0000000000000000
        0.0000000000000000
        0.0000000000000000
        0.0000000000000000
        0.0000000000000000
        0.0000000000000000
        0.0000000000000000
        0.0000000000000000
        0.0000000000000000
        0.0000000000000000
        0.0000000000000000
        0.0000000000000004
        0.0000000000000173
        0.0000000000005127
        0.0000000000118089
        0.0000000002150870
        0.0000000031371930
        0.0000000370416260
        0.0000003573473295
        0.0000028393114498
        0.0000187091130038
        0.0001028488080069
        0.0004741170261032
        0.0018409222622442
        0.0060436044551376
        0.0168292991996520
        0.0398582640278171
        0.0804670879942009
        0.1387195081765851
        0.2044869534689739
        0.2579988994313824
        0.2787669488492522
        0.2579988994313834
        0.2044869534689750
        0.1387195081765849
        0.0804670879942005
        0.0398582640278173
        0.0168292991996519
        0.0060436044551376
        0.0018409222622442
        0.0004741170261032
        0.0001028488080069
        0.0000187091130038
        0.0000028393114498
        0.0000003573473295
        0.0000000370416260
        0.0000000031371930
        0.0000000002150870
        0.0000000000118089
        0.0000000000005127
        0.0000000000000173
        0.0000000000000004
        0.0000000000000000
        0.0000000000000000
        0.0000000000000000
        0.0000000000000000
        0.0000000000000000
        0.0000000000000000
        0.0000000000000000
        0.0000000000000000
        0.0000000000000000
        0.0000000000000000
        0.0000000000000000
