        0.0000000000000000
        0.0000000000000000
        0.0000000000000000
        0.0000000000000000
        0.0000000000000000
        0.0000000000000000
        0.0000000000000000
        0.0000000000000000
        0.0000000000000000
        0.0000000000000000
        0.0000000000000000
        0.0000000000000001
        0.0000000000000052
        0.0000000000001628
        0.0000000000039592
        0.0000000000761522
        0.0000000011736167
        0.0000000146512532
        0.0000001495532937
        0.0000012583402510
        0.0000087884992309
        0.0000512592913579
        0.0002509836985131
        0.0010363290995076
        0.0036225869785345
        0.0107560405098791
        0.0272031289536890
        0.0587399819640998
        0.1084983493061868
        0.1716858423490837
        0.2329947860626779
        0.2713774249413040
        0.2713774249413033
        0.2329947860626788
        0.1716858423490838
        0.1084983493061871
        0.0587399819640997
        0.0272031289536889
        0.0107560405098792
        0.0036225869785345
        0.0010363290995076
        0.0002509836985131
        0.0000512592913579
        0.0000087884992309
        0.0000012583402510
        0.0000001495532937
        0.0000000146512532
        0.0000000011736167
        0.0000000000761522
        0.0000000000039592
        0.0000000000001628
        0.0000000000000052
        0.0000000000000001
        0.0000000000000000
        0.0000000000000000
        0.0000000000000000
        0.0000000000000000
        0.0000000000000000
        0.0000000000000000
        0.0000000000000000
        0.0000000000000000
        0.0000000000000000
        0.0000000000000000
        0.0000000000000000
