    2.2415874146710851e-02
    1.1812251209677803e-01
    2.9036574401800874e-01
    5.3928622122794256e-01
    8.6503700464808719e-01
    1.2678140407752481e+00
    1.7478596260594503e+00
    2.3054637393075170e+00
    2.9409651567252535e+00
    3.6547526502072838e+00
    4.4472663433130899e+00
    5.3189992544963802e+00
    6.2704990469236748e+00
    7.3023700025874101e+00
    8.4152752394830337e+00
    9.6099391927960998e+00
    1.0887150383886352e+01
    1.2247764504244314e+01
    1.3692707845547519e+01
    1.5222981111524748e+01
    1.6839663652648763e+01
    1.8543918170859218e+01
    2.0336995948730248e+01
    2.2220242665950884e+01
    2.4195104875933257e+01
    2.6263137227118481e+01
    2.8426010527501035e+01
    3.0685520767525972e+01
    3.3043599236437842e+01
    3.5502323891141195e+01
    3.8063932165646456e+01
    4.0730835444458634e+01
    4.3505635466421538e+01
    4.6391142978616188e+01
    4.9390399025624696e+01
    5.2506699341346319e+01
    5.5743622413278359e+01
    5.9105061919017103e+01
    6.2595264400151407e+01
    6.6218873251247587e+01
    6.9980980377146778e+01
    7.3887187232483043e+01
    7.7943677434463098e+01
    8.2157303778319275e+01
    8.6535693349456523e+01
    9.1087375613133176e+01
    9.5821940015520781e+01
    1.0075023196951393e+02
    1.0588459946880000e+02
    1.1123920752443952e+02
    1.1683044505130650e+02
    1.2267746026853855e+02
    1.2880287876923757e+02
    1.3523378794952592e+02
    1.4200312148993149e+02
    1.4915166590004941e+02
    1.5673107513267104e+02
    1.6480860265515057e+02
    1.7347494683642424e+02
    1.8285820469143152e+02
    1.9315113603707286e+02
    2.0467202848505940e+02
    2.1803185193532860e+02
    2.3480957917132602e+02
