                        1, 
                        1,    -1.7724538509055160273, 
                        1,    -4.1296334620568688444,     2.6597923663254876945, 
                        1,    -6.9823717817926289339,     9.7575257109807534079,    -3.4374640799815968793, 
                        1,    -10.263702871960636208,     23.074968943960201725,    -17.198024351987603488,       3.94151463200178379, 
                        1,    -13.926034686315599399,     44.391372158520225834,    -52.190818185185189195,     24.975558075504378247,    -4.0987241555804198693, 
                        1,    -17.934237796823847547,     75.485036657080353431,    -123.85741260552378006,     92.486903571683936325,    -31.435968356426109505,     3.9260629197927531751, 
                        1,    -22.261218933565529223,     118.13396034377589816,    -252.63402454335407091,     260.87346060990124544,    -137.40147322702088421,     35.345578681750542598,    -3.5038584988007537499, 
                        1,    -26.885319397934845833,     174.11603021977666097,    -464.37682684525630982,     620.08132711996812692,    -448.91292970110980283,     178.07906141549068883,    -36.215603154415750926,     2.9388996849474807568, 
                        1,    -31.788622767008843789,     245.20826778258825699,     -790.7548390520384026,     1307.8914002603983806,    -1217.9106112072075356,     661.22296115518682163,    -206.62429252097043154,     34.294077196488213194,    -2.3325138842508293565, 
                        1,                     -33.5,                       299,                   -1144.9,                      2279,                   -2615.2,                      1818,                   -775.44,                     197.2,                   -27.371,                      1.59, 
